 
  kpoint:     0.0000    0.0000    0.0000
 
    n          ϵ_nk^DFT (eV)     Σ^c_nk (eV)     Σ^x_nk (eV)     v_n^xc (eV)   ϵ_nk^G0W0 (eV)
 
    1 (occ)         -381.602          -2.268        -114.683         -72.583         -425.970
    2 (occ)         -179.910           1.360         -79.389         -50.576         -207.362
    3 (occ)          -19.933           6.109         -28.249         -18.922          -23.152
    4 (occ)           -9.376          -0.008         -18.461         -14.875          -12.969
    5 (occ)           -7.454           0.376         -18.741         -14.600          -11.219
    6 (occ)           -7.454           0.376         -18.741         -14.600          -11.219
    7 (vir)           -7.280          -1.675          -6.905         -12.002           -3.859
    8 (vir)           -1.002          -1.772          -5.545         -10.482            2.164
    9 (vir)           -1.002          -1.772          -5.545         -10.482            2.164
   10 (vir)            1.204          -0.673          -0.603          -2.617            2.545
   11 (vir)            1.732          -0.900          -1.137          -3.967            3.662
   12 (vir)            2.086          -0.720          -1.082          -3.596            3.880
   13 (vir)            2.086          -0.720          -1.082          -3.596            3.880
   14 (vir)            5.566          -1.391          -1.293          -4.819            7.701
   15 (vir)            7.105          -1.142          -1.181          -5.010            9.792
   16 (vir)            7.105          -1.142          -1.181          -5.010            9.792
   17 (vir)            7.179          -1.485          -1.842          -5.576            9.428
   18 (vir)            7.179          -1.485          -1.842          -5.576            9.428
   19 (vir)            8.094          -1.270          -1.874          -5.818           10.767
   20 (vir)           10.076          -0.985          -1.132          -5.124           13.082
   21 (vir)           10.076          -0.985          -1.132          -5.124           13.082
   22 (vir)           11.052          -1.405          -0.829          -4.604           13.422
   23 (vir)           12.432          -2.031          -1.367          -6.058           15.092
   24 (vir)           12.432          -2.031          -1.367          -6.058           15.092
   25 (vir)           14.020          -1.730          -2.282          -6.737           16.745
   26 (vir)           17.466          -3.612          -4.381         -12.277           21.750
   27 (vir)           21.328          -2.056          -2.572          -8.756           25.456
   28 (vir)           21.328          -2.056          -2.572          -8.756           25.456
   29 (vir)           24.533          -2.393          -2.873          -9.024           28.292
   30 (vir)           26.281          -1.758          -2.364          -8.832           30.992
   31 (vir)           26.281          -1.758          -2.364          -8.832           30.992
   32 (vir)           27.557          -1.097          -0.833          -6.707           32.334
   33 (vir)           27.557          -1.097          -0.833          -6.707           32.334
   34 (vir)           28.829          -1.602          -1.518          -8.360           34.068
   35 (vir)           28.829          -1.602          -1.518          -8.360           34.068
   36 (vir)           29.076          -2.672          -2.426          -9.423           33.400
   37 (vir)           29.076          -2.672          -2.426          -9.423           33.400
   38 (vir)           30.821          -0.846          -1.066          -7.167           36.076
   39 (vir)           33.003          -2.215          -2.211          -8.644           37.221
   40 (vir)           33.314          -0.185          -1.731          -8.837           40.235
   41 (vir)           33.314          -0.185          -1.731          -8.837           40.235
   42 (vir)           33.412          -0.690          -1.091          -7.508           39.139
   43 (vir)           33.412          -0.690          -1.091          -7.508           39.139
   44 (vir)           39.134          -2.478          -2.514         -10.108           44.249
   45 (vir)           41.038          -2.942          -2.084          -9.907           45.920
   46 (vir)           41.038          -2.942          -2.084          -9.907           45.920
   47 (vir)           43.547          -4.098          -3.404         -12.138           48.183
   48 (vir)           51.239          -0.894          -2.953         -12.487           59.878
   49 (vir)           51.239          -0.894          -2.953         -12.487           59.878
   50 (vir)           60.086          -1.487          -2.833         -12.593           68.360
   51 (vir)           65.065           1.002          -1.947         -11.609           75.730
   52 (vir)           65.065           1.002          -1.947         -11.609           75.730
   53 (vir)           70.022          -1.483          -3.233         -13.927           79.233
   54 (vir)           70.022          -1.483          -3.233         -13.927           79.233
   55 (vir)           70.761          -4.825          -3.603         -13.819           76.152
   56 (vir)           75.300          -2.973          -3.391         -14.622           83.558
   57 (vir)           75.300          -2.973          -3.391         -14.622           83.558
   58 (vir)           79.134          -3.608          -2.583         -13.421           86.363
   59 (vir)           79.134          -3.608          -2.583         -13.421           86.363
   60 (vir)           84.178         -10.028          -0.786          -9.706           83.070
   61 (vir)           84.178         -10.028          -0.786          -9.706           83.070
   62 (vir)           85.529          -3.895          -3.370         -14.548           92.812
   63 (vir)           87.827          -5.553          -1.433         -10.909           91.749
   64 (vir)           87.827          -5.553          -1.433         -10.909           91.749
   65 (vir)           89.240          -3.001          -0.941         -10.301           95.600
   66 (vir)           89.240          -3.001          -0.941         -10.301           95.600
   67 (vir)           94.877          -0.134          -1.074         -10.932          104.602
   68 (vir)           94.877          -0.135          -1.074         -10.933          104.601
   69 (vir)           96.612          -2.824          -1.258         -11.144          103.674
   70 (vir)           96.612          -2.824          -1.258         -11.144          103.674
   71 (vir)           96.965           1.874          -1.276         -11.523          109.085
   72 (vir)           96.966           1.873          -1.276         -11.523          109.085
   73 (vir)           97.078           0.149          -1.430         -10.793          106.589
   74 (vir)           97.617          -1.974          -1.160         -11.502          105.984
   75 (vir)           97.617          -1.974          -1.160         -11.502          105.984
   76 (vir)           99.246          -6.870          -2.467         -13.446          103.355
   77 (vir)          104.043           0.670          -5.401         -19.857          119.169
   78 (vir)          104.043           0.670          -5.401         -19.857          119.169
   79 (vir)          108.299          -4.279          -1.396         -12.210          114.835
   80 (vir)          108.299          -4.279          -1.396         -12.210          114.835
   81 (vir)          110.930           0.390          -3.566         -16.024          123.778
   82 (vir)          111.175           2.038          -1.345         -12.243          124.111
   83 (vir)          111.176           2.038          -1.345         -12.243          124.111
   84 (vir)          117.080          -2.371          -4.214         -16.746          127.241
   85 (vir)          139.970           2.288          -4.779         -19.973          157.452
   86 (vir)          148.502          -1.657          -2.466         -15.545          159.924
   87 (vir)          148.502          -1.657          -2.466         -15.545          159.924
   88 (vir)          168.251           4.349          -3.825         -16.856          185.631
   89 (vir)          183.256           2.567          -1.789         -16.020          200.055
   90 (vir)          183.256           2.567          -1.789         -16.020          200.055
   91 (vir)          188.841           4.176          -1.803         -16.212          207.427
   92 (vir)          188.841           4.176          -1.803         -16.212          207.427
   93 (vir)          203.649           4.122          -1.936         -16.865          222.700
   94 (vir)          203.649           4.122          -1.936         -16.864          222.699
   95 (vir)          205.903           2.230          -2.176         -17.422          223.379
   96 (vir)          205.903           2.230          -2.176         -17.422          223.379
   97 (vir)          208.206           5.447          -2.690         -18.245          229.209
   98 (vir)          227.188           4.664          -2.521         -19.255          248.586
   99 (vir)          227.188           4.664          -2.521         -19.255          248.586
  100 (vir)          235.795           4.206          -2.300         -18.825          256.525
  101 (vir)          235.796           4.206          -2.300         -18.824          256.525
  102 (vir)          244.553          -1.322          -3.169         -21.065          261.127
  103 (vir)          244.553          -1.338          -3.169         -21.065          261.111
  104 (vir)          244.593           5.736          -2.243         -18.863          266.949
  105 (vir)          244.593           5.736          -2.243         -18.863          266.949
  106 (vir)          245.643           3.575          -3.849         -20.985          266.355
  107 (vir)          264.522           6.253          -3.271         -21.365          288.870
  108 (vir)          268.976           2.324          -2.775         -20.440          288.964
  109 (vir)          268.976           2.324          -2.775         -20.440          288.964
  110 (vir)          292.502           2.650          -7.653         -26.507          314.006
  111 (vir)          519.318           0.746         -10.697         -37.868          547.235
  112 (vir)         1000.944           0.949         -15.633         -54.225         1040.485
  113 (vir)         2764.279           1.251         -12.171         -78.387         2831.747
  114 (vir)         5323.976           0.288         -17.750        -110.565         5417.078
