 
  kpoint:     0.0000    0.0000    0.0000
 
    n          ϵ_nk^DFT (eV)     Σ^c_nk (eV)     Σ^x_nk (eV)     v_n^xc (eV)   ϵ_nk^G0W0 (eV)
 
    1 (occ)        -1779.465          -6.207        -243.567        -152.244        -1876.996
    2 (occ)        -1779.465          -6.207        -243.567        -152.244        -1876.996
    3 (occ)         -137.371          11.570         -75.670         -47.130         -154.340
    4 (occ)         -137.369          11.604         -75.670         -47.133         -154.302
    5 (occ)          -94.099           7.425         -67.596         -47.162         -107.108
    6 (occ)          -94.086           7.308         -67.612         -47.176         -107.213
    7 (occ)          -94.086           7.308         -67.612         -47.176         -107.214
    8 (occ)          -94.084           7.302         -67.614         -47.179         -107.217
    9 (occ)          -94.084           7.302         -67.614         -47.179         -107.218
   10 (occ)          -94.082           7.377         -67.622         -47.190         -107.137
   11 (occ)          -14.041           3.765         -19.084         -12.683          -16.677
   12 (occ)          -12.423           2.937         -18.683         -12.825          -15.343
   13 (occ)           -8.883           1.162         -16.291         -11.827          -12.185
   14 (occ)           -8.882           1.162         -16.290         -11.827          -12.184
   15 (occ)           -8.241           0.953         -16.527         -12.206          -11.609
   16 (occ)           -8.240           0.953         -16.525         -12.205          -11.608
   17 (occ)           -7.286           0.261         -15.351         -12.073          -10.304
   18 (vir)           -0.631          -2.046          -4.332          -8.690            1.680
   19 (vir)           -0.631          -2.046          -4.332          -8.689            1.681
   20 (vir)           -0.453          -1.576          -3.338          -6.903            1.536
   21 (vir)           -0.233          -1.478          -2.634          -6.179            1.834
   22 (vir)            0.357          -1.601          -2.382          -6.138            2.513
   23 (vir)            0.358          -1.601          -2.381          -6.138            2.513
   24 (vir)            0.994          -1.922          -3.244          -7.421            3.249
   25 (vir)            1.593          -1.058          -1.512          -4.248            3.270
   26 (vir)            1.765          -1.008          -1.292          -4.005            3.470
   27 (vir)            1.765          -1.008          -1.292          -4.005            3.470
   28 (vir)            2.637          -1.146          -1.551          -4.478            4.418
   29 (vir)            2.637          -1.146          -1.551          -4.478            4.418
   30 (vir)            2.942          -1.646          -2.834          -6.167            4.628
   31 (vir)            3.127          -2.033          -2.506          -6.878            5.466
   32 (vir)            3.127          -2.033          -2.505          -6.877            5.466
   33 (vir)            4.898          -2.518          -2.663          -7.027            6.744
   34 (vir)            5.364          -1.451          -1.282          -4.481            7.112
   35 (vir)            5.365          -1.450          -1.282          -4.481            7.113
   36 (vir)            5.655          -1.269          -1.197          -4.190            7.379
   37 (vir)            5.655          -1.269          -1.197          -4.190            7.379
   38 (vir)            5.993          -1.568          -1.194          -4.485            7.716
   39 (vir)            6.829          -2.814          -2.391          -7.263            8.887
   40 (vir)            6.829          -2.814          -2.391          -7.263            8.886
   41 (vir)            6.978          -1.583          -2.046          -5.678            9.028
   42 (vir)            7.469          -1.911          -1.326          -4.866            9.099
   43 (vir)            8.505          -2.437          -2.267          -6.629           10.430
   44 (vir)            8.734          -2.456          -1.434          -5.692           10.535
   45 (vir)            8.735          -2.460          -1.434          -5.691           10.532
   46 (vir)            9.638          -1.852          -2.028          -6.025           11.784
   47 (vir)           11.198          -2.471          -1.449          -5.968           13.245
   48 (vir)           11.198          -2.487          -1.449          -5.967           13.229
   49 (vir)           12.352          -2.465          -1.795          -7.326           15.417
   50 (vir)           12.987          -2.843          -1.991          -6.871           15.024
   51 (vir)           13.187          -2.398          -1.793          -7.375           16.371
   52 (vir)           13.925          -3.396          -2.945          -8.714           16.298
   53 (vir)           13.926          -3.396          -2.945          -8.714           16.298
   54 (vir)           13.990          -3.274          -2.858          -8.466           16.324
   55 (vir)           13.990          -3.276          -2.858          -8.466           16.322
   56 (vir)           15.709          -2.721          -1.599          -6.540           17.928
   57 (vir)           15.710          -2.676          -1.600          -6.540           17.973
   58 (vir)           16.174          -3.031          -1.882          -7.962           19.222
   59 (vir)           16.174          -3.024          -1.882          -7.962           19.229
   60 (vir)           16.612          -2.796          -1.555          -7.247           19.509
   61 (vir)           16.890          -2.685          -1.693          -7.323           19.835
   62 (vir)           16.890          -2.631          -1.693          -7.323           19.889
   63 (vir)           16.904          -2.503          -1.661          -7.455           20.194
   64 (vir)           16.904          -2.483          -1.661          -7.455           20.215
   65 (vir)           17.006          -2.814          -2.071          -7.777           19.897
   66 (vir)           18.329          -2.632          -1.809          -7.631           21.518
   67 (vir)           18.329          -2.633          -1.809          -7.631           21.518
   68 (vir)           18.440          -3.476          -1.658          -7.067           20.373
   69 (vir)           19.488          -3.996          -2.792          -9.212           21.913
   70 (vir)           20.486          -2.409          -1.439          -6.624           23.263
   71 (vir)           20.834          -2.303          -1.437          -6.853           23.947
   72 (vir)           20.835          -1.973          -1.438          -6.854           24.278
   73 (vir)           21.107          -2.100          -0.678          -5.806           24.136
   74 (vir)           22.113          -1.903          -1.191          -7.040           26.058
   75 (vir)           22.113          -1.914          -1.191          -7.040           26.048
   76 (vir)           22.336          -2.268          -1.410          -7.174           25.832
   77 (vir)           22.862          -2.113          -1.321          -7.051           26.478
   78 (vir)           22.863          -2.100          -1.322          -7.051           26.492
   79 (vir)           24.215          -3.778          -2.448          -8.248           26.237
   80 (vir)           25.387          -1.787          -1.079          -6.597           29.118
   81 (vir)           25.387          -1.763          -1.078          -6.596           29.142
   82 (vir)           26.291          -1.821          -1.134          -6.800           30.135
   83 (vir)           26.291          -1.728          -1.134          -6.799           30.228
   84 (vir)           27.068          -1.986          -3.052          -9.480           31.511
   85 (vir)           27.091          -1.672          -1.252          -7.429           31.596
   86 (vir)           27.091          -1.669          -1.252          -7.430           31.600
   87 (vir)           27.152          -1.316          -1.560          -7.642           31.919
   88 (vir)           27.991          -1.515          -0.804          -6.563           32.235
   89 (vir)           29.168          -2.002          -1.370          -7.712           33.509
   90 (vir)           29.169          -1.999          -1.369          -7.712           33.512
   91 (vir)           29.660          -4.273          -1.519          -7.602           31.470
   92 (vir)           30.575          -2.300          -1.696          -8.312           34.891
   93 (vir)           32.623          -3.390          -2.352          -9.216           36.098
   94 (vir)           32.626          -3.231          -2.352          -9.215           36.258
   95 (vir)           32.806          -2.924          -2.636          -9.952           37.198
   96 (vir)           32.809          -2.862          -2.637          -9.954           37.264
   97 (vir)           33.128          -4.541          -1.922          -8.563           35.229
   98 (vir)           34.300          -6.233          -1.323          -7.824           34.567
   99 (vir)           34.354          -3.050          -1.716          -8.914           38.503
  100 (vir)           34.355          -2.740          -1.717          -8.916           38.815
  101 (vir)           36.004          -1.612          -1.103          -7.580           40.869
  102 (vir)           36.005          -1.455          -1.103          -7.579           41.027
  103 (vir)           37.197           0.408          -2.080          -9.024           44.550
  104 (vir)           42.020          -3.443          -2.027          -8.852           45.403
  105 (vir)           44.148          -2.187          -2.407         -11.139           50.692
  106 (vir)           44.149          -2.200          -2.404         -11.135           50.680
  107 (vir)           44.235          -2.097          -2.210         -10.769           50.696
  108 (vir)           44.235          -2.138          -2.210         -10.769           50.655
  109 (vir)           44.273          -2.487          -2.809         -11.804           50.782
  110 (vir)           44.273          -2.477          -2.805         -11.799           50.791
  111 (vir)           44.625          -1.812          -1.957         -10.705           51.560
  112 (vir)           46.411          -1.634          -1.780         -10.382           53.379
  113 (vir)           48.002          -2.350          -2.523         -11.350           54.479
  114 (vir)           48.003          -2.284          -2.523         -11.350           54.546
  115 (vir)           49.159          -1.487          -2.705         -11.335           56.303
  116 (vir)           49.162          -1.826          -2.705         -11.335           55.967
  117 (vir)           49.813          -2.284          -2.611         -11.628           56.545
  118 (vir)           50.996          -1.825          -1.658         -10.118           57.631
  119 (vir)           50.997          -1.803          -1.658         -10.118           57.654
  120 (vir)           51.492          -1.816          -1.895         -10.658           58.438
  121 (vir)           52.899          -1.743          -1.422          -9.814           59.549
  122 (vir)           52.900          -1.696          -1.422          -9.814           59.597
  123 (vir)           53.286          -2.164          -2.123         -11.111           60.110
  124 (vir)           53.612          -1.864          -1.579          -9.880           60.048
  125 (vir)           53.612          -2.274          -1.579          -9.879           59.638
  126 (vir)           54.306          -0.504          -0.976          -8.865           61.691
  127 (vir)           55.927          -1.608          -2.282         -10.699           62.737
  128 (vir)           56.148          -1.580          -1.222          -9.433           62.779
  129 (vir)           56.148          -1.578          -1.222          -9.433           62.780
  130 (vir)           56.257           1.134          -1.449         -10.050           65.991
  131 (vir)           57.417          -0.820          -1.270          -9.748           65.075
  132 (vir)           57.418          -0.818          -1.269          -9.748           65.078
  133 (vir)           57.642           1.159          -1.502         -10.055           67.355
  134 (vir)           58.880          -0.961          -1.055          -9.392           66.257
  135 (vir)           58.903          -1.447          -0.939          -8.741           65.257
  136 (vir)           59.106          -2.308          -1.851         -10.612           65.559
  137 (vir)           59.106          -3.180          -1.851         -10.612           64.687
  138 (vir)           60.542          -2.124          -1.391         -10.128           67.155
  139 (vir)           60.543          -2.127          -1.391         -10.128           67.153
  140 (vir)           61.405          -1.819          -1.120          -9.704           68.171
  141 (vir)           62.021          -1.572          -1.050          -9.228           68.627
  142 (vir)           62.021          -1.573          -1.050          -9.229           68.626
  143 (vir)           62.145          -0.841          -1.006          -9.009           69.307
  144 (vir)           62.432          -1.602          -1.438          -9.526           68.917
  145 (vir)           63.026          -1.780          -1.170          -9.323           69.399
  146 (vir)           63.027          -1.832          -1.170          -9.323           69.348
  147 (vir)           63.447          -2.107          -1.199          -9.694           69.836
  148 (vir)           63.449          -2.104          -1.199          -9.694           69.840
  149 (vir)           64.554          -0.971          -1.763         -10.521           72.340
  150 (vir)           65.558          -2.044          -1.231          -9.773           72.056
  151 (vir)           65.559          -2.028          -1.231          -9.773           72.074
  152 (vir)           66.274           2.010          -2.527         -11.865           77.622
  153 (vir)           66.611           0.789          -2.099         -11.159           76.461
  154 (vir)           67.980          -1.182          -0.894          -9.211           75.114
  155 (vir)           68.423          -2.039          -1.438         -10.170           75.115
  156 (vir)           68.425          -1.999          -1.436         -10.168           75.158
  157 (vir)           68.960          -1.637          -1.129          -9.838           76.033
  158 (vir)           68.963          -1.777          -1.128          -9.837           75.895
  159 (vir)           69.510           2.563          -2.255         -11.485           81.303
  160 (vir)           72.062          -1.705          -3.155         -12.797           79.999
  161 (vir)           72.066          -1.693          -3.156         -12.798           80.015
  162 (vir)           72.452           2.003          -2.126         -11.339           83.667
  163 (vir)           72.661          -0.993          -0.934          -9.356           80.090
  164 (vir)           72.663          -1.093          -0.933          -9.355           79.991
  165 (vir)           73.514          -1.399          -0.804          -9.161           80.473
  166 (vir)           74.179          -1.216          -3.758         -13.970           83.175
  167 (vir)           74.185          -1.062          -3.758         -13.969           83.334
  168 (vir)           74.513           1.464          -1.295         -10.029           84.711
  169 (vir)           74.641          -1.106          -1.094          -9.751           82.191
  170 (vir)           74.641          -1.424          -1.094          -9.751           81.874
  171 (vir)           77.485          -3.451          -3.750         -13.587           83.872
  172 (vir)           78.811          -1.324          -0.945          -9.614           86.157
  173 (vir)           78.812          -1.321          -0.945          -9.614           86.160
  174 (vir)           79.959          -2.109          -1.158         -10.393           87.085
  175 (vir)           79.960          -2.340          -1.158         -10.393           86.855
  176 (vir)           82.579           1.276          -0.963          -9.714           92.606
  177 (vir)           83.648          -1.159          -0.873          -9.342           90.959
  178 (vir)           83.653          -1.128          -0.873          -9.342           90.994
  179 (vir)           84.525          -1.181          -0.936          -9.641           92.049
  180 (vir)           84.529          -1.191          -0.936          -9.641           92.043
  181 (vir)           86.253           3.389          -1.064          -9.310           97.889
  182 (vir)           86.597           1.812          -1.527         -11.156           98.038
  183 (vir)           88.630          -0.780          -1.449         -10.896           97.298
  184 (vir)           88.634          -0.867          -1.450         -10.898           97.215
  185 (vir)           89.324           1.008          -1.652         -10.608           99.288
  186 (vir)           89.328           0.045          -1.652         -10.610           98.330
  187 (vir)           89.982           2.354          -1.139          -9.529          100.726
  188 (vir)           91.041           2.505          -2.150         -12.436          103.833
  189 (vir)           91.990           1.113          -1.315         -10.099          101.887
  190 (vir)           91.992           1.194          -1.316         -10.100          101.970
  191 (vir)           93.034           0.482          -1.018         -10.435          102.933
  192 (vir)           93.039           0.304          -1.019         -10.436          102.760
  193 (vir)           93.614          -0.655          -1.043         -10.624          102.541
  194 (vir)           97.906          -0.345          -0.989         -10.533          107.105
  195 (vir)           98.583           0.859          -3.632         -14.994          110.804
  196 (vir)           98.585           2.725          -3.632         -14.993          112.671
  197 (vir)           99.167           2.246          -3.325         -14.103          112.192
  198 (vir)          101.816           0.977          -3.090         -13.977          113.680
  199 (vir)          101.819           1.102          -3.090         -13.976          113.808
  200 (vir)          108.942           0.850          -4.947         -17.420          122.264
  201 (vir)          128.386           2.036          -6.207         -19.648          143.864
  202 (vir)          130.036          -0.603          -6.065         -19.220          142.587
  203 (vir)          142.722          -1.997          -7.588         -22.227          155.363
  204 (vir)          142.722          -2.013          -7.589         -22.227          155.348
  205 (vir)          143.340          -1.397          -7.237         -21.809          156.515
  206 (vir)          143.341          -1.422          -7.237         -21.809          156.490
  207 (vir)          145.677          -3.720          -6.005         -20.693          156.645
  208 (vir)          145.679          -3.685          -6.005         -20.693          156.682
  209 (vir)          149.914          -3.842          -5.431         -19.554          160.195
  210 (vir)          149.915          -5.182          -5.430         -19.553          158.856
  211 (vir)          151.153           1.057          -5.411         -19.053          165.852
  212 (vir)          151.551          -0.619          -6.606         -20.664          164.990
  213 (vir)          154.822           0.438          -0.684         -11.110          165.686
  214 (vir)          154.872           0.653          -0.682         -11.105          165.948
  215 (vir)          155.745           1.101          -0.720         -11.247          167.373
  216 (vir)          155.745           0.940          -0.720         -11.247          167.212
  217 (vir)          155.994          -0.926          -0.802         -11.336          165.601
  218 (vir)          155.995          -0.853          -0.802         -11.336          165.676
  219 (vir)          157.173           0.127          -0.957         -11.761          168.104
  220 (vir)          157.174          -1.769          -0.957         -11.763          166.211
  221 (vir)          157.326          -2.337          -0.787         -11.308          165.509
  222 (vir)          157.327          -2.673          -0.787         -11.308          165.174
  223 (vir)          158.141           2.936          -0.833         -11.411          171.656
  224 (vir)          159.708           1.932          -1.695         -12.970          172.915
  225 (vir)          161.077           0.035          -0.736         -11.416          171.792
  226 (vir)          162.792           1.791          -2.255         -14.688          177.016
  227 (vir)          162.938           1.824          -1.911         -13.664          176.515
  228 (vir)          163.199           0.798          -0.731         -11.481          174.747
  229 (vir)          163.269           1.762          -1.550         -13.009          176.490
  230 (vir)          164.200          -6.682          -1.405         -12.721          168.834
  231 (vir)          164.292          -0.055          -0.909         -11.786          175.114
  232 (vir)          164.294          -0.104          -0.909         -11.786          175.066
  233 (vir)          164.884          -4.651          -1.824         -13.350          171.759
  234 (vir)          164.884          -4.570          -1.831         -13.363          171.847
  235 (vir)          166.169          -0.874          -3.082         -16.096          178.309
  236 (vir)          166.188          -0.248          -3.082         -16.095          178.954
  237 (vir)          166.959           2.295          -2.467         -15.279          182.065
  238 (vir)          166.975          -0.848          -2.475         -15.293          178.945
  239 (vir)          171.749           2.247          -1.110         -12.311          185.197
  240 (vir)          171.749           2.569          -1.110         -12.312          185.520
  241 (vir)          172.209           3.340          -2.024         -13.983          187.508
  242 (vir)          172.212           2.053          -2.025         -13.985          186.224
  243 (vir)          174.032           0.982          -1.187         -12.849          186.677
  244 (vir)          174.033           1.294          -1.187         -12.849          186.989
  245 (vir)          175.237          -0.936          -1.016         -12.642          185.926
  246 (vir)          175.237          -1.370          -1.017         -12.642          185.492
  247 (vir)          175.841           0.040          -2.384         -14.735          188.233
  248 (vir)          179.340           1.206          -2.497         -15.221          193.271
  249 (vir)          179.764           0.691          -1.001         -12.835          192.289
  250 (vir)          180.974          -0.343          -0.988         -12.824          192.468
  251 (vir)          181.208          -2.080          -2.967         -15.717          191.878
  252 (vir)          181.212          -1.585          -2.967         -15.717          192.377
  253 (vir)          182.340          -9.811          -2.114         -14.320          184.735
  254 (vir)          182.345          -9.953          -2.115         -14.321          184.599
  255 (vir)          186.492           1.625          -3.247         -16.716          201.586
  256 (vir)          186.496           1.451          -3.247         -16.715          201.415
  257 (vir)          187.428           1.688          -2.207         -15.449          202.358
  258 (vir)          188.138          -2.226          -3.208         -16.561          199.266
  259 (vir)          188.139          -1.948          -3.208         -16.561          199.544
  260 (vir)          189.601           1.664          -2.823         -16.231          204.674
  261 (vir)          209.173           0.403          -1.123         -14.407          222.860
  262 (vir)          209.364          -1.107          -1.091         -14.301          221.468
  263 (vir)          209.368           0.366          -1.091         -14.301          222.945
  264 (vir)          210.514          -8.104          -1.088         -14.210          215.532
  265 (vir)          210.514         -10.362          -1.088         -14.210          213.274
  266 (vir)          210.876           4.822          -1.123         -14.400          228.974
  267 (vir)          212.805           2.697          -1.014         -14.070          228.559
  268 (vir)          212.810           2.113          -1.014         -14.070          227.980
  269 (vir)          213.277           1.189          -0.861         -13.340          226.945
  270 (vir)          213.626          -2.889          -1.034         -14.071          223.774
  271 (vir)          213.626          -4.905          -1.034         -14.070          221.757
  272 (vir)          214.500           2.083          -0.837         -13.284          229.029
  273 (vir)          215.321           0.944          -0.963         -13.992          229.294
  274 (vir)          217.622           3.829          -0.925         -13.470          233.995
  275 (vir)          217.624           3.578          -0.925         -13.470          233.746
  276 (vir)          217.764           0.196          -0.887         -13.498          230.571
  277 (vir)          217.768           0.008          -0.888         -13.499          230.388
  278 (vir)          218.178           1.012          -0.944         -13.882          232.129
  279 (vir)          218.313           0.875          -0.843         -13.216          231.561
  280 (vir)          218.314           1.684          -0.843         -13.216          232.371
  281 (vir)          219.363           4.760          -0.832         -13.177          236.468
  282 (vir)          219.887           4.278          -0.818         -13.170          236.517
  283 (vir)          220.022           0.483          -0.810         -13.094          232.788
  284 (vir)          220.024           0.514          -0.810         -13.094          232.822
  285 (vir)          228.976           1.356          -0.777         -12.932          242.486
  286 (vir)          230.341           7.284          -0.832         -13.171          249.965
  287 (vir)          230.342           7.720          -0.832         -13.171          250.402
  288 (vir)          231.739          -0.032          -0.800         -13.100          244.007
  289 (vir)          231.740           0.135          -0.800         -13.100          244.175
  290 (vir)          232.818           2.661          -0.842         -13.271          247.908
  291 (vir)          234.439           3.121          -0.817         -13.147          249.890
  292 (vir)          234.769          -1.433          -0.768         -12.974          245.543
  293 (vir)          235.211           0.173          -0.830         -13.204          247.758
  294 (vir)          235.214           0.281          -0.830         -13.204          247.869
  295 (vir)          235.372           0.163          -0.800         -13.143          247.878
  296 (vir)          235.373           0.393          -0.800         -13.144          248.110
  297 (vir)          239.118           2.417          -0.938         -13.480          254.078
  298 (vir)          239.124           2.270          -0.938         -13.480          253.936
  299 (vir)          240.329           2.483          -0.847         -13.250          255.215
  300 (vir)          240.392         -13.772          -0.816         -13.176          238.980
  301 (vir)          240.468          -0.328          -1.042         -13.748          252.847
  302 (vir)          240.475          -0.352          -1.042         -13.748          252.830
  303 (vir)          249.636           1.604          -1.866         -15.866          265.240
  304 (vir)          249.644           1.812          -1.867         -15.862          265.451
  305 (vir)          249.677           1.793          -1.888         -16.113          265.696
  306 (vir)          250.403           1.980          -1.744         -15.622          266.261
  307 (vir)          250.409           1.979          -1.744         -15.622          266.265
  308 (vir)          250.460           1.970          -1.802         -15.968          266.596
  309 (vir)          315.764           2.038         -16.903         -42.706          343.605
  310 (vir)          333.424           2.973         -16.313         -41.992          362.077
  311 (vir)          333.442           1.482         -16.312         -41.991          360.603
  312 (vir)          334.398           4.293         -16.320         -42.012          364.383
  313 (vir)          334.415           3.812         -16.320         -42.011          363.919
  314 (vir)          339.052           1.997         -16.625         -42.687          367.110
  315 (vir)          448.296           1.716         -15.401         -41.496          476.106
  316 (vir)          453.244           1.712         -15.292         -41.410          481.074
  317 (vir)         1569.154           2.012         -27.603         -77.713         1621.275
  318 (vir)         1573.416           2.059         -27.555         -77.679         1625.599
  319 (vir)         8576.196           0.646         -45.611        -177.241         8708.472
  320 (vir)         8582.935           0.654         -45.594        -177.252         8715.246
