 
  kpoint:     0.0000    0.0000    0.0000
 
    n          ϵ_nk^DFT (eV)     Σ^c_nk (eV)     Σ^x_nk (eV)     v_n^xc (eV)   ϵ_nk^G0W0 (eV)
 
    1 (occ)        -1259.082          -1.776        -206.000        -129.132        -1337.726
    2 (occ)         -507.997          -2.317        -132.572         -83.729         -559.156
    3 (occ)          -80.548           8.423         -61.207         -38.379          -94.953
    4 (occ)          -47.676           6.952         -52.580         -37.112          -56.192
    5 (occ)          -47.676           6.952         -52.580         -37.112          -56.192
    6 (occ)          -47.629           6.791         -52.572         -37.091          -56.318
    7 (occ)          -19.522           8.517         -32.970         -21.815          -22.160
    8 (occ)           -6.090           1.374         -18.680         -15.356           -8.039
    9 (occ)           -4.791           3.718         -23.287         -17.574           -6.786
   10 (occ)           -4.791           3.718         -23.287         -17.574           -6.786
   11 (vir)           -4.290          -0.778          -6.384          -9.557           -1.895
   12 (vir)           -1.189          -0.928          -2.029          -4.645            0.499
   13 (vir)           -1.189          -0.928          -2.029          -4.645            0.499
   14 (vir)           -0.131          -0.741          -0.966          -3.272            1.434
   15 (vir)            0.581          -0.513          -0.611          -2.357            1.814
   16 (vir)            1.868          -0.565          -0.655          -2.531            3.178
   17 (vir)            1.868          -0.565          -0.655          -2.531            3.178
   18 (vir)            1.879          -0.661          -0.297          -2.482            3.403
   19 (vir)            1.879          -0.661          -0.297          -2.482            3.403
   20 (vir)            2.428          -0.564          -0.731          -2.849            3.983
   21 (vir)            2.684          -0.650          -1.517          -3.867            4.383
   22 (vir)            2.684          -0.650          -1.517          -3.867            4.383
   23 (vir)            4.140          -0.788          -1.482          -4.335            6.205
   24 (vir)            8.036          -1.047          -1.778          -5.194           10.405
   25 (vir)            9.906          -1.216          -1.466          -5.317           12.541
   26 (vir)           10.050          -0.694          -1.171          -5.138           13.324
   27 (vir)           10.050          -0.694          -1.171          -5.138           13.324
   28 (vir)           10.381          -0.989          -0.840          -5.268           13.820
   29 (vir)           10.381          -0.989          -0.840          -5.268           13.820
   30 (vir)           10.544          -1.040          -1.509          -5.648           13.644
   31 (vir)           10.688          -1.240          -1.808          -6.169           13.809
   32 (vir)           10.688          -1.240          -1.808          -6.169           13.809
   33 (vir)           11.441          -1.121          -2.439          -6.557           14.438
   34 (vir)           11.441          -1.121          -2.439          -6.557           14.438
   35 (vir)           12.793          -0.573          -0.901          -5.096           16.415
   36 (vir)           12.793          -0.573          -0.901          -5.096           16.415
   37 (vir)           13.012          -0.444          -0.304          -4.117           16.381
   38 (vir)           13.012          -0.444          -0.304          -4.117           16.381
   39 (vir)           13.555          -0.947          -1.662          -5.846           16.791
   40 (vir)           16.493          -0.758          -1.390          -6.058           20.403
   41 (vir)           16.493          -0.758          -1.390          -6.058           20.403
   42 (vir)           22.385          -1.548          -3.724         -10.170           27.282
   43 (vir)           24.713          -2.188          -3.550          -9.986           28.960
   44 (vir)           32.416          -2.892          -3.613         -10.791           36.702
   45 (vir)           32.416          -2.892          -3.613         -10.791           36.702
   46 (vir)           34.142          -2.917          -4.254         -11.790           38.761
   47 (vir)           35.882          -2.427          -4.995         -12.967           41.427
   48 (vir)           35.882          -2.427          -4.995         -12.967           41.427
   49 (vir)           37.520          -3.070          -4.192         -12.194           42.451
   50 (vir)           38.683          -3.987          -3.472         -11.126           42.350
   51 (vir)           38.683          -3.987          -3.472         -11.126           42.350
   52 (vir)           40.692          -1.167          -3.620         -11.848           47.753
   53 (vir)           40.692          -1.167          -3.620         -11.848           47.753
   54 (vir)           40.759           0.519          -3.640         -11.788           49.426
   55 (vir)           40.759           0.519          -3.640         -11.788           49.426
   56 (vir)           42.173          -3.014          -4.230         -13.348           48.277
   57 (vir)           42.173          -3.014          -4.230         -13.348           48.277
   58 (vir)           44.008          -2.481          -4.145         -12.855           50.238
   59 (vir)           53.607          -0.644          -5.513         -14.570           62.020
   60 (vir)           60.794           2.389          -4.063         -14.258           73.379
   61 (vir)           85.110          -8.142          -2.671         -13.782           88.079
   62 (vir)           85.110          -8.142          -2.671         -13.782           88.079
   63 (vir)           85.196          -8.706          -2.663         -13.811           87.638
   64 (vir)           85.196          -8.706          -2.663         -13.811           87.638
   65 (vir)           87.212         -11.321          -2.887         -14.255           87.259
   66 (vir)           87.212         -11.321          -2.887         -14.255           87.259
   67 (vir)           88.060          -0.747          -6.599         -18.963           99.677
   68 (vir)           99.224           4.351          -4.613         -17.161          116.122
   69 (vir)          104.084         -11.517          -5.424         -18.893          106.036
   70 (vir)          104.084         -11.517          -5.424         -18.893          106.036
   71 (vir)          110.021          -3.594          -4.758         -18.332          120.000
   72 (vir)          110.021          -3.594          -4.758         -18.332          120.000
   73 (vir)          116.596           6.022          -4.547         -18.290          136.360
   74 (vir)          137.123         -11.004          -7.944         -25.487          143.661
   75 (vir)          137.123         -11.004          -7.944         -25.487          143.661
   76 (vir)          149.572           1.039          -6.917         -24.425          168.120
   77 (vir)          213.445           0.441         -14.085         -34.542          234.343
   78 (vir)          213.445           0.441         -14.085         -34.542          234.343
   79 (vir)          214.088           0.555         -13.712         -34.091          235.023
   80 (vir)          214.088           0.555         -13.712         -34.091          235.023
   81 (vir)          218.512           0.509         -13.213         -33.530          239.338
   82 (vir)          234.178           0.966          -8.252         -26.738          253.630
   83 (vir)          239.659           2.541          -2.338         -18.843          258.706
   84 (vir)          239.661           2.539          -2.338         -18.842          258.704
   85 (vir)          240.099           2.798          -2.366         -18.914          259.445
   86 (vir)          240.099           2.798          -2.366         -18.914          259.445
   87 (vir)          240.665           2.927          -2.413         -19.018          260.196
   88 (vir)          240.665           2.927          -2.413         -19.018          260.196
   89 (vir)          240.699           0.469          -2.545         -19.139          257.761
   90 (vir)          240.699           0.469          -2.545         -19.139          257.761
   91 (vir)          249.565           1.242          -6.732         -25.050          269.125
   92 (vir)          295.876           4.033          -3.599         -23.369          319.678
   93 (vir)          295.876           4.033          -3.599         -23.369          319.678
   94 (vir)          295.960           5.182          -3.453         -23.116          320.804
   95 (vir)          295.961           5.182          -3.453         -23.115          320.804
   96 (vir)          297.261           4.272          -3.374         -22.975          321.134
   97 (vir)          297.261           4.272          -3.374         -22.975          321.134
   98 (vir)          306.048           4.425          -3.542         -23.179          330.110
   99 (vir)          323.883           1.888          -4.531         -25.872          347.112
  100 (vir)          323.883           1.888          -4.531         -25.872          347.112
  101 (vir)          328.398           1.579          -4.176         -25.325          351.126
  102 (vir)          328.398           1.579          -4.176         -25.325          351.126
  103 (vir)          333.064          -0.864          -4.131         -25.104          353.173
  104 (vir)          344.307           2.850         -11.252         -33.593          369.497
  105 (vir)          930.480           0.766         -22.247         -61.307          970.306
  106 (vir)         1274.982           0.767         -18.331         -62.451         1319.869
  107 (vir)         5303.617           0.083         -39.277        -143.885         5408.308
  108 (vir)         6838.158           0.090         -20.737        -126.447         6943.958
