 
  kpoint:     0.0000    0.0000    0.0000
 
    n          ϵ_nk^DFT (eV)     Σ^c_nk (eV)     Σ^x_nk (eV)     v_n^xc (eV)   ϵ_nk^G0W0 (eV)
 
    1 (occ)         -510.291          -2.588        -132.566         -83.735         -561.710
    2 (occ)         -270.108           8.785         -96.849         -61.528         -296.644
    3 (occ)         -270.108           8.720         -96.848         -61.528         -296.708
    4 (occ)         -268.648           7.497         -96.873         -61.544         -296.479
    5 (occ)         -268.648           7.497         -96.873         -61.544         -296.479
    6 (occ)          -25.841           8.460         -32.662         -21.017          -29.026
    7 (occ)          -19.205           5.334         -25.662         -16.743          -22.789
    8 (occ)          -17.870           4.916         -25.187         -16.550          -21.591
    9 (occ)          -15.171           3.631         -24.319         -16.768          -19.091
   10 (occ)          -14.735           3.686         -23.658         -16.012          -18.695
   11 (occ)          -12.203           2.053         -22.284         -16.489          -15.945
   12 (occ)          -11.909           2.548         -21.194         -14.829          -15.726
   13 (occ)          -10.722           1.569         -19.816         -14.257          -14.712
   14 (occ)          -10.496           1.896         -21.722         -16.209          -14.113
   15 (occ)           -9.557           1.250         -19.878         -14.616          -13.568
   16 (occ)           -9.000           1.036         -19.992         -15.000          -12.957
   17 (occ)           -8.962           1.309         -20.088         -14.806          -12.935
   18 (occ)           -8.475           0.942         -20.698         -16.240          -11.991
   19 (occ)           -8.145           0.873         -19.493         -14.649          -12.116
   20 (occ)           -7.537           1.832         -23.138         -17.774          -11.069
   21 (occ)           -5.793           2.206         -23.861         -18.149           -9.299
   22 (vir)            0.105          -1.236          -2.330          -5.539            2.078
   23 (vir)            0.537          -1.131          -1.959          -5.041            2.489
   24 (vir)            0.815          -1.100          -1.847          -4.839            2.707
   25 (vir)            1.128          -1.192          -2.042          -5.183            3.077
   26 (vir)            1.675          -1.070          -1.694          -4.678            3.590
   27 (vir)            1.683          -1.176          -1.823          -4.957            3.641
   28 (vir)            2.021          -1.182          -1.789          -4.968            4.018
   29 (vir)            2.062          -2.354          -5.689         -10.547            4.567
   30 (vir)            2.329          -1.179          -1.978          -5.208            4.379
   31 (vir)            2.385          -1.042          -2.135          -5.088            4.295
   32 (vir)            2.754          -1.253          -2.035          -5.407            4.874
   33 (vir)            2.776          -1.344          -2.301          -5.767            4.898
   34 (vir)            3.097          -1.127          -1.418          -4.468            5.020
   35 (vir)            3.371          -1.583          -2.786          -6.603            5.605
   36 (vir)            3.745          -1.151          -1.570          -4.755            5.779
   37 (vir)            3.859          -1.341          -2.024          -5.545            6.039
   38 (vir)            4.514          -1.556          -2.532          -6.298            6.724
   39 (vir)            4.626          -1.291          -1.851          -5.174            6.658
   40 (vir)            4.697          -1.376          -2.066          -5.651            6.905
   41 (vir)            5.394          -1.996          -3.390          -7.772            7.780
   42 (vir)            6.286          -1.631          -2.414          -6.282            8.522
   43 (vir)            6.399          -2.691          -4.696          -9.854            8.865
   44 (vir)            6.582          -2.943          -5.239         -10.651            9.051
   45 (vir)            7.238          -1.916          -2.866          -7.010            9.466
   46 (vir)            7.487          -1.965          -3.378          -8.008           10.152
   47 (vir)            7.790          -2.172          -3.267          -7.720           10.071
   48 (vir)            7.910          -2.388          -3.593          -8.346           10.274
   49 (vir)            8.066          -1.682          -2.160          -5.936           10.160
   50 (vir)            8.188          -2.024          -2.604          -6.822           10.381
   51 (vir)            8.271          -2.649          -3.880          -9.121           10.863
   52 (vir)            8.491          -2.182          -3.073          -7.468           10.705
   53 (vir)            8.538          -3.106          -5.008         -10.788           11.212
   54 (vir)            8.641          -2.585          -3.757          -8.914           11.213
   55 (vir)            8.820          -2.239          -3.081          -7.727           11.227
   56 (vir)            9.055          -2.432          -3.739          -8.540           11.425
   57 (vir)            9.245          -2.118          -2.684          -7.084           11.528
   58 (vir)            9.432          -1.894          -2.271          -6.508           11.774
   59 (vir)           10.320          -2.379          -2.766          -7.806           12.982
   60 (vir)           10.745          -2.630          -1.814          -6.225           12.526
   61 (vir)           11.502          -1.876          -2.236          -6.531           13.922
   62 (vir)           11.991          -2.157          -2.293          -7.128           14.668
   63 (vir)           12.332          -2.387          -2.082          -6.704           14.568
   64 (vir)           13.085          -2.063          -1.530          -5.877           15.368
   65 (vir)           13.975          -1.949          -1.801          -6.174           16.399
   66 (vir)           14.058          -2.570          -2.146          -7.078           16.421
   67 (vir)           14.852          -2.595          -2.167          -7.293           17.383
   68 (vir)           14.914          -2.926          -2.257          -7.618           17.350
   69 (vir)           15.005          -2.498          -2.468          -7.478           17.517
   70 (vir)           15.390          -2.577          -2.314          -7.541           18.040
   71 (vir)           15.746          -2.448          -2.787          -8.256           18.766
   72 (vir)           16.244          -2.885          -2.675          -8.149           18.832
   73 (vir)           16.457          -2.500          -2.563          -7.628           19.021
   74 (vir)           16.737          -3.242          -2.945          -8.630           19.180
   75 (vir)           16.738          -2.059          -2.456          -7.693           19.916
   76 (vir)           17.319          -2.758          -1.729          -6.986           19.818
   77 (vir)           17.921          -2.767          -1.615          -6.896           20.434
   78 (vir)           18.288          -2.511          -2.209          -7.221           20.789
   79 (vir)           18.359          -2.630          -1.366          -6.596           20.958
   80 (vir)           18.802          -3.947          -3.010          -9.421           21.266
   81 (vir)           18.884          -2.400          -1.544          -6.861           21.801
   82 (vir)           19.568          -4.985          -3.585         -10.941           21.939
   83 (vir)           20.138          -2.884          -1.486          -6.824           22.592
   84 (vir)           20.474          -5.997          -2.291          -8.472           20.659
   85 (vir)           20.698          -3.230          -2.142          -7.786           23.112
   86 (vir)           20.963          -3.170          -1.726          -7.248           23.315
   87 (vir)           21.023          -3.434          -2.198          -8.103           23.493
   88 (vir)           21.347          -2.984          -1.612          -7.160           23.911
   89 (vir)           21.654          -2.874          -2.244          -7.765           24.302
   90 (vir)           21.680          -2.983          -1.609          -7.077           24.166
   91 (vir)           21.701          -2.798          -2.026          -7.536           24.413
   92 (vir)           22.012          -2.201          -1.827          -7.365           25.349
   93 (vir)           22.240          -3.184          -1.873          -7.413           24.596
   94 (vir)           22.949          -2.883          -2.652          -8.507           25.922
   95 (vir)           23.387          -3.495          -2.473          -8.380           25.798
   96 (vir)           23.810          -3.155          -1.557          -7.186           26.285
   97 (vir)           23.813          -3.283          -2.308          -8.110           26.332
   98 (vir)           23.901          -2.810          -1.719          -7.452           26.823
   99 (vir)           24.415          -3.038          -2.491          -8.166           27.051
  100 (vir)           24.445          -2.094          -1.186          -6.403           27.568
  101 (vir)           25.092          -3.301          -2.220          -8.202           27.774
  102 (vir)           25.203          -3.425          -1.791          -7.793           27.780
  103 (vir)           25.570          -2.854          -1.730          -7.303           28.289
  104 (vir)           27.021          -3.174          -1.792          -7.785           29.839
  105 (vir)           27.337          -3.748          -2.403          -8.817           30.002
  106 (vir)           27.559          -2.409          -1.828          -7.792           31.113
  107 (vir)           27.584          -2.700          -1.014          -6.331           30.202
  108 (vir)           27.791          -1.803          -1.068          -6.385           31.305
  109 (vir)           27.892          -3.036          -1.744          -7.624           30.737
  110 (vir)           28.151          -2.906          -0.933          -6.216           30.528
  111 (vir)           28.637          -3.056          -1.821          -7.593           31.353
  112 (vir)           28.759          -3.235          -1.622          -7.430           31.332
  113 (vir)           28.879          -2.711          -2.102          -8.436           32.502
  114 (vir)           29.003          -2.845          -1.212          -6.697           31.643
  115 (vir)           30.037          -3.502          -1.642          -7.764           32.658
  116 (vir)           30.279          -3.601          -1.890          -7.984           32.772
  117 (vir)           30.843          -2.125          -2.069          -7.999           34.649
  118 (vir)           32.216          -4.149          -1.664          -7.861           34.264
  119 (vir)           32.220          -2.658          -2.528          -9.186           36.220
  120 (vir)           32.523          -3.344          -1.611          -7.632           35.200
  121 (vir)           33.297          -2.836          -1.069          -6.478           35.870
  122 (vir)           33.484          -3.320          -1.058          -6.619           35.724
  123 (vir)           34.039          -3.052          -1.152          -7.026           36.862
  124 (vir)           34.091          -3.779          -1.910          -8.486           36.888
  125 (vir)           34.472          -2.901          -1.224          -7.053           37.400
  126 (vir)           35.574          -3.596          -1.390          -7.357           37.944
  127 (vir)           36.008          -3.426          -1.420          -7.289           38.450
  128 (vir)           36.962          -5.163          -2.708          -9.626           38.717
  129 (vir)           37.032          -3.702          -1.145          -7.122           39.307
  130 (vir)           37.613          -3.720          -1.467          -7.598           40.025
  131 (vir)           37.807          -4.813          -1.974          -8.913           39.934
  132 (vir)           37.993          -5.379          -1.708          -8.130           39.036
  133 (vir)           38.354          -3.844          -1.669          -8.037           40.879
  134 (vir)           38.859          -4.100          -1.527          -7.885           41.117
  135 (vir)           39.765          -3.592          -1.359          -7.434           42.247
  136 (vir)           40.290          -4.435          -2.467          -9.850           43.238
  137 (vir)           40.736          -5.450          -2.671         -10.060           42.675
  138 (vir)           43.594          -5.586          -2.462         -10.448           45.994
  139 (vir)           43.660          -4.678          -2.294          -9.637           46.324
  140 (vir)           43.945          -4.914          -2.006          -9.515           46.540
  141 (vir)           45.849          -2.507          -2.941         -11.230           51.631
  142 (vir)           46.006          -5.018          -2.180         -10.290           49.098
  143 (vir)           46.916          -2.944          -3.169         -12.179           52.982
  144 (vir)           47.147          -0.015          -3.025         -11.550           55.658
  145 (vir)           47.894          -4.852          -2.550         -10.785           51.277
  146 (vir)           47.949          -2.913          -2.072         -10.003           52.967
  147 (vir)           48.203          -5.563          -2.890         -11.714           51.464
  148 (vir)           48.244          -3.643          -2.244         -10.570           52.926
  149 (vir)           48.311          -5.056          -2.775         -11.053           51.532
  150 (vir)           48.600          -3.494          -2.287         -10.704           53.524
  151 (vir)           48.854          -4.746          -3.383         -12.227           52.953
  152 (vir)           50.034          -5.863          -2.776         -11.476           52.871
  153 (vir)           50.833          -4.757          -2.176         -10.519           54.418
  154 (vir)           50.869          -4.307          -2.341         -10.808           55.028
  155 (vir)           51.448          -4.214          -2.714         -11.614           56.134
  156 (vir)           51.562          -3.058          -2.181         -10.621           56.944
  157 (vir)           51.941          -5.075          -2.996         -11.950           55.820
  158 (vir)           52.280          -3.152          -2.714         -11.614           58.029
  159 (vir)           52.648          -1.077          -2.965         -12.158           60.763
  160 (vir)           52.676          -2.475          -2.089         -10.440           58.552
  161 (vir)           53.060          -2.507          -2.167         -10.538           58.923
  162 (vir)           53.320          -4.353          -2.030         -10.368           57.306
  163 (vir)           53.374          -5.174          -2.079         -10.161           56.281
  164 (vir)           53.759          -6.486          -2.512         -11.233           55.994
  165 (vir)           54.403          -4.775          -2.534         -11.493           58.587
  166 (vir)           54.498          -3.729          -2.360         -11.267           59.675
  167 (vir)           54.755          -1.332          -2.007         -10.499           61.916
  168 (vir)           54.887          -0.406          -2.338         -11.239           63.382
  169 (vir)           55.143           0.359          -2.433         -11.455           64.523
  170 (vir)           55.494          -6.845          -2.410         -11.188           57.428
  171 (vir)           55.794          -6.106          -2.264         -11.026           58.449
  172 (vir)           55.920           1.135          -1.917         -10.337           65.475
  173 (vir)           56.157          -5.544          -2.037         -10.585           59.161
  174 (vir)           56.181           1.040          -2.049         -10.396           65.568
  175 (vir)           57.037          -2.357          -1.724          -9.925           62.881
  176 (vir)           57.064          -2.029          -1.415          -9.496           63.115
  177 (vir)           57.411          -5.495          -2.065         -10.685           60.536
  178 (vir)           57.460          -5.808          -2.401         -11.090           60.341
  179 (vir)           57.797          -5.021          -2.019         -10.678           61.435
  180 (vir)           58.673           3.509          -1.120          -8.952           70.014
  181 (vir)           58.737          -5.120          -1.170          -9.140           61.586
  182 (vir)           58.778          -4.847          -2.571         -11.694           63.054
  183 (vir)           59.357           2.682          -1.460          -9.786           70.366
  184 (vir)           59.525          -5.989          -2.443         -11.375           62.468
  185 (vir)           60.216          -5.121          -2.306         -11.132           63.921
  186 (vir)           61.159          -5.624          -2.035         -10.527           64.026
  187 (vir)           61.406          -6.213          -1.995         -10.671           63.869
  188 (vir)           62.393           1.400          -1.346          -9.616           72.063
  189 (vir)           63.073          -1.630          -2.022         -10.903           70.324
  190 (vir)           63.744          -6.225          -2.323         -11.593           66.789
  191 (vir)           63.950           2.772          -1.790         -10.331           75.261
  192 (vir)           64.079           0.961          -1.452          -9.828           73.417
  193 (vir)           64.715          -5.602          -1.698         -10.220           67.635
  194 (vir)           65.469           1.367          -1.635         -10.198           75.399
  195 (vir)           65.863          -0.630          -2.012         -10.564           73.785
  196 (vir)           65.938          -4.262          -1.327          -9.494           69.844
  197 (vir)           66.038          -2.571          -1.772         -10.593           72.288
  198 (vir)           66.413           3.307          -2.124         -10.784           78.380
  199 (vir)           67.259          -6.979          -1.713         -10.190           68.757
  200 (vir)           68.109          -7.235          -1.846         -10.720           69.748
  201 (vir)           68.206          -0.689          -1.317          -9.636           75.836
  202 (vir)           68.340          -7.063          -2.181         -11.313           70.409
  203 (vir)           68.447          -0.324          -1.410          -9.790           76.504
  204 (vir)           68.641           2.492          -1.507         -10.099           79.725
  205 (vir)           69.942          -3.355          -1.590         -10.049           75.047
  206 (vir)           70.422          -0.771          -1.619         -10.182           78.215
  207 (vir)           70.582          -3.998          -2.093         -11.151           75.642
  208 (vir)           70.620         -10.859          -1.505         -10.012           68.269
  209 (vir)           71.327          -4.080          -1.342          -9.863           75.768
  210 (vir)           71.859          -3.525          -1.923         -10.835           77.246
  211 (vir)           72.599           3.881          -1.647         -10.535           85.368
  212 (vir)           72.858          -5.216          -1.747         -10.687           76.581
  213 (vir)           73.194           4.163          -1.346          -9.883           85.894
  214 (vir)           73.764           0.029          -1.585         -10.440           82.648
  215 (vir)           73.924          -2.804          -1.554         -10.407           79.973
  216 (vir)           74.363           3.093          -1.480         -10.069           86.046
  217 (vir)           74.837           3.024          -1.797         -10.969           87.033
  218 (vir)           74.874           5.204          -1.403          -9.838           88.513
  219 (vir)           75.134           2.083          -1.171          -9.594           85.640
  220 (vir)           75.455           3.341          -1.620         -10.372           87.548
  221 (vir)           75.732           3.962          -1.668         -10.539           88.565
  222 (vir)           75.956          -4.453          -1.026          -9.219           79.697
  223 (vir)           75.989          -9.831          -1.822         -10.923           75.259
  224 (vir)           76.573          -2.362          -1.176          -9.441           82.476
  225 (vir)           77.161          -0.116          -0.970          -9.100           85.175
  226 (vir)           77.549           0.837          -1.025          -9.210           86.572
  227 (vir)           78.007           3.232          -1.992         -11.318           90.566
  228 (vir)           78.487           3.163          -1.927         -11.148           90.871
  229 (vir)           78.856           3.100          -1.350         -10.076           90.682
  230 (vir)           79.863          -3.661          -1.938         -11.632           85.896
  231 (vir)           80.320          -2.477          -1.733         -11.056           87.167
  232 (vir)           80.655           3.362          -1.829         -11.256           93.445
  233 (vir)           80.659          -4.001          -1.347         -10.152           85.463
  234 (vir)           81.018           2.450          -1.240          -9.866           92.095
  235 (vir)           81.880           4.189          -1.309         -10.101           94.862
  236 (vir)           82.009           2.180          -1.924         -11.223           93.488
  237 (vir)           82.130          -3.026          -1.671         -10.953           88.385
  238 (vir)           82.558           3.041          -1.604         -10.933           94.928
  239 (vir)           82.905           3.245          -1.593         -10.904           95.461
  240 (vir)           83.404           2.051          -1.050          -9.432           93.837
  241 (vir)           84.194           3.805          -1.211          -9.733           96.522
  242 (vir)           84.379           3.116          -1.425         -10.306           96.377
  243 (vir)           84.727           3.089          -1.444         -10.452           96.825
  244 (vir)           86.080          -2.443          -1.476         -10.522           92.683
  245 (vir)           86.909          -2.899          -1.791         -11.351           93.570
  246 (vir)           87.055           5.293          -2.072         -11.942          102.218
  247 (vir)           87.148           3.553          -1.997         -11.885          100.588
  248 (vir)           87.880           3.015          -1.450         -10.706          100.151
  249 (vir)           88.889           2.567          -1.581         -11.131          101.006
  250 (vir)           89.845           2.993          -2.610         -13.046          103.274
  251 (vir)           90.062           2.640          -2.492         -12.856          103.066
  252 (vir)           90.234          -1.248          -1.380         -10.650           98.257
  253 (vir)           90.716           0.941          -2.212         -12.642          102.088
  254 (vir)           90.985         -11.441          -2.574         -13.049           90.020
  255 (vir)           91.624           3.123          -1.526         -10.841          104.061
  256 (vir)           92.475           3.155          -2.156         -12.286          105.760
  257 (vir)           92.875           3.164          -2.140         -12.389          106.288
  258 (vir)           93.753          -9.839          -1.979         -11.987           93.921
  259 (vir)           93.827          -0.075          -3.010         -14.408          105.149
  260 (vir)           93.935           4.678          -1.910         -11.235          107.938
  261 (vir)           95.793          -5.126          -2.417         -12.971          101.221
  262 (vir)           96.897          -6.173          -2.857         -13.910          101.778
  263 (vir)           97.046           3.482          -1.697         -11.051          109.882
  264 (vir)           97.186          -5.236          -2.114         -12.861          102.697
  265 (vir)           97.615           1.175          -2.432         -13.375          109.734
  266 (vir)           97.709          -3.983          -2.426         -13.409          104.708
  267 (vir)           98.847          -0.697          -2.306         -13.343          109.187
  268 (vir)           99.706           4.993          -2.320         -12.871          115.251
  269 (vir)          100.179          -1.667          -1.539         -11.638          108.610
  270 (vir)          100.570           5.026          -2.213         -12.697          116.080
  271 (vir)          101.537           0.425          -2.017         -12.400          112.345
  272 (vir)          102.746           2.572          -1.796         -12.221          115.743
  273 (vir)          103.605           2.081          -2.174         -12.893          116.404
  274 (vir)          103.847           2.038          -1.716         -11.980          116.150
  275 (vir)          103.910           0.455          -1.860         -12.301          114.806
  276 (vir)          104.109         -16.345          -1.539         -11.697           97.923
  277 (vir)          104.255           3.371          -1.594         -11.717          117.749
  278 (vir)          104.879         -10.074          -2.128         -13.347          106.024
  279 (vir)          105.515          -3.671          -2.585         -13.894          113.153
  280 (vir)          106.279          -4.349          -1.537         -11.888          112.280
  281 (vir)          106.781           0.923          -1.889         -12.670          118.485
  282 (vir)          107.768          -1.066          -2.863         -14.561          118.401
  283 (vir)          109.588          -1.612          -2.250         -13.504          119.230
  284 (vir)          109.786          -6.877          -2.360         -13.932          114.482
  285 (vir)          109.959          -0.479          -2.112         -13.868          121.236
  286 (vir)          111.118           4.921          -3.200         -15.326          128.166
  287 (vir)          112.011           2.171          -2.080         -13.549          125.650
  288 (vir)          114.081          -4.249          -2.813         -14.887          121.906
  289 (vir)          114.303           5.024          -2.567         -14.265          131.026
  290 (vir)          115.651         -11.332          -2.182         -13.929          116.065
  291 (vir)          115.804           3.852          -2.274         -14.083          131.465
  292 (vir)          117.150           3.388          -3.244         -15.626          132.919
  293 (vir)          117.858          -9.831          -2.600         -14.945          120.372
  294 (vir)          117.905          -5.194          -2.008         -13.358          124.062
  295 (vir)          120.179          -0.166          -2.653         -14.760          132.120
  296 (vir)          123.607           3.531          -3.565         -17.194          140.766
  297 (vir)          125.338           1.661          -3.463         -17.211          140.746
  298 (vir)          125.844          -8.473          -2.681         -15.140          129.831
  299 (vir)          127.686           1.020          -2.956         -16.139          141.889
  300 (vir)          127.786          -3.115          -3.032         -15.922          137.561
  301 (vir)          134.759         -23.939          -3.163         -16.583          124.240
  302 (vir)          136.427           2.522          -5.765         -21.098          154.282
  303 (vir)          137.956           3.435          -2.272         -15.129          154.248
  304 (vir)          138.004           1.459          -2.131         -14.623          151.955
  305 (vir)          138.449           0.298          -1.734         -14.271          151.284
  306 (vir)          139.871          -2.513          -2.149         -15.205          150.415
  307 (vir)          140.537           2.743          -2.857         -16.113          156.536
  308 (vir)          140.626           0.062          -2.036         -15.009          153.662
  309 (vir)          140.740           3.269          -2.199         -14.909          156.719
  310 (vir)          142.885          -0.286          -1.733         -14.255          155.122
  311 (vir)          143.214           1.005          -3.192         -17.272          158.299
  312 (vir)          143.756          -0.597          -1.684         -14.105          155.580
  313 (vir)          144.273           1.004          -1.736         -14.284          157.825
  314 (vir)          146.789           1.739          -1.726         -14.117          160.919
  315 (vir)          147.381           1.118          -1.635         -13.949          160.813
  316 (vir)          147.396           4.874          -3.871         -18.387          166.786
  317 (vir)          148.405           0.797          -1.699         -14.078          161.580
  318 (vir)          148.823           1.732          -1.823         -14.426          163.158
  319 (vir)          150.252           1.722          -1.403         -13.468          164.039
  320 (vir)          150.711           0.997          -1.726         -14.218          164.200
  321 (vir)          151.149           2.648          -2.085         -15.016          166.729
  322 (vir)          152.673           3.100          -2.378         -16.210          169.605
  323 (vir)          152.727           2.089          -2.177         -15.611          168.250
  324 (vir)          152.822           1.196          -1.541         -13.871          166.348
  325 (vir)          152.832           1.477          -1.702         -14.241          166.848
  326 (vir)          153.652           1.608          -1.788         -14.668          168.139
  327 (vir)          155.335           2.516          -1.770         -14.574          170.655
  328 (vir)          156.047           0.996          -1.241         -12.845          168.648
  329 (vir)          156.122           8.214          -1.488         -13.834          176.682
  330 (vir)          156.208           1.213          -1.367         -13.305          169.359
  331 (vir)          157.141           1.372          -1.384         -13.547          170.676
  332 (vir)          157.456           2.188          -1.369         -13.473          171.748
  333 (vir)          157.759           2.107          -1.376         -13.319          171.808
  334 (vir)          158.185           2.699          -1.692         -14.384          173.575
  335 (vir)          158.738           0.204          -1.572         -13.885          171.256
  336 (vir)          158.963           2.221          -1.651         -14.115          173.647
  337 (vir)          159.335           2.156          -0.812         -11.543          172.222
  338 (vir)          159.410           1.981          -0.896         -11.766          172.260
  339 (vir)          159.672           1.470          -1.439         -13.709          173.413
  340 (vir)          159.701           1.512          -1.850         -14.743          174.106
  341 (vir)          159.815           2.810          -1.653         -14.250          175.222
  342 (vir)          160.864           1.231          -2.000         -15.116          175.211
  343 (vir)          160.942           1.132          -1.691         -14.328          174.712
  344 (vir)          162.101          -1.180          -1.766         -14.606          173.761
  345 (vir)          162.196           1.355          -1.136         -12.595          175.011
  346 (vir)          162.591           2.041          -1.380         -13.648          176.900
  347 (vir)          162.827          -0.444          -1.676         -14.436          175.143
  348 (vir)          164.058           2.086          -1.542         -13.770          178.372
  349 (vir)          164.334           1.286          -1.366         -13.597          177.852
  350 (vir)          164.413           2.235          -1.515         -14.090          179.223
  351 (vir)          164.893           2.479          -1.826         -14.890          180.436
  352 (vir)          165.710           0.959          -1.638         -14.347          179.377
  353 (vir)          166.422           1.542          -1.362         -13.326          179.928
  354 (vir)          166.522           0.200          -1.478         -14.024          179.268
  355 (vir)          167.391           1.904          -1.405         -13.746          181.637
  356 (vir)          167.831           2.110          -1.752         -14.499          182.688
  357 (vir)          168.087           1.920          -1.177         -12.961          181.790
  358 (vir)          168.208           1.716          -1.113         -12.775          181.585
  359 (vir)          168.533           2.042          -1.205         -13.084          182.454
  360 (vir)          168.667           2.397          -1.307         -13.334          183.090
  361 (vir)          168.940           2.132          -1.324         -13.712          183.460
  362 (vir)          169.027           1.642          -1.471         -13.972          183.169
  363 (vir)          169.773           2.350          -1.900         -14.976          185.199
  364 (vir)          169.777           0.891          -1.531         -13.954          183.091
  365 (vir)          170.275           1.879          -1.590         -13.876          184.440
  366 (vir)          170.579           2.790          -1.297         -13.428          185.501
  367 (vir)          170.734           1.567          -1.409         -13.498          184.391
  368 (vir)          171.051           1.605          -1.509         -13.898          185.045
  369 (vir)          171.746           1.665          -1.955         -14.951          186.406
  370 (vir)          172.019           2.161          -1.309         -13.465          186.336
  371 (vir)          172.393           2.151          -1.393         -13.646          186.797
  372 (vir)          173.212           2.603          -1.378         -13.620          188.055
  373 (vir)          174.115           1.881          -1.488         -14.104          188.612
  374 (vir)          174.520           2.172          -1.490         -14.114          189.315
  375 (vir)          175.667           1.995          -1.583         -13.900          189.979
  376 (vir)          175.905           2.104          -1.579         -14.721          191.152
  377 (vir)          176.485           2.393          -1.604         -14.609          191.882
  378 (vir)          176.557           1.309          -1.876         -15.147          191.136
  379 (vir)          177.363          -1.811          -1.552         -14.608          188.609
  380 (vir)          177.897           1.775          -2.040         -15.957          193.589
  381 (vir)          178.630           2.123          -1.515         -14.173          193.411
  382 (vir)          178.987           1.927          -1.578         -14.524          193.861
  383 (vir)          179.425           1.340          -1.854         -15.458          194.368
  384 (vir)          179.481           2.040          -1.836         -15.496          195.180
  385 (vir)          179.681           1.733          -1.509         -14.667          194.573
  386 (vir)          179.936           0.866          -1.835         -15.085          194.052
  387 (vir)          180.482           1.654          -1.524         -14.756          195.368
  388 (vir)          181.194           1.293          -1.728         -15.178          195.937
  389 (vir)          181.995           1.513          -1.794         -15.337          197.051
  390 (vir)          182.768           2.351          -1.640         -14.819          198.298
  391 (vir)          182.951           1.659          -1.627         -14.794          197.777
  392 (vir)          183.333           1.628          -1.346         -13.950          197.565
  393 (vir)          184.554          -7.827          -1.708         -14.644          189.664
  394 (vir)          184.847           0.558          -1.640         -14.639          198.404
  395 (vir)          186.093           2.336          -0.958         -12.681          200.151
  396 (vir)          187.030           3.299          -3.165         -17.449          204.614
  397 (vir)          187.296           1.665          -1.143         -13.488          201.306
  398 (vir)          187.666           1.619          -2.222         -16.054          203.117
  399 (vir)          187.839          -6.426          -1.734         -15.070          194.750
  400 (vir)          188.597           2.415          -2.230         -15.681          204.463
  401 (vir)          189.587           2.357          -2.217         -16.140          205.868
  402 (vir)          190.345           2.358          -2.150         -15.656          206.209
  403 (vir)          190.375           2.546          -2.702         -16.580          206.799
  404 (vir)          190.410           1.016          -1.383         -14.220          204.262
  405 (vir)          193.129           2.194          -1.580         -14.378          208.122
  406 (vir)          194.137           2.104          -2.280         -15.788          209.749
  407 (vir)          194.291           0.623          -1.533         -14.777          208.158
  408 (vir)          195.213           2.301          -1.534         -14.880          210.860
  409 (vir)          196.043           1.936          -1.108         -13.545          210.416
  410 (vir)          196.385           2.663          -1.608         -14.863          212.303
  411 (vir)          197.218           5.396          -1.145         -13.645          215.114
  412 (vir)          198.041           4.036          -1.645         -14.670          215.102
  413 (vir)          198.881           2.012          -1.157         -13.788          213.524
  414 (vir)          199.100           1.217          -1.144         -13.774          212.947
  415 (vir)          199.520           2.443          -1.336         -14.090          214.717
  416 (vir)          199.646           4.645          -1.481         -14.076          216.886
  417 (vir)          200.396           2.179          -1.143         -13.841          215.272
  418 (vir)          200.460           1.832          -1.306         -14.112          215.098
  419 (vir)          201.266           2.544          -1.819         -14.852          216.842
  420 (vir)          201.607           2.436          -1.418         -14.059          216.684
  421 (vir)          201.623           1.728          -1.337         -14.280          216.294
  422 (vir)          202.176           2.615          -1.379         -14.182          217.595
  423 (vir)          202.666           2.242          -1.041         -13.565          217.433
  424 (vir)          203.032           1.379          -0.955         -12.971          216.427
  425 (vir)          203.339           2.075          -1.235         -14.000          218.180
  426 (vir)          203.923           1.837          -1.211         -14.037          218.586
  427 (vir)          204.652           1.573          -1.072         -13.390          218.543
  428 (vir)          204.789           1.651          -1.516         -14.491          219.416
  429 (vir)          204.941           2.350          -1.288         -13.938          219.941
  430 (vir)          205.015           2.191          -1.113         -13.320          219.414
  431 (vir)          205.950           2.219          -0.937         -12.982          220.214
  432 (vir)          206.423           1.970          -1.198         -13.941          221.135
  433 (vir)          207.478           1.762          -1.384         -14.343          222.199
  434 (vir)          207.592           2.256          -1.186         -13.688          222.351
  435 (vir)          207.615           1.678          -0.936         -12.932          221.289
  436 (vir)          207.731           2.112          -0.941         -12.865          221.768
  437 (vir)          208.980           3.913          -0.845         -12.525          224.573
  438 (vir)          209.072           2.671          -1.024         -13.307          224.027
  439 (vir)          209.376           1.579          -1.264         -13.813          223.504
  440 (vir)          209.568           4.426          -0.830         -12.625          225.788
  441 (vir)          209.792           2.136          -1.229         -13.815          224.514
  442 (vir)          209.957           4.214          -0.978         -13.304          226.496
  443 (vir)          210.904           1.821          -1.016         -13.073          224.781
  444 (vir)          211.428           1.980          -1.072         -13.615          225.951
  445 (vir)          211.800           2.269          -1.311         -14.138          226.895
  446 (vir)          212.144           3.906          -0.915         -13.045          228.181
  447 (vir)          212.358           1.067          -1.439         -14.371          226.357
  448 (vir)          213.300           2.745          -1.095         -13.323          228.273
  449 (vir)          213.456           2.475          -0.872         -12.594          227.654
  450 (vir)          213.798           1.907          -0.945         -13.218          227.977
  451 (vir)          214.313           3.252          -1.521         -14.506          230.550
  452 (vir)          214.533           2.148          -0.934         -13.228          228.975
  453 (vir)          214.673           2.032          -0.936         -12.992          228.761
  454 (vir)          216.933           3.347          -2.160         -15.493          233.614
  455 (vir)          217.216           4.685          -2.540         -16.449          235.810
  456 (vir)          218.557           1.401          -1.175         -13.656          232.438
  457 (vir)          218.686           2.177          -1.544         -14.359          233.677
  458 (vir)          220.505           2.035          -0.920         -13.238          234.858
  459 (vir)          222.362           1.968          -1.950         -15.880          238.260
  460 (vir)          223.099           2.761          -1.845         -16.124          240.139
  461 (vir)          223.312           2.402          -1.562         -15.312          239.465
  462 (vir)          223.597           1.165          -1.634         -15.184          238.312
  463 (vir)          223.975           2.412          -1.325         -14.630          239.691
  464 (vir)          224.480           2.330          -1.726         -15.821          240.905
  465 (vir)          225.022           1.992          -1.468         -14.643          240.190
  466 (vir)          225.306           8.295          -1.666         -15.454          247.389
  467 (vir)          225.828           4.367          -1.369         -14.828          243.653
  468 (vir)          225.906           2.277          -1.634         -14.969          241.518
  469 (vir)          226.418           0.637          -2.579         -17.233          241.709
  470 (vir)          226.504           2.571          -0.996         -13.611          241.690
  471 (vir)          226.554           0.568          -0.902         -13.403          239.623
  472 (vir)          226.702           2.743          -0.899         -13.435          241.981
  473 (vir)          226.849           3.103          -1.902         -15.611          243.662
  474 (vir)          226.946           2.253          -1.596         -14.953          242.556
  475 (vir)          227.244           1.662          -0.906         -13.344          241.344
  476 (vir)          227.820          -4.903          -1.007         -13.365          235.275
  477 (vir)          227.885           4.342          -1.511         -14.065          244.781
  478 (vir)          227.993           2.527          -1.813         -15.380          244.087
  479 (vir)          228.428           0.056          -1.014         -13.774          241.244
  480 (vir)          228.494           2.179          -1.298         -14.845          244.221
  481 (vir)          229.619           4.148          -1.352         -14.128          246.544
  482 (vir)          229.634           0.604          -1.168         -14.552          243.623
  483 (vir)          229.670           1.851          -1.522         -14.678          244.678
  484 (vir)          229.964           4.793          -0.921         -13.483          247.318
  485 (vir)          230.465           2.878          -1.063         -13.865          246.146
  486 (vir)          231.707           1.802          -1.162         -14.571          246.919
  487 (vir)          231.832           0.965          -1.301         -14.438          245.935
  488 (vir)          232.990           1.042          -1.235         -14.077          246.874
  489 (vir)          233.091           3.958          -1.047         -14.087          250.089
  490 (vir)          233.758           1.950          -1.252         -14.211          248.667
  491 (vir)          234.796           2.812          -1.315         -14.469          250.761
  492 (vir)          236.180           1.964          -1.333         -14.701          251.512
  493 (vir)          236.757           1.952          -1.098         -14.037          251.648
  494 (vir)          237.059           1.694          -0.901         -13.377          251.229
  495 (vir)          238.187           2.039          -1.220         -14.344          253.351
  496 (vir)          238.927           2.030          -1.122         -14.245          254.080
  497 (vir)          239.384           1.969          -1.115         -14.283          254.521
  498 (vir)          240.452           1.830          -1.547         -15.203          255.937
  499 (vir)          241.078           2.249          -1.177         -14.234          256.384
  500 (vir)          242.037           2.154          -1.442         -15.346          258.096
  501 (vir)          242.502          -0.945          -0.957         -13.788          254.388
  502 (vir)          242.589           2.480          -1.233         -14.713          258.549
  503 (vir)          242.709           2.307          -1.138         -14.360          258.238
  504 (vir)          243.270          -1.790          -1.202         -14.692          254.970
  505 (vir)          243.371           2.243          -1.062         -13.846          258.399
  506 (vir)          243.633           3.122          -1.188         -14.668          260.236
  507 (vir)          244.301           1.882          -1.020         -13.997          259.160
  508 (vir)          245.412           2.072          -1.339         -14.769          260.914
  509 (vir)          246.533           3.723          -1.347         -14.641          263.551
  510 (vir)          247.028           2.620          -0.981         -13.906          262.572
  511 (vir)          248.458           3.482          -1.183         -14.146          264.904
  512 (vir)          249.391           2.939          -2.028         -17.351          267.653
  513 (vir)          249.541           3.097          -1.583         -16.269          267.324
  514 (vir)          253.187           1.703          -3.160         -19.173          270.903
  515 (vir)          253.314           2.018          -3.223         -19.335          271.444
  516 (vir)          255.692           2.345          -1.788         -16.797          273.047
  517 (vir)          256.331           2.260          -1.755         -16.705          273.541
  518 (vir)          259.651           2.979          -1.835         -17.160          277.956
  519 (vir)          260.612           2.070          -1.608         -16.330          277.404
  520 (vir)          261.496           2.316          -1.541         -16.014          278.284
  521 (vir)          261.575           2.160          -1.725         -16.803          278.813
  522 (vir)          261.968           2.186          -1.636         -16.278          278.796
  523 (vir)          262.302           2.231          -1.689         -16.563          279.407
  524 (vir)          262.930           1.892          -1.288         -15.163          278.697
  525 (vir)          264.599           2.808          -1.588         -16.298          282.117
  526 (vir)          264.684           2.371          -1.666         -16.569          281.958
  527 (vir)          265.903           3.311          -0.980         -14.344          282.578
  528 (vir)          266.023           1.668          -0.960         -14.340          281.072
  529 (vir)          266.251           2.471          -1.578         -16.380          283.523
  530 (vir)          266.259           1.854          -0.922         -14.147          281.339
  531 (vir)          266.639           1.047          -1.033         -14.603          281.256
  532 (vir)          266.806           2.424          -1.198         -15.383          283.415
  533 (vir)          267.940           2.228          -1.339         -15.827          284.656
  534 (vir)          268.820           1.612          -1.321         -15.762          284.873
  535 (vir)          269.529           2.620          -2.073         -18.445          288.520
  536 (vir)          269.929           3.057          -1.298         -15.784          287.473
  537 (vir)          271.424           2.896          -2.075         -17.788          290.033
  538 (vir)          271.734           1.726          -1.374         -16.163          288.249
  539 (vir)          275.467           1.851          -1.446         -16.197          292.068
  540 (vir)          275.547           2.435          -1.523         -16.354          292.813
  541 (vir)          276.213           2.714          -2.101         -18.630          295.456
  542 (vir)          277.208           1.947          -1.298         -16.004          293.861
  543 (vir)          277.661           1.757          -1.144         -15.472          293.747
  544 (vir)          279.065           2.203          -1.305         -15.815          295.778
  545 (vir)          279.152           1.663          -1.197         -15.700          295.318
  546 (vir)          280.123           1.527          -1.258         -15.633          296.025
  547 (vir)          280.281           1.518          -1.162         -15.353          295.990
  548 (vir)          281.773           1.266          -1.151         -15.330          297.217
  549 (vir)          285.146           2.893          -2.361         -19.524          305.202
  550 (vir)          286.837           1.501          -1.162         -15.688          302.864
  551 (vir)          286.949           1.383          -1.119         -15.507          302.720
  552 (vir)          289.526           2.546          -2.370         -19.273          308.974
  553 (vir)          311.347           2.731          -3.104         -22.159          333.132
  554 (vir)          311.746           2.891          -3.240         -22.503          333.900
  555 (vir)          318.134           1.736          -1.778         -17.663          335.755
  556 (vir)          319.589           1.719          -1.394         -16.377          336.291
  557 (vir)          319.782           2.162          -2.260         -19.521          339.205
  558 (vir)          320.205           2.360          -1.675         -17.112          338.002
  559 (vir)          324.710           2.140          -1.966         -18.371          343.255
  560 (vir)          324.767           2.168          -1.890         -18.282          343.327
  561 (vir)          325.147           0.756          -3.205         -21.803          344.500
  562 (vir)          326.091           1.781          -1.422         -16.457          342.907
  563 (vir)          328.579           1.080          -2.499         -20.472          347.631
  564 (vir)          331.916           2.332          -2.882         -21.996          353.362
  565 (vir)          336.864           3.529          -4.264         -25.423          361.552
  566 (vir)          337.503           1.771          -4.221         -25.305          360.358
  567 (vir)          342.062           3.315          -3.993         -25.012          366.395
  568 (vir)          342.296           2.420          -2.801         -22.112          364.027
  569 (vir)          349.018           2.721          -3.595         -21.444          369.588
  570 (vir)          352.540           2.414          -2.649         -19.398          371.703
  571 (vir)          359.187           2.114          -2.816         -19.578          378.064
  572 (vir)          359.435           2.129          -2.812         -19.606          378.359
  573 (vir)          361.377           0.406          -3.909         -24.310          382.183
  574 (vir)          367.683           0.733          -3.847         -25.031          389.600
  575 (vir)          393.620           2.879          -8.932         -31.334          418.901
  576 (vir)          780.834           1.228         -12.544         -45.676          815.195
  577 (vir)          780.897           1.221         -12.541         -45.658          815.235
  578 (vir)          786.234           1.200         -12.483         -45.643          820.593
  579 (vir)          787.111           1.202         -12.477         -45.654          821.490
  580 (vir)         1306.598           0.861         -17.950         -62.239         1351.747
  581 (vir)         4011.931           1.092         -14.667         -94.443         4092.798
  582 (vir)         4012.606           1.089         -14.665         -94.439         4093.468
  583 (vir)         4017.619           1.088         -14.652         -94.438         4098.492
  584 (vir)         4018.661           1.090         -14.648         -94.435         4099.538
  585 (vir)         6874.726           0.104         -20.580        -126.323         6980.574
