 
  kpoint:     0.0000    0.0000    0.0000
 
    n          ϵ_nk^DFT (eV)     Σ^c_nk (eV)     Σ^x_nk (eV)     v_n^xc (eV)   ϵ_nk^G0W0 (eV)
 
    1 (occ)       -12303.003          -0.166        -626.286        -386.346       -12543.109
    2 (occ)        -1562.560          -4.689        -230.503        -141.024        -1656.727
    3 (occ)        -1403.370         -14.488        -224.160        -149.392        -1492.626
    4 (occ)        -1403.298         -14.686        -224.235        -149.414        -1492.805
    5 (occ)        -1403.298         -14.686        -224.235        -149.414        -1492.805
    6 (occ)         -512.632          -1.572        -132.605         -83.745         -563.064
    7 (occ)         -273.110          15.299         -96.927         -61.546         -293.192
    8 (occ)         -205.859          -4.579         -99.118         -61.701         -247.856
    9 (occ)         -151.223          25.417         -90.557         -60.144         -156.219
   10 (occ)         -150.980          25.992         -90.722         -60.193         -155.518
   11 (occ)         -150.980          25.992         -90.722         -60.193         -155.518
   12 (occ)          -54.316           9.645         -72.892         -54.756          -62.807
   13 (occ)          -54.214           9.641         -72.959         -54.834          -62.699
   14 (occ)          -54.214           9.641         -72.959         -54.834          -62.699
   15 (occ)          -54.023           9.749         -73.054         -54.899          -62.428
   16 (occ)          -54.023           9.749         -73.054         -54.899          -62.428
   17 (occ)          -28.629           8.118         -34.303         -22.477          -32.337
   18 (occ)          -19.461           5.231         -25.214         -17.478          -21.965
   19 (occ)          -13.524           4.232         -27.244         -19.925          -16.611
   20 (occ)          -11.629           2.880         -23.318         -17.606          -14.462
   21 (occ)          -11.629           2.880         -23.318         -17.606          -14.462
   22 (occ)          -11.366           1.514         -22.021         -17.133          -14.740
   23 (occ)           -6.975           0.020         -17.804         -14.574          -10.186
   24 (occ)           -6.975           0.020         -17.804         -14.574          -10.186
   25 (vir)           -2.038          -2.413          -9.920         -15.205            0.834
   26 (vir)           -2.038          -2.413          -9.920         -15.205            0.834
   27 (vir)           -0.550          -2.152          -6.999         -11.961            2.260
   28 (vir)            1.145          -1.205          -2.185          -5.421            3.175
   29 (vir)            2.613          -1.263          -2.591          -5.975            4.734
   30 (vir)            2.992          -0.966          -1.390          -4.380            5.017
   31 (vir)            2.992          -0.966          -1.390          -4.380            5.017
   32 (vir)            4.435          -1.269          -2.159          -5.590            6.596
   33 (vir)            4.435          -1.269          -2.159          -5.590            6.596
   34 (vir)            4.701          -1.640          -3.164          -6.979            6.876
   35 (vir)            6.061          -2.178          -4.326          -9.325            8.882
   36 (vir)            6.061          -2.178          -4.326          -9.325            8.882
   37 (vir)            7.174          -1.441          -1.692          -5.242            9.283
   38 (vir)            8.329          -2.356          -3.122          -8.118           10.970
   39 (vir)            8.329          -2.356          -3.122          -8.118           10.970
   40 (vir)           10.063          -1.885          -2.866          -7.095           12.407
   41 (vir)           10.850          -1.946          -3.193          -7.924           13.635
   42 (vir)           10.850          -1.946          -3.193          -7.924           13.635
   43 (vir)           11.593          -2.764          -4.291          -9.893           14.431
   44 (vir)           12.178          -2.915          -2.357          -7.806           14.711
   45 (vir)           12.178          -2.915          -2.357          -7.806           14.711
   46 (vir)           17.333          -3.630          -3.508         -10.014           20.209
   47 (vir)           17.842          -3.205          -4.168          -9.893           20.362
   48 (vir)           18.415          -3.123          -2.023          -7.822           21.091
   49 (vir)           18.415          -3.123          -2.023          -7.822           21.091
   50 (vir)           20.850          -3.514          -5.117         -12.363           24.582
   51 (vir)           21.088          -3.604          -1.823          -8.524           24.185
   52 (vir)           21.088          -3.604          -1.823          -8.524           24.185
   53 (vir)           21.315          -2.958          -3.142         -10.276           25.491
   54 (vir)           21.315          -2.958          -3.142         -10.276           25.491
   55 (vir)           22.322          -3.348          -2.328          -9.194           25.840
   56 (vir)           22.322          -3.348          -2.328          -9.194           25.840
   57 (vir)           25.023          -3.127          -4.683         -11.815           29.027
   58 (vir)           25.023          -3.127          -4.683         -11.815           29.027
   59 (vir)           25.078          -2.472          -3.878         -10.013           28.742
   60 (vir)           28.829          -3.055          -2.870          -9.888           32.793
   61 (vir)           30.741          -3.228          -4.074         -11.731           35.170
   62 (vir)           30.741          -3.228          -4.074         -11.731           35.170
   63 (vir)           33.262          -2.629          -4.620         -12.271           38.284
   64 (vir)           33.333          -3.152          -5.284         -13.687           38.584
   65 (vir)           33.333          -3.152          -5.284         -13.687           38.584
   66 (vir)           33.476          -2.805          -5.171         -13.464           38.964
   67 (vir)           33.476          -2.805          -5.171         -13.464           38.964
   68 (vir)           35.075          -3.157          -2.963         -10.401           39.356
   69 (vir)           35.075          -3.157          -2.963         -10.401           39.356
   70 (vir)           36.660          -2.686          -3.384         -10.938           41.529
   71 (vir)           36.660          -2.686          -3.384         -10.938           41.529
   72 (vir)           37.055          -3.093          -5.953         -14.696           42.705
   73 (vir)           40.147          -4.124          -3.242         -11.506           44.288
   74 (vir)           42.962          -2.288          -1.411          -9.302           48.565
   75 (vir)           42.962          -2.288          -1.411          -9.302           48.565
   76 (vir)           45.607          -3.452          -2.714         -11.846           51.288
   77 (vir)           45.607          -3.452          -2.714         -11.846           51.288
   78 (vir)           46.584          -2.412          -3.378         -11.965           52.760
   79 (vir)           46.584          -2.412          -3.378         -11.965           52.760
   80 (vir)           48.397         -11.178          -3.613         -11.582           45.189
   81 (vir)           50.472           0.076          -3.857         -12.136           58.827
   82 (vir)           51.925          -2.655          -2.151         -11.358           58.476
   83 (vir)           51.925          -2.655          -2.151         -11.358           58.476
   84 (vir)           54.116          -2.240          -2.807         -12.402           61.471
   85 (vir)           54.116          -2.240          -2.807         -12.402           61.471
   86 (vir)           59.408          -4.132          -4.092         -14.298           65.483
   87 (vir)           59.962          -7.483          -3.250         -12.469           61.698
   88 (vir)           62.274          -3.241          -3.246         -13.170           68.958
   89 (vir)           62.274          -3.241          -3.246         -13.170           68.958
   90 (vir)           62.298          -2.786          -3.255         -13.790           70.046
   91 (vir)           62.298          -2.786          -3.255         -13.790           70.046
   92 (vir)           62.832           1.939          -1.771         -11.835           74.835
   93 (vir)           62.832           1.939          -1.771         -11.835           74.835
   94 (vir)           63.780          -2.024          -3.313         -13.938           72.381
   95 (vir)           63.781          -2.024          -3.313         -13.937           72.381
   96 (vir)           63.955          -0.282          -1.936         -12.086           73.823
   97 (vir)           63.955          -0.282          -1.936         -12.086           73.823
   98 (vir)           67.239          -9.054          -3.844         -14.019           68.361
   99 (vir)           69.180          -6.082          -3.698         -15.075           74.476
  100 (vir)           69.180          -6.082          -3.698         -15.075           74.476
  101 (vir)           74.251          -1.903          -1.903         -12.386           82.831
  102 (vir)           74.251          -1.903          -1.903         -12.386           82.831
  103 (vir)           80.778          -4.000          -3.347         -14.895           88.326
  104 (vir)           81.528          -5.184          -3.222         -14.363           87.485
  105 (vir)           81.528          -5.184          -3.222         -14.363           87.484
  106 (vir)           82.695          -6.139          -2.380         -13.327           87.503
  107 (vir)           82.695          -6.139          -2.380         -13.327           87.503
  108 (vir)           87.746          -4.311          -5.358         -17.353           95.430
  109 (vir)           90.312          -0.024          -5.091         -17.529          102.726
  110 (vir)           90.312          -0.023          -5.091         -17.529          102.727
  111 (vir)           98.310          -3.140          -4.610         -17.476          108.036
  112 (vir)           98.310          -3.140          -4.610         -17.476          108.036
  113 (vir)           99.284           0.309          -5.858         -18.430          112.164
  114 (vir)          101.238           1.903          -8.674         -22.357          116.825
  115 (vir)          101.238           1.903          -8.674         -22.357          116.825
  116 (vir)          101.290           2.483          -6.555         -19.862          117.080
  117 (vir)          103.777          -4.415          -3.167         -15.186          111.382
  118 (vir)          103.777          -4.415          -3.167         -15.186          111.382
  119 (vir)          109.091           1.395          -5.854         -19.582          124.214
  120 (vir)          109.091           1.395          -5.854         -19.582          124.214
  121 (vir)          114.419          -0.019          -8.796         -23.440          129.043
  122 (vir)          115.876           0.826         -12.892         -29.300          133.110
  123 (vir)          115.876           0.826         -12.892         -29.300          133.110
  124 (vir)          118.270           3.835          -5.487         -18.933          135.551
  125 (vir)          122.756          -0.205          -3.628         -16.397          135.320
  126 (vir)          122.756          -0.204          -3.628         -16.397          135.321
  127 (vir)          126.217           3.544         -10.114         -26.396          146.043
  128 (vir)          126.217           3.544         -10.114         -26.396          146.043
  129 (vir)          126.332           1.068          -1.131         -12.344          138.614
  130 (vir)          126.333           1.068          -1.131         -12.344          138.614
  131 (vir)          131.184           1.112          -1.517         -13.676          144.454
  132 (vir)          131.184           1.112          -1.517         -13.676          144.454
  133 (vir)          134.343          -4.645          -6.208         -21.509          144.999
  134 (vir)          143.479           3.196          -5.827         -20.804          161.652
  135 (vir)          147.553           0.775          -4.531         -19.409          163.206
  136 (vir)          147.553           0.772          -4.531         -19.409          163.203
  137 (vir)          148.942           3.053          -1.838         -14.883          165.041
  138 (vir)          148.942           3.052          -1.838         -14.883          165.039
  139 (vir)          148.977           1.861          -4.502         -19.100          165.436
  140 (vir)          151.137           2.418          -3.901         -18.595          168.249
  141 (vir)          151.137           2.418          -3.901         -18.595          168.249
  142 (vir)          155.977           8.076          -1.625         -14.883          177.311
  143 (vir)          155.977           8.076          -1.625         -14.883          177.311
  144 (vir)          159.054           0.446          -2.073         -15.949          173.376
  145 (vir)          159.055           0.446          -2.073         -15.949          173.376
  146 (vir)          162.980           2.289          -2.093         -16.360          179.535
  147 (vir)          162.980           2.289          -2.093         -16.359          179.535
  148 (vir)          168.953           1.106          -2.627         -17.627          185.059
  149 (vir)          168.953           1.106          -2.627         -17.627          185.059
  150 (vir)          173.673           2.345          -7.503         -24.444          192.958
  151 (vir)          186.648          -1.432         -10.540         -27.393          202.068
  152 (vir)          201.333          -4.199          -6.969         -23.456          213.620
  153 (vir)          209.013           0.716          -2.661         -18.616          225.684
  154 (vir)          209.013           0.716          -2.661         -18.616          225.684
  155 (vir)          217.776          -1.653          -4.023         -20.580          232.680
  156 (vir)          235.903           2.242          -2.291         -18.733          254.587
  157 (vir)          235.903           2.242          -2.291         -18.733          254.587
  158 (vir)          242.487           1.807          -2.337         -19.016          260.973
  159 (vir)          242.487           1.807          -2.337         -19.016          260.973
  160 (vir)          258.780           2.712          -5.477         -23.880          279.896
  161 (vir)          265.747           2.131          -2.448         -19.769          285.199
  162 (vir)          265.749           2.131          -2.448         -19.767          285.199
  163 (vir)          273.930           2.321          -3.373         -21.493          294.370
  164 (vir)          280.172           2.092          -2.861         -20.804          300.207
  165 (vir)          280.172           2.092          -2.861         -20.804          300.207
  166 (vir)          292.442           6.576          -3.436         -23.024          318.606
  167 (vir)          292.442           6.576          -3.436         -23.024          318.606
  168 (vir)          303.028           1.868          -3.256         -22.727          324.367
  169 (vir)          303.028           1.868          -3.257         -22.727          324.367
  170 (vir)          318.939           1.578          -3.258         -22.873          340.132
  171 (vir)          318.939           1.578          -3.258         -22.873          340.132
  172 (vir)          320.485           2.179          -4.896         -25.229          342.997
  173 (vir)          321.773           1.129          -4.321         -25.521          344.103
  174 (vir)          321.774           1.129          -4.321         -25.521          344.103
  175 (vir)          343.431           1.679         -23.450         -51.309          372.969
  176 (vir)          343.431           1.679         -23.450         -51.309          372.969
  177 (vir)          356.244           1.669         -22.648         -50.521          385.786
  178 (vir)          358.794           1.896          -4.089         -25.274          381.875
  179 (vir)          358.794           1.896          -4.089         -25.274          381.875
  180 (vir)          371.110           2.588          -7.434         -29.358          395.621
  181 (vir)          391.454           2.188          -7.139         -29.527          416.029
  182 (vir)          672.604           1.491         -26.420         -61.119          708.793
  183 (vir)          762.769           1.159         -12.942         -46.253          797.239
  184 (vir)         1297.930           1.504         -18.046         -62.298         1343.686
  185 (vir)         2202.850           1.184         -41.331        -102.000         2264.703
  186 (vir)         3992.096           1.423         -14.790         -94.602         4073.331
  187 (vir)         6865.301           1.090         -20.634        -126.375         6972.132
  188 (vir)         7550.118           0.166         -71.418        -185.890         7664.754
  189 (vir)        43508.855           0.005        -122.362        -424.901        43811.399
