 
  kpoint:     0.0000    0.0000    0.0000
 
    n          ϵ_nk^DFT (eV)     Σ^c_nk (eV)     Σ^x_nk (eV)     v_n^xc (eV)   ϵ_nk^G0W0 (eV)
 
    1 (occ)        -2403.079          -6.458        -281.404        -175.428        -2515.513
    2 (occ)         -662.376          -3.713        -150.711         -94.987         -721.812
    3 (occ)         -662.376          -3.699        -150.711         -94.987         -721.799
    4 (occ)         -660.480          -4.207        -150.706         -94.987         -720.406
    5 (occ)         -660.480          -4.290        -150.705         -94.987         -720.489
    6 (occ)         -215.215          12.755         -90.442         -56.026         -236.877
    7 (occ)         -161.419          10.147         -82.322         -57.080         -176.515
    8 (occ)         -161.375           4.782         -82.402         -57.101         -181.893
    9 (occ)         -161.194           7.580         -82.592         -57.162         -179.044
   10 (occ)          -34.117           8.012         -37.696         -23.865          -39.936
   11 (occ)          -32.287           8.251         -39.490         -25.562          -37.963
   12 (occ)          -30.395           8.632         -39.062         -25.111          -35.713
   13 (occ)          -29.941           8.456         -39.732         -25.775          -35.442
   14 (occ)          -19.694           5.051         -31.064         -22.053          -23.654
   15 (occ)          -15.792           3.556         -29.955         -22.398          -19.792
   16 (occ)          -15.137           4.396         -29.988         -21.857          -18.873
   17 (occ)          -14.744           3.814         -27.994         -20.261          -18.662
   18 (occ)          -12.898           4.611         -30.779         -22.123          -16.943
   19 (occ)          -12.558           3.454         -30.519         -23.082          -16.542
   20 (occ)          -11.993           4.225         -30.770         -22.557          -15.981
   21 (occ)          -11.904           3.631         -31.291         -23.423          -16.140
   22 (occ)          -10.645           3.642         -30.430         -22.746          -14.687
   23 (occ)          -10.374           4.039         -31.223         -23.242          -14.316
   24 (occ)           -9.972           3.882         -32.064         -23.964          -14.190
   25 (occ)           -9.778           3.942         -32.390         -24.320          -13.906
   26 (occ)           -8.191           1.539         -26.883         -21.426          -12.109
   27 (vir)           -2.895          -2.326         -11.409         -17.005            0.374
   28 (vir)           -0.559          -2.980         -13.656         -20.168            2.973
   29 (vir)            0.685          -2.511         -11.724         -17.488            3.939
   30 (vir)            2.645          -1.298          -2.791          -6.493            5.050
   31 (vir)            3.315          -1.414          -3.193          -7.216            5.924
   32 (vir)            3.419          -1.274          -2.611          -6.256            5.791
   33 (vir)            3.922          -1.830          -5.127          -9.803            6.768
   34 (vir)            6.153          -1.363          -2.210          -6.183            8.763
   35 (vir)            6.352          -1.580          -3.174          -7.525            9.122
   36 (vir)            6.589          -2.092          -4.879         -10.098            9.717
   37 (vir)            6.885          -2.431          -5.944         -11.555           10.065
   38 (vir)            7.428          -3.473          -7.329         -14.370           10.997
   39 (vir)            7.869          -1.354          -2.213          -6.537           10.838
   40 (vir)            8.182          -1.594          -2.301          -6.873           11.160
   41 (vir)            8.762          -2.056          -2.966          -8.135           11.875
   42 (vir)            9.789          -2.129          -3.949          -9.165           12.876
   43 (vir)            9.981          -1.764          -2.709          -7.447           12.955
   44 (vir)           10.525          -1.303          -2.537          -6.840           13.524
   45 (vir)           10.956          -1.287          -2.442          -6.706           13.933
   46 (vir)           11.246          -1.521          -2.701          -7.253           14.277
   47 (vir)           12.092          -1.322          -2.346          -6.800           15.224
   48 (vir)           13.583          -1.190          -1.799          -6.011           16.605
   49 (vir)           14.683          -3.309          -5.202         -12.100           18.273
   50 (vir)           16.276          -3.621          -5.677         -13.170           20.148
   51 (vir)           20.152          -3.093          -4.849         -11.999           24.208
   52 (vir)           20.188          -4.260          -5.449         -13.452           23.931
   53 (vir)           20.770          -2.944          -3.540         -10.561           24.848
   54 (vir)           21.590          -3.055          -3.330         -10.346           25.551
   55 (vir)           22.228          -3.252          -4.280         -11.020           25.717
   56 (vir)           22.279          -2.888          -4.298         -10.725           25.818
   57 (vir)           22.430          -3.053          -3.982         -11.004           26.399
   58 (vir)           23.993          -3.658          -3.662         -10.963           27.635
   59 (vir)           25.688          -3.465          -2.586          -9.839           29.476
   60 (vir)           25.898          -3.222          -3.598         -10.761           29.839
   61 (vir)           26.581          -3.004          -4.237         -12.049           31.389
   62 (vir)           27.523          -3.189          -4.262         -11.496           31.567
   63 (vir)           27.867          -2.483          -3.154          -9.922           32.152
   64 (vir)           28.008          -3.158          -4.095         -11.481           32.236
   65 (vir)           28.584          -4.038          -3.971         -12.174           32.749
   66 (vir)           29.091          -2.580          -3.714         -10.208           33.006
   67 (vir)           32.627          -3.024          -3.814         -11.641           37.430
   68 (vir)           33.955          -2.614          -3.541         -11.274           39.074
   69 (vir)           35.116          -3.162          -4.642         -12.764           40.075
   70 (vir)           37.045          -3.457          -4.730         -13.116           41.973
   71 (vir)           38.123          -3.046          -4.858         -13.172           43.391
   72 (vir)           39.480          -3.187          -5.193         -14.256           45.356
   73 (vir)           41.767          -3.436          -4.923         -13.569           46.976
   74 (vir)           41.928          -3.271          -4.304         -12.965           47.318
   75 (vir)           41.958          -3.784          -4.861         -13.582           46.894
   76 (vir)           42.564          -3.636          -4.676         -13.600           47.852
   77 (vir)           42.799          -3.490          -4.865         -13.585           48.029
   78 (vir)           43.363          -3.188          -4.629         -13.832           49.378
   79 (vir)           43.558          -3.235          -4.115         -12.751           48.959
   80 (vir)           43.651          -3.774          -5.144         -14.579           49.312
   81 (vir)           43.802          -4.003          -5.050         -14.136           48.885
   82 (vir)           44.368          -3.598          -4.912         -13.894           49.753
   83 (vir)           44.628          -3.843          -4.922         -13.709           49.572
   84 (vir)           44.770          -3.439          -4.697         -13.205           49.838
   85 (vir)           44.984          -3.856          -4.879         -13.833           50.081
   86 (vir)           45.171          -3.309          -4.704         -13.228           50.387
   87 (vir)           47.155          -3.094          -3.881         -12.231           52.411
   88 (vir)           48.339          -4.220          -5.913         -16.224           54.429
   89 (vir)           48.773          -2.108          -4.485         -13.234           55.415
   90 (vir)           49.207          -3.112          -4.306         -13.697           55.486
   91 (vir)           49.307          -3.178          -4.704         -14.070           55.495
   92 (vir)           52.813          -3.943          -6.141         -17.043           59.772
   93 (vir)           53.535          -2.875          -3.453         -12.537           59.745
   94 (vir)           53.912          -1.892          -3.733         -13.256           61.544
   95 (vir)           57.402          -2.948          -3.982         -13.849           64.321
   96 (vir)           59.500          -2.704          -4.557         -14.898           67.136
   97 (vir)           63.470          -2.505          -3.406         -13.231           70.790
   98 (vir)           63.642          -3.024          -3.551         -13.585           70.652
   99 (vir)           66.162          -4.281          -5.179         -15.479           72.181
  100 (vir)           67.105          -3.039          -5.101         -16.904           75.868
  101 (vir)           67.906          -3.040          -4.963         -16.727           76.631
  102 (vir)           69.725          -3.407          -4.471         -15.044           76.891
  103 (vir)           70.820          -4.281          -4.136         -15.638           78.041
  104 (vir)           72.071          -2.655          -3.446         -14.566           80.536
  105 (vir)           72.334          -0.995          -3.144         -14.228           82.424
  106 (vir)           72.706           0.923          -3.421         -14.263           84.471
  107 (vir)           77.250          -1.861          -3.237         -15.067           87.220
  108 (vir)           78.471          -2.656          -4.041         -15.891           87.664
  109 (vir)           78.935          -1.360          -3.881         -16.039           89.733
  110 (vir)           80.536          -2.574          -2.942         -14.577           89.598
  111 (vir)           81.225           0.884          -4.024         -15.280           93.366
  112 (vir)           81.541          -2.088          -3.471         -14.931           90.912
  113 (vir)           83.123          -3.552          -3.042         -14.809           91.337
  114 (vir)           83.569          -2.720          -4.055         -15.877           92.672
  115 (vir)           85.782          -4.457          -3.072         -14.505           92.758
  116 (vir)           87.554          -1.837          -2.998         -14.701           97.420
  117 (vir)           87.985          -0.959          -2.682         -14.224           98.568
  118 (vir)           89.309          -1.981          -3.443         -15.251           99.136
  119 (vir)           91.550          -4.498          -4.659         -16.692           99.085
  120 (vir)           91.958          -4.575          -2.519         -14.214           99.077
  121 (vir)           92.609          -1.404          -3.442         -15.502          103.265
  122 (vir)           93.071          -2.604          -6.337         -18.604          102.735
  123 (vir)           93.220          -3.129          -4.305         -16.262          102.047
  124 (vir)           95.667          -3.242          -6.370         -19.263          105.319
  125 (vir)           96.613          -6.838          -6.020         -19.452          103.207
  126 (vir)           96.767          -2.749          -5.285         -18.279          107.012
  127 (vir)          107.838          -1.205          -5.427         -18.912          120.118
  128 (vir)          107.990          -0.991          -3.355         -16.134          119.778
  129 (vir)          108.718           1.237          -3.561         -16.468          122.862
  130 (vir)          109.215          -3.440          -3.401         -16.278          118.653
  131 (vir)          109.700          -5.343          -3.410         -16.267          117.213
  132 (vir)          110.069          -4.208          -3.393         -16.254          118.722
  133 (vir)          110.237          -2.755          -3.391         -16.222          120.313
  134 (vir)          110.878          -2.026          -3.377         -16.222          121.698
  135 (vir)          111.653          -1.588          -3.510         -16.461          123.015
  136 (vir)          112.160          -0.958          -3.563         -16.464          124.103
  137 (vir)          112.648          -0.797          -4.422         -17.771          125.200
  138 (vir)          114.232          -2.169          -5.627         -19.286          125.722
  139 (vir)          114.766          -3.258          -4.486         -17.935          124.958
  140 (vir)          115.070          -2.030          -3.527         -16.538          126.050
  141 (vir)          120.296          -3.092          -3.712         -17.153          130.645
  142 (vir)          120.893          -4.225          -4.472         -18.183          130.379
  143 (vir)          121.676          -1.531          -4.095         -17.845          133.894
  144 (vir)          121.880           0.010          -3.133         -16.245          135.003
  145 (vir)          122.220          -3.315          -4.305         -18.081          132.681
  146 (vir)          122.357          -3.082          -5.615         -19.229          132.889
  147 (vir)          125.976          -3.634          -5.412         -19.881          136.811
  148 (vir)          128.116          -4.315          -5.593         -20.203          138.411
  149 (vir)          128.991          -4.902          -6.671         -21.840          139.259
  150 (vir)          129.222          -3.145          -5.447         -20.051          140.681
  151 (vir)          131.025          -4.337          -6.145         -21.152          141.694
  152 (vir)          132.722          -3.750          -6.472         -21.479          143.979
  153 (vir)          133.801          -1.981          -5.165         -19.731          146.385
  154 (vir)          133.832          -6.018          -6.888         -22.118          143.044
  155 (vir)          134.469          -5.825          -6.184         -21.235          143.694
  156 (vir)          135.434          -3.652          -5.791         -20.557          146.549
  157 (vir)          137.893          -5.542          -6.055         -21.336          147.632
  158 (vir)          138.188          -5.898          -6.138         -21.477          147.628
  159 (vir)          139.977          -4.514          -6.183         -21.299          150.579
  160 (vir)          140.420          -0.328          -5.861         -21.006          155.237
  161 (vir)          142.509          -0.593          -5.653         -20.851          157.114
  162 (vir)          142.516           1.498          -5.308         -20.105          158.812
  163 (vir)          142.908          -6.946          -5.642         -20.708          151.028
  164 (vir)          143.834          -4.093          -6.812         -22.847          155.777
  165 (vir)          145.026          -2.731          -6.881         -22.879          158.293
  166 (vir)          145.551          -2.577          -6.939         -23.206          159.242
  167 (vir)          150.149          -3.552          -5.862         -21.616          162.352
  168 (vir)          150.981          -4.983          -5.707         -21.374          161.666
  169 (vir)          153.739         -18.117          -6.712         -23.438          152.348
  170 (vir)          154.733          -6.310          -4.296         -19.178          163.304
  171 (vir)          156.207          -3.524          -3.607         -18.053          167.129
  172 (vir)          156.247          -0.107          -3.916         -18.710          170.934
  173 (vir)          156.480          -4.291          -4.131         -19.060          167.118
  174 (vir)          158.278          -3.956          -5.243         -20.961          170.041
  175 (vir)          163.278          -2.418          -8.700         -27.222          179.383
  176 (vir)          163.834          -2.629          -9.180         -28.121          180.147
  177 (vir)          165.769          -2.181          -9.445         -28.825          182.967
  178 (vir)          167.549          -0.509          -5.923         -20.735          181.853
  179 (vir)          169.087          -0.447          -8.643         -27.241          187.238
  180 (vir)          169.097          -4.650          -7.320         -25.580          182.707
  181 (vir)          171.025           1.785          -8.439         -27.045          191.416
  182 (vir)          172.712          -0.858          -8.451         -27.164          190.567
  183 (vir)          172.936          -5.494          -7.365         -25.115          185.192
  184 (vir)          173.702          -8.069          -8.405         -27.038          184.267
  185 (vir)          178.172           1.624          -4.668         -19.633          194.761
  186 (vir)          183.845          -0.132          -4.559         -19.999          199.152
  187 (vir)          189.718          -1.345          -8.291         -28.205          208.287
  188 (vir)          189.899         -22.341          -6.300         -23.744          185.002
  189 (vir)          191.659          -5.790          -7.386         -26.251          204.734
  190 (vir)          193.855          -7.458          -8.441         -28.010          205.966
  191 (vir)          200.873           3.391          -9.145         -26.473          221.592
  192 (vir)          231.235           0.024         -12.654         -32.767          251.371
  193 (vir)          233.897           1.325         -12.485         -32.564          255.300
  194 (vir)          235.713           1.962         -12.231         -32.209          257.653
  195 (vir)          240.287          -1.191         -11.622         -31.691          259.164
  196 (vir)          258.939          -4.764         -10.796         -30.705          274.083
  197 (vir)          302.863           5.695          -2.996         -22.010          327.572
  198 (vir)          302.933          -2.792          -2.991         -22.005          319.155
  199 (vir)          303.331           4.231          -2.990         -22.003          326.575
  200 (vir)          303.431           2.059          -2.987         -21.998          324.501
  201 (vir)          303.594           3.838          -2.996         -22.017          326.454
  202 (vir)          303.694          -0.469          -3.009         -22.046          322.262
  203 (vir)          303.711          -0.187          -3.009         -22.045          322.560
  204 (vir)          303.836           3.259          -3.003         -22.036          326.128
  205 (vir)          303.895          -0.404          -3.010         -22.047          322.528
  206 (vir)          304.053           0.261          -2.991         -22.010          323.333
  207 (vir)          304.168           3.891          -2.986         -21.999          327.071
  208 (vir)          305.029           1.845          -2.982         -21.996          325.890
  209 (vir)          305.037           1.155          -2.985         -21.995          325.202
  210 (vir)          305.173           1.831          -2.992         -22.008          326.020
  211 (vir)          305.181           0.490          -2.990         -22.014          324.695
  212 (vir)          305.376           1.240          -3.002         -22.039          325.653
  213 (vir)          305.389           1.304          -3.001         -22.035          325.727
  214 (vir)          305.400           2.010          -3.005         -22.046          326.451
  215 (vir)          305.416           2.205          -3.000         -22.031          326.652
  216 (vir)          305.660           7.098          -3.027         -22.116          331.846
  217 (vir)          305.672           8.611          -2.995         -22.059          333.347
  218 (vir)          306.129           6.379          -2.989         -22.057          331.575
  219 (vir)          306.309           7.964          -2.998         -22.058          333.333
  220 (vir)          306.710           6.773          -2.979         -22.033          332.537
  221 (vir)          307.620           7.066          -3.043         -22.163          333.805
  222 (vir)          307.783           8.769          -3.085         -22.223          335.690
  223 (vir)          308.046          10.506          -3.051         -22.207          337.707
  224 (vir)          308.363           7.088          -2.995         -22.098          334.554
  225 (vir)          308.953          10.240          -3.009         -22.174          338.359
  226 (vir)          310.796           8.241          -3.039         -22.228          338.225
  227 (vir)          311.347         -22.544          -3.016         -22.237          308.025
  228 (vir)          313.023           4.717          -3.343         -22.719          337.116
  229 (vir)          313.923          -7.416          -3.380         -22.800          325.927
  230 (vir)          314.098         -10.948          -3.013         -22.236          322.372
  231 (vir)          314.381           4.209          -3.042         -22.294          337.842
  232 (vir)          315.240           1.393          -3.303         -22.677          336.006
  233 (vir)          388.584           6.417          -4.663         -27.743          418.081
  234 (vir)          388.699           6.720          -4.783         -27.882          418.518
  235 (vir)          389.133           8.125          -4.713         -27.801          420.347
  236 (vir)          389.375           9.417          -4.650         -27.711          421.853
  237 (vir)          390.349           9.578          -4.627         -27.695          422.996
  238 (vir)          390.394           8.776          -4.642         -27.707          422.234
  239 (vir)          390.536           9.599          -4.670         -27.741          423.206
  240 (vir)          390.690           8.730          -4.617         -27.681          422.484
  241 (vir)          390.930          10.991          -4.769         -27.864          425.015
  242 (vir)          391.758           7.403          -4.745         -27.818          422.234
  243 (vir)          391.915           7.845          -4.505         -27.520          422.775
  244 (vir)          392.438           5.823          -5.458         -28.665          421.468
  245 (vir)          392.584           6.407          -5.603         -28.841          422.230
  246 (vir)          393.735           7.725          -4.479         -27.492          424.474
  247 (vir)          394.616           6.243          -5.113         -28.251          423.997
  248 (vir)          396.534           6.553          -4.487         -27.531          426.130
  249 (vir)          396.699           5.491          -6.206         -29.591          425.575
  250 (vir)          397.481           6.615          -5.087         -28.274          427.283
  251 (vir)          399.497           5.680          -5.873         -29.195          428.499
  252 (vir)          401.395           5.796          -5.568         -28.824          430.447
  253 (vir)          401.870           5.944          -5.166         -28.403          431.050
  254 (vir)          402.393           5.234          -6.648         -30.116          431.095
  255 (vir)          402.919           5.110          -6.307         -29.780          431.502
  256 (vir)          405.452           7.106          -4.390         -27.483          435.650
  257 (vir)          405.462           6.226          -4.636         -27.729          434.781
  258 (vir)          406.660           6.751          -4.775         -27.963          436.599
  259 (vir)          407.320           5.863          -4.739         -27.920          436.364
  260 (vir)          407.961           6.447          -4.394         -27.524          437.539
  261 (vir)          418.511           4.251          -9.064         -33.612          447.310
  262 (vir)          421.645          -8.036          -5.905         -30.784          438.488
  263 (vir)          422.871         -25.074          -5.954         -30.671          422.514
  264 (vir)          423.760          -9.118          -5.847         -30.701          439.496
  265 (vir)          424.020         -11.673          -5.867         -30.745          437.225
  266 (vir)          424.423          -8.557          -5.810         -30.632          440.688
  267 (vir)          424.908          -8.433          -5.770         -30.541          441.246
  268 (vir)          425.150           3.934          -6.779         -31.428          453.732
  269 (vir)          427.016          -4.490          -5.966         -30.818          447.378
  270 (vir)          428.684           6.298          -7.207         -31.912          459.688
  271 (vir)          430.491          11.210          -7.097         -31.832          466.436
  272 (vir)          430.941           9.204          -6.033         -30.657          464.769
  273 (vir)          432.539          19.076          -5.367         -29.923          476.171
  274 (vir)          433.806         -37.842          -5.293         -29.791          420.461
  275 (vir)          435.188          13.114          -5.406         -30.028          472.924
  276 (vir)          435.820           7.619          -5.518         -30.182          468.103
  277 (vir)          436.461           9.673          -6.898         -31.625          470.861
  278 (vir)          436.527          12.257          -5.313         -29.901          473.372
  279 (vir)          437.179          10.545          -5.584         -30.209          472.349
  280 (vir)          438.996           8.897          -5.392         -29.894          472.396
  281 (vir)          445.139          -0.716          -5.503         -29.489          468.409
  282 (vir)          445.602           6.430          -5.434         -29.588          476.186
  283 (vir)          446.891           6.610          -5.464         -29.822          477.857
  284 (vir)          450.113           3.303          -6.192         -29.956          477.179
  285 (vir)          656.527           2.084         -18.901         -50.510          690.220
  286 (vir)          778.301           3.567         -31.257         -75.264          825.875
  287 (vir)          782.209           3.691         -30.940         -74.947          829.907
  288 (vir)          783.863           3.406         -30.875         -74.909          831.303
  289 (vir)         1467.552           1.719         -20.199         -67.395         1516.467
  290 (vir)         1468.824           1.773         -20.201         -67.403         1517.799
  291 (vir)         1470.848           1.731         -20.162         -67.369         1519.785
  292 (vir)         1473.274           1.769         -20.145         -67.352         1522.249
  293 (vir)         2266.800           2.557         -32.819         -93.041         2329.578
  294 (vir)         7737.975           1.277         -24.272        -138.442         7853.421
  295 (vir)         7738.867           1.284         -24.271        -138.440         7854.320
  296 (vir)         7741.926           1.281         -24.260        -138.435         7857.382
  297 (vir)         7744.496           1.288         -24.254        -138.430         7859.960
  298 (vir)        12230.831           0.730         -52.191        -208.603        12387.972
