 
  kpoint:     0.0000    0.0000    0.0000
 
    n          ϵ_nk^DFT (eV)     Σ^c_nk (eV)     Σ^x_nk (eV)     v_n^xc (eV)   ϵ_nk^G0W0 (eV)
 
    1 (occ)       -13085.843           3.241        -645.674        -398.174       -13330.103
    2 (occ)        -3506.143           2.159        -338.661        -210.461        -3632.185
    3 (occ)        -1678.517           4.049        -238.776        -145.989        -1767.254
    4 (occ)        -1512.862           4.633        -232.569        -154.721        -1586.076
    5 (occ)        -1512.857           4.634        -232.575        -154.723        -1586.075
    6 (occ)        -1512.857           4.634        -232.575        -154.723        -1586.075
    7 (occ)         -350.971           2.885        -112.586         -69.415         -391.257
    8 (occ)         -280.454           3.568        -105.114         -72.036         -309.964
    9 (occ)         -280.454           3.568        -105.114         -72.036         -309.964
   10 (occ)         -280.441           3.581        -105.121         -72.033         -309.948
   11 (occ)         -225.550           9.012        -103.616         -64.372         -255.783
   12 (occ)         -167.570          13.559         -95.194         -63.021         -186.184
   13 (occ)         -167.551          13.672         -95.203         -63.025         -186.057
   14 (occ)         -167.551          13.672         -95.203         -63.025         -186.057
   15 (occ)          -64.251           9.467         -77.955         -58.382          -74.356
   16 (occ)          -64.244           9.473         -77.958         -58.384          -74.344
   17 (occ)          -64.244           9.473         -77.958         -58.384          -74.344
   18 (occ)          -64.228           9.450         -77.964         -58.389          -74.354
   19 (occ)          -64.228           9.450         -77.964         -58.389          -74.354
   20 (occ)          -35.254           8.381         -35.715         -23.509          -39.079
   21 (occ)          -19.094           2.117         -27.686         -20.851          -23.812
   22 (occ)          -19.094           2.117         -27.686         -20.851          -23.812
   23 (occ)          -19.046           2.413         -27.690         -20.713          -23.609
   24 (occ)          -15.745           5.971         -26.483         -18.524          -17.733
   25 (occ)           -4.977           0.955         -18.458         -14.544           -7.936
   26 (occ)           -4.709           1.397         -18.145         -14.130           -7.327
   27 (occ)           -4.709           1.397         -18.145         -14.130           -7.327
   28 (vir)           -1.896          -0.623          -1.322          -3.531           -0.309
   29 (vir)           -0.336          -0.327          -0.566          -1.976            0.745
   30 (vir)           -0.336          -0.327          -0.566          -1.976            0.745
   31 (vir)           -0.091          -0.433          -0.751          -2.494            1.219
   32 (vir)            0.658          -0.239          -0.451          -1.453            1.420
   33 (vir)            1.101          -0.259          -0.601          -1.821            2.062
   34 (vir)            1.101          -0.259          -0.601          -1.821            2.062
   35 (vir)            1.141          -0.709          -1.694          -4.775            3.513
   36 (vir)            1.141          -0.709          -1.694          -4.775            3.513
   37 (vir)            1.254          -0.423          -0.912          -2.720            2.639
   38 (vir)            1.729          -0.831          -2.494          -5.649            4.053
   39 (vir)            1.729          -0.831          -2.494          -5.649            4.053
   40 (vir)            2.987          -0.627          -1.496          -3.801            4.665
   41 (vir)            4.512          -0.773          -1.933          -4.791            6.597
   42 (vir)            4.870          -0.547          -1.011          -3.025            6.336
   43 (vir)            4.870          -0.547          -1.011          -3.025            6.336
   44 (vir)            5.284          -1.168          -3.454          -7.860            8.522
   45 (vir)            5.284          -1.168          -3.454          -7.860            8.522
   46 (vir)            5.330          -1.132          -3.832          -8.515            8.880
   47 (vir)            5.330          -1.132          -3.832          -8.514            8.880
   48 (vir)            5.369          -0.997          -2.420          -5.686            7.638
   49 (vir)            5.785          -1.090          -3.238          -7.143            8.600
   50 (vir)            7.040          -1.503          -2.668          -6.201            9.070
   51 (vir)            7.040          -1.503          -2.668          -6.201            9.070
   52 (vir)            7.329          -1.413          -3.306          -7.074            9.685
   53 (vir)           10.133          -2.160          -5.228         -10.592           13.337
   54 (vir)           10.133          -2.160          -5.228         -10.592           13.337
   55 (vir)           11.126          -2.426          -5.118         -10.707           14.289
   56 (vir)           11.126          -2.426          -5.118         -10.707           14.289
   57 (vir)           11.875          -2.013          -4.236          -9.208           14.834
   58 (vir)           14.548          -2.023          -3.833          -8.861           17.553
   59 (vir)           16.695          -1.889          -3.549          -8.704           19.962
   60 (vir)           16.695          -1.889          -3.549          -8.704           19.962
   61 (vir)           18.668          -2.947          -4.520         -11.048           22.250
   62 (vir)           20.153          -2.568          -1.321          -7.028           23.293
   63 (vir)           20.153          -2.568          -1.321          -7.028           23.293
   64 (vir)           20.307          -2.157          -0.920          -6.306           23.537
   65 (vir)           20.307          -2.157          -0.920          -6.306           23.537
   66 (vir)           20.688          -2.751          -4.239         -11.541           25.238
   67 (vir)           20.688          -2.751          -4.239         -11.540           25.238
   68 (vir)           20.853          -2.627          -3.705         -10.752           25.272
   69 (vir)           20.853          -2.627          -3.705         -10.752           25.272
   70 (vir)           20.975          -2.355          -2.458          -8.657           24.818
   71 (vir)           22.101          -3.390          -2.552          -9.243           25.401
   72 (vir)           22.101          -3.390          -2.552          -9.243           25.401
   73 (vir)           25.623          -3.268          -3.915         -10.787           29.225
   74 (vir)           27.902          -5.294          -2.369          -9.946           30.185
   75 (vir)           27.902          -5.294          -2.369          -9.946           30.185
   76 (vir)           27.971          -3.470          -4.698         -12.087           31.890
   77 (vir)           28.830          -5.124          -2.327          -9.895           31.273
   78 (vir)           28.830          -5.124          -2.327          -9.895           31.273
   79 (vir)           29.854          -3.443          -4.881         -12.470           33.999
   80 (vir)           29.854          -3.443          -4.881         -12.470           33.999
   81 (vir)           31.012          -3.371          -3.442         -10.824           35.023
   82 (vir)           33.205          -3.021          -3.655         -11.615           38.144
   83 (vir)           33.205          -3.021          -3.655         -11.615           38.144
   84 (vir)           38.890          -1.923          -5.997         -14.831           45.800
   85 (vir)           39.891          -1.442          -7.432         -17.028           48.045
   86 (vir)           39.891          -1.442          -7.432         -17.028           48.045
   87 (vir)           43.377          -1.718          -6.366         -15.825           51.118
   88 (vir)           43.377          -1.718          -6.366         -15.825           51.118
   89 (vir)           51.243          -1.033          -6.386         -15.959           59.783
   90 (vir)           53.344          -0.815          -5.667         -15.159           62.022
   91 (vir)           73.632           1.451          -2.308         -13.394           86.168
   92 (vir)           73.632           1.451          -2.308         -13.394           86.168
   93 (vir)           73.660           1.680          -2.175         -13.172           86.337
   94 (vir)           73.660           1.680          -2.175         -13.172           86.337
   95 (vir)           73.775           1.419          -2.156         -13.140           86.178
   96 (vir)           73.775           1.419          -2.156         -13.140           86.178
   97 (vir)           73.806           0.870          -2.613         -13.755           85.818
   98 (vir)           73.806           0.870          -2.613         -13.755           85.818
   99 (vir)           73.874           0.877          -2.660         -13.805           85.896
  100 (vir)           74.718          -1.141          -3.993         -15.655           85.240
  101 (vir)           74.718          -1.141          -3.993         -15.655           85.240
  102 (vir)           74.890          -0.865          -4.085         -15.933           85.874
  103 (vir)           74.890          -0.865          -4.085         -15.933           85.874
  104 (vir)           76.235          -0.086          -4.722         -17.338           88.765
  105 (vir)           76.939           0.323          -4.587         -17.532           90.208
  106 (vir)           76.939           0.323          -4.587         -17.532           90.208
  107 (vir)           76.981          -0.131          -4.814         -18.018           90.054
  108 (vir)           76.981          -0.131          -4.814         -18.018           90.054
  109 (vir)           78.859           0.162          -3.949         -15.975           91.048
  110 (vir)           78.859           0.162          -3.949         -15.975           91.048
  111 (vir)           83.599           0.331          -4.527         -17.101           96.503
  112 (vir)          106.757          -4.392          -9.989         -23.996          116.372
  113 (vir)          106.757          -4.392          -9.989         -23.996          116.372
  114 (vir)          108.069          -1.302          -9.152         -22.441          120.056
  115 (vir)          113.214          -2.229          -9.227         -23.079          124.837
  116 (vir)          133.632          -2.884         -14.533         -32.392          148.608
  117 (vir)          133.632          -2.884         -14.533         -32.392          148.608
  118 (vir)          135.626          -3.443         -14.374         -32.225          150.034
  119 (vir)          135.626          -3.443         -14.374         -32.225          150.034
  120 (vir)          141.123          -3.675         -13.773         -31.495          155.170
  121 (vir)          209.288          -0.696         -16.635         -35.964          227.922
  122 (vir)          366.583          -2.405         -24.910         -53.839          393.107
  123 (vir)          366.583          -2.405         -24.910         -53.839          393.107
  124 (vir)          370.510          -2.377         -24.760         -53.712          397.086
  125 (vir)          385.162          -0.380         -16.146         -39.979          408.614
  126 (vir)          778.751          -1.319         -28.910         -66.387          814.908
  127 (vir)         1336.812          -0.599         -31.154         -78.478         1383.536
  128 (vir)         2560.971          -1.677         -44.110        -109.687         2624.872
  129 (vir)         8721.834          -1.500         -75.093        -197.749         8842.991
  130 (vir)         9281.081          -1.210         -70.554        -213.804         9423.121
  131 (vir)        49414.222          -1.681        -124.949        -446.135        49733.728
