 
  kpoint:     0.0000    0.0000    0.0000
 
    n          ϵ_nk^DFT (eV)     Σ^c_nk (eV)     Σ^x_nk (eV)     v_n^xc (eV)   ϵ_nk^G0W0 (eV)
 
    1 (occ)         -512.450           2.847        -132.599         -83.744         -558.459
    2 (occ)         -512.450           2.878        -132.597         -83.744         -558.426
    3 (occ)         -273.716           3.717         -96.964         -61.564         -305.399
    4 (occ)          -29.194           7.359         -34.072         -22.108          -33.799
    5 (occ)          -28.191           7.123         -34.459         -22.951          -32.576
    6 (occ)          -13.767           3.633         -28.529         -20.635          -18.028
    7 (occ)          -12.758           2.414         -23.957         -17.637          -16.664
    8 (occ)          -12.758           2.414         -23.957         -17.637          -16.664
    9 (occ)          -12.674           3.068         -28.415         -21.013          -17.008
   10 (occ)           -9.074           1.321         -25.548         -20.078          -13.222
   11 (occ)           -9.074           1.321         -25.548         -20.078          -13.222
   12 (vir)           -0.297          -1.442          -4.047          -8.277            2.491
   13 (vir)           -0.272          -2.452         -10.876         -17.273            3.673
   14 (vir)           -0.272          -2.452         -10.876         -17.273            3.673
   15 (vir)            2.648          -0.673          -0.964          -3.635            4.647
   16 (vir)            2.648          -0.673          -0.964          -3.635            4.647
   17 (vir)            2.957          -0.723          -1.467          -4.242            5.009
   18 (vir)            5.624          -2.305          -5.579         -10.916            8.656
   19 (vir)            6.668          -1.617          -3.164          -7.544            9.432
   20 (vir)            7.092          -1.044          -1.803          -5.452            9.698
   21 (vir)            7.092          -1.044          -1.803          -5.452            9.698
   22 (vir)            7.754          -0.700          -0.904          -4.079           10.229
   23 (vir)           10.523          -1.197          -1.733          -5.362           12.956
   24 (vir)           10.523          -1.197          -1.733          -5.362           12.956
   25 (vir)           10.589          -1.695          -2.104          -7.061           13.850
   26 (vir)           10.589          -1.695          -2.104          -7.061           13.850
   27 (vir)           16.186          -2.260          -3.615          -8.678           18.987
   28 (vir)           17.482          -2.853          -1.874          -7.419           20.174
   29 (vir)           17.482          -2.853          -1.874          -7.419           20.174
   30 (vir)           17.671          -2.005          -3.082          -7.886           20.469
   31 (vir)           20.449          -2.311          -3.214          -9.565           24.489
   32 (vir)           20.449          -2.311          -3.214          -9.565           24.489
   33 (vir)           21.028          -3.789          -6.182         -13.928           24.986
   34 (vir)           24.066          -4.837          -5.659         -14.259           27.828
   35 (vir)           25.317          -2.834          -3.814         -10.887           29.556
   36 (vir)           25.317          -2.834          -3.814         -10.887           29.556
   37 (vir)           27.221          -2.977          -2.997          -8.985           30.231
   38 (vir)           31.786          -3.366          -3.587         -10.741           35.575
   39 (vir)           32.582          -2.764          -3.023         -10.154           36.948
   40 (vir)           32.582          -2.764          -3.023         -10.154           36.948
   41 (vir)           32.884          -3.362          -3.885         -11.234           36.871
   42 (vir)           32.884          -3.362          -3.885         -11.234           36.871
   43 (vir)           36.754          -3.665          -3.735         -11.628           40.981
   44 (vir)           36.754          -3.665          -3.735         -11.628           40.981
   45 (vir)           39.533          -2.334          -2.750         -10.547           44.996
   46 (vir)           39.533          -2.334          -2.750         -10.547           44.996
   47 (vir)           41.911          -4.140          -3.551         -12.028           46.248
   48 (vir)           42.460          -2.069          -1.299          -8.789           47.881
   49 (vir)           42.460          -2.069          -1.299          -8.789           47.881
   50 (vir)           43.565          -2.233          -4.279         -13.083           50.136
   51 (vir)           43.565          -2.233          -4.279         -13.083           50.136
   52 (vir)           45.345          -1.572          -2.737         -11.906           52.942
   53 (vir)           45.345          -1.572          -2.737         -11.906           52.942
   54 (vir)           45.773          -3.163          -3.588         -10.836           49.857
   55 (vir)           52.070          -2.415          -2.876         -10.342           57.121
   56 (vir)           54.241          -2.254          -1.923         -10.653           60.717
   57 (vir)           54.241          -2.254          -1.923         -10.653           60.717
   58 (vir)           56.046          -2.634          -3.253         -12.059           62.218
   59 (vir)           59.211          -1.352          -2.726         -11.418           66.552
   60 (vir)           60.821          -1.619          -2.952         -12.492           68.742
   61 (vir)           60.821          -1.619          -2.952         -12.492           68.742
   62 (vir)           64.791          -1.535          -2.599         -12.395           73.052
   63 (vir)           64.791          -1.535          -2.599         -12.395           73.052
   64 (vir)           77.054          -1.770          -5.682         -18.465           88.067
   65 (vir)           79.436          -2.000          -2.577         -13.560           88.419
   66 (vir)           79.436          -2.000          -2.577         -13.560           88.419
   67 (vir)           80.732          -1.970          -5.452         -18.686           91.998
   68 (vir)           80.732          -1.970          -5.452         -18.686           91.998
   69 (vir)           85.427          -0.702          -2.360         -13.341           95.706
   70 (vir)           85.427          -0.702          -2.360         -13.341           95.706
   71 (vir)           90.338          -1.114          -3.075         -14.940          101.088
   72 (vir)           90.338          -1.114          -3.075         -14.940          101.088
   73 (vir)           92.929           0.122          -4.968         -16.918          105.001
   74 (vir)           96.766          -2.230          -5.417         -18.651          107.770
   75 (vir)           96.766          -2.230          -5.417         -18.651          107.770
   76 (vir)          101.333          -1.804          -4.519         -17.332          112.342
   77 (vir)          101.333          -1.804          -4.519         -17.332          112.342
   78 (vir)          102.050          -0.581          -3.263         -15.009          113.215
   79 (vir)          102.915          -1.628          -4.413         -16.945          113.819
   80 (vir)          102.915          -1.628          -4.413         -16.945          113.819
   81 (vir)          106.430          -1.536          -5.749         -19.667          118.812
   82 (vir)          111.924          -0.989          -3.176         -15.668          123.427
   83 (vir)          111.924          -0.989          -3.176         -15.668          123.427
   84 (vir)          112.544          -1.025          -2.102         -13.498          122.915
   85 (vir)          112.544          -1.025          -2.102         -13.498          122.915
   86 (vir)          115.950          -1.494          -4.796         -18.359          128.019
   87 (vir)          115.950          -1.494          -4.796         -18.359          128.019
   88 (vir)          116.060          -0.925          -6.084         -20.334          129.385
   89 (vir)          121.225           1.645          -5.342         -18.638          136.166
   90 (vir)          123.047          -0.819          -3.574         -16.276          134.930
   91 (vir)          125.021          -1.342          -4.044         -17.662          137.298
   92 (vir)          125.021          -1.342          -4.044         -17.662          137.298
   93 (vir)          125.807           0.180          -1.078         -12.016          136.925
   94 (vir)          125.807           0.180          -1.078         -12.016          136.925
   95 (vir)          132.737           1.127          -1.608         -13.840          146.097
   96 (vir)          132.737           1.127          -1.608         -13.840          146.097
   97 (vir)          138.429          -1.414          -5.619         -21.719          153.115
   98 (vir)          138.429          -1.414          -5.619         -21.719          153.115
   99 (vir)          140.022          -0.404          -5.149         -19.006          153.475
  100 (vir)          140.754           0.410          -5.675         -21.132          156.621
  101 (vir)          148.129          -1.306          -5.793         -21.814          162.844
  102 (vir)          148.129          -1.306          -5.793         -21.814          162.844
  103 (vir)          151.308          -0.728          -2.217         -15.856          164.219
  104 (vir)          151.308          -0.728          -2.217         -15.856          164.219
  105 (vir)          154.740          -0.715          -1.628         -14.751          167.147
  106 (vir)          154.740          -0.715          -1.628         -14.751          167.147
  107 (vir)          155.577          -0.439          -2.359         -16.606          169.384
  108 (vir)          155.577          -0.439          -2.359         -16.605          169.384
  109 (vir)          158.147          -0.362          -2.881         -17.357          172.261
  110 (vir)          158.147          -0.362          -2.881         -17.357          172.261
  111 (vir)          163.263          -0.966          -5.547         -22.733          179.483
  112 (vir)          169.008          -0.675          -2.054         -16.276          182.555
  113 (vir)          169.008          -0.675          -2.054         -16.275          182.555
  114 (vir)          172.864          -0.072          -3.439         -18.477          187.830
  115 (vir)          189.866          -0.785          -3.449         -19.959          205.591
  116 (vir)          189.866          -0.785          -3.449         -19.959          205.591
  117 (vir)          218.915          -0.676          -4.529         -22.515          236.225
  118 (vir)          227.200          -0.645          -2.962         -19.674          243.268
  119 (vir)          227.200          -0.645          -2.962         -19.674          243.268
  120 (vir)          235.729          -0.007          -2.344         -18.850          252.229
  121 (vir)          235.729          -0.007          -2.344         -18.850          252.229
  122 (vir)          236.410          -0.029          -2.329         -18.833          252.886
  123 (vir)          236.411          -0.029          -2.329         -18.833          252.886
  124 (vir)          237.114          -0.226          -2.433         -19.134          253.590
  125 (vir)          237.114          -0.226          -2.433         -19.134          253.590
  126 (vir)          248.605           0.084          -2.289         -19.017          265.418
  127 (vir)          248.605           0.084          -2.289         -19.017          265.418
  128 (vir)          254.797          -0.433          -4.234         -23.053          273.183
  129 (vir)          256.669          -0.100          -2.436         -19.678          273.811
  130 (vir)          256.671          -0.100          -2.436         -19.676          273.811
  131 (vir)          261.677          -0.884          -3.534         -21.559          278.818
  132 (vir)          265.910          -0.153          -6.312         -24.422          283.867
  133 (vir)          275.048          -0.855          -3.031         -21.000          292.162
  134 (vir)          275.048          -0.855          -3.031         -21.000          292.162
  135 (vir)          281.883          -0.637          -2.807         -20.711          299.150
  136 (vir)          281.883          -0.637          -2.807         -20.711          299.150
  137 (vir)          283.551          -0.727          -2.770         -20.764          300.819
  138 (vir)          283.554          -0.727          -2.770         -20.761          300.819
  139 (vir)          287.439          -0.622          -3.184         -21.535          305.168
  140 (vir)          292.442          -1.709          -3.485         -23.103          310.351
  141 (vir)          292.442          -1.709          -3.485         -23.103          310.351
  142 (vir)          292.940          -1.488          -3.494         -23.146          311.104
  143 (vir)          292.940          -1.488          -3.494         -23.146          311.104
  144 (vir)          298.932          -1.163          -3.210         -22.471          317.030
  145 (vir)          298.932          -1.163          -3.210         -22.470          317.029
  146 (vir)          308.451          -1.476          -3.255         -22.814          326.535
  147 (vir)          308.451          -1.476          -3.255         -22.814          326.535
  148 (vir)          313.181          -1.185          -3.298         -23.049          331.747
  149 (vir)          313.181          -1.185          -3.298         -23.049          331.747
  150 (vir)          317.930           0.213          -4.658         -25.181          338.665
  151 (vir)          318.805          -1.832          -4.455         -25.728          338.246
  152 (vir)          318.805          -1.832          -4.454         -25.728          338.246
  153 (vir)          323.783          -1.375          -3.133         -22.804          342.079
  154 (vir)          323.783          -1.375          -3.133         -22.804          342.079
  155 (vir)          324.399          -1.506          -4.781         -24.564          342.677
  156 (vir)          330.855          -1.460          -3.935         -24.718          350.178
  157 (vir)          330.856          -1.460          -3.935         -24.718          350.178
  158 (vir)          357.047          -1.019          -3.697         -24.652          376.983
  159 (vir)          357.047          -1.019          -3.697         -24.652          376.983
  160 (vir)          370.400          -1.209          -8.212         -30.215          391.195
  161 (vir)          376.915          -1.151          -7.091         -29.035          397.709
  162 (vir)          392.562          -1.312          -6.539         -28.392          413.103
  163 (vir)          399.723          -1.484          -6.154         -28.561          420.646
  164 (vir)          402.211          -0.826          -3.382         -24.343          422.345
  165 (vir)          402.211          -0.826          -3.382         -24.343          422.345
  166 (vir)          806.508          -0.861         -12.335         -45.703          839.015
  167 (vir)         1300.430          -1.293         -18.007         -62.244         1343.375
  168 (vir)         1300.679          -1.296         -18.012         -62.281         1343.652
  169 (vir)         4038.653          -1.783         -14.593         -94.424         4116.700
  170 (vir)         6867.904          -1.867         -20.619        -126.362         6971.780
  171 (vir)         6868.599          -1.867         -20.617        -126.356         6972.470
