 
  kpoint:     0.0000    0.0000    0.0000
 
    n          ϵ_nk^DFT (eV)     Σ^c_nk (eV)     Σ^x_nk (eV)     v_n^xc (eV)   ϵ_nk^G0W0 (eV)
 
    1 (occ)          -50.843           2.570         -44.675         -28.904          -64.044
    2 (occ)           -4.361           1.749         -13.154          -9.198           -6.569
    3 (vir)           -1.594          -0.459          -0.791          -2.771           -0.073
    4 (vir)           -0.423          -0.467          -0.416          -2.317            1.011
    5 (vir)           -0.423          -0.467          -0.416          -2.317            1.011
    6 (vir)            0.838          -0.237          -0.397          -1.558            1.760
    7 (vir)            0.979          -0.223          -0.327          -1.323            1.753
    8 (vir)            1.669          -0.464          -0.324          -1.969            2.850
    9 (vir)            1.669          -0.464          -0.324          -1.969            2.850
   10 (vir)            2.860          -1.458          -0.590          -2.774            3.586
   11 (vir)            3.907          -0.284          -0.477          -2.721            5.868
   12 (vir)            3.907          -0.284          -0.477          -2.721            5.868
   13 (vir)            4.044          -2.089          -0.130          -2.218            4.043
   14 (vir)            4.044          -2.089          -0.130          -2.218            4.044
   15 (vir)            5.909          -0.712          -0.980          -3.486            7.703
   16 (vir)            6.486          -0.388          -0.534          -2.827            8.391
   17 (vir)            6.976          -0.449          -0.667          -3.153            9.013
   18 (vir)            8.378          -1.004          -0.829          -4.755           11.300
   19 (vir)            8.378          -1.004          -0.829          -4.755           11.300
   20 (vir)            9.920          -1.738          -1.808          -6.208           12.582
   21 (vir)           12.040          -0.361          -0.515          -3.415           14.579
   22 (vir)           12.040          -0.358          -0.515          -3.415           14.581
   23 (vir)           12.573          -0.009          -0.229          -3.116           15.451
   24 (vir)           12.573          -0.008          -0.229          -3.116           15.452
   25 (vir)           12.664          -0.516          -0.097          -2.746           14.797
   26 (vir)           12.664          -0.512          -0.097          -2.746           14.800
   27 (vir)           16.196          -0.002          -0.352          -3.099           18.941
   28 (vir)           16.942          -1.396          -0.817          -4.987           19.716
   29 (vir)           16.942          -1.393          -0.817          -4.987           19.720
   30 (vir)           18.592          -0.684          -0.240          -4.084           21.752
   31 (vir)           18.592          -0.684          -0.240          -4.084           21.752
   32 (vir)           21.565          -0.781          -1.014          -5.797           25.567
   33 (vir)           24.384          -0.530          -0.768          -5.736           28.823
   34 (vir)           24.384          -0.531          -0.768          -5.736           28.821
   35 (vir)           29.807          -1.991          -1.761          -7.889           33.945
   36 (vir)           33.298          -0.992          -2.297          -9.156           39.166
   37 (vir)           36.842          -6.910          -3.013         -10.340           37.259
   38 (vir)           55.328           3.727          -0.928          -8.757           66.884
   39 (vir)           55.328           3.726          -0.928          -8.757           66.883
   40 (vir)           58.094          -0.068          -1.182          -9.381           66.225
   41 (vir)           58.094          -0.069          -1.182          -9.381           66.224
   42 (vir)           64.207          -2.013          -1.741         -10.656           71.109
   43 (vir)           69.142           2.077          -1.103          -9.586           79.702
   44 (vir)           69.142           2.071          -1.103          -9.586           79.696
   45 (vir)           79.063           3.736          -1.270         -10.005           91.534
   46 (vir)          141.466           2.964          -1.508         -14.911          157.832
   47 (vir)          147.631           0.604          -7.380         -24.303          165.158
   48 (vir)          147.631           0.604          -7.380         -24.303          165.158
   49 (vir)          158.874           2.419          -0.647         -10.995          171.641
   50 (vir)          158.874           2.419          -0.647         -10.995          171.641
   51 (vir)          158.899           2.391          -0.630         -10.936          171.596
   52 (vir)          158.899           2.390          -0.630         -10.936          171.595
   53 (vir)          159.243           2.170          -0.790         -11.310          171.933
   54 (vir)          159.243           2.169          -0.790         -11.310          171.932
   55 (vir)          159.913           1.341          -1.509         -12.875          172.620
   56 (vir)          172.247           0.640          -5.747         -21.741          188.882
   57 (vir)          208.076           3.482          -1.005         -14.002          224.555
   58 (vir)          208.076           3.482          -1.005         -14.002          224.554
   59 (vir)          209.312           4.394          -1.092         -14.197          226.811
   60 (vir)          215.830           2.538          -0.781         -13.027          230.614
   61 (vir)          215.830           2.165          -0.781         -13.027          230.241
   62 (vir)          221.058           3.298          -0.771         -13.037          236.622
   63 (vir)          221.058           3.296          -0.771         -13.037          236.620
   64 (vir)          229.244           1.427          -1.568         -14.788          243.892
   65 (vir)          251.396           0.311          -7.750         -28.967          272.925
