 
  kpoint:     0.0000    0.0000    0.0000
 
    n          ϵ_nk^DFT (eV)     Σ^c_nk (eV)     Σ^x_nk (eV)     v_n^xc (eV)   ϵ_nk^G0W0 (eV)
 
    1 (occ)         -268.651           5.050         -96.867         -61.538         -298.930
    2 (occ)         -268.648           5.471         -96.856         -61.541         -298.492
    3 (occ)          -18.506           5.031         -24.888         -16.001          -22.361
    4 (occ)          -15.035           3.677         -23.328         -15.647          -19.038
    5 (occ)          -10.510           1.316         -19.516         -13.988          -14.722
    6 (occ)          -10.510           1.315         -19.515         -13.988          -14.722
    7 (occ)           -8.837           0.803         -19.752         -15.132          -12.654
    8 (occ)           -8.157           0.670         -19.181         -14.306          -12.361
    9 (occ)           -8.156           0.670         -19.181         -14.306          -12.361
   10 (vir)            0.213          -0.994          -1.851          -4.908            2.275
   11 (vir)            0.984          -0.893          -1.659          -4.503            2.934
   12 (vir)            1.695          -1.016          -1.808          -4.914            3.786
   13 (vir)            1.696          -1.016          -1.808          -4.915            3.786
   14 (vir)            2.248          -0.993          -1.667          -4.809            4.397
   15 (vir)            2.248          -0.993          -1.667          -4.809            4.397
   16 (vir)            3.231          -0.891          -1.230          -4.196            5.306
   17 (vir)            3.758          -0.847          -1.189          -4.086            5.807
   18 (vir)            3.758          -0.847          -1.189          -4.086            5.807
   19 (vir)            3.931          -1.357          -2.581          -6.362            6.354
   20 (vir)            4.427          -1.426          -2.191          -5.755            6.565
   21 (vir)            4.428          -1.383          -2.191          -5.755            6.609
   22 (vir)            7.759          -1.742          -2.840          -7.005           10.182
   23 (vir)            7.759          -1.742          -2.840          -7.005           10.182
   24 (vir)            7.845          -2.805          -5.207         -10.793           10.626
   25 (vir)            8.579          -1.886          -2.887          -7.195           11.001
   26 (vir)            8.615          -2.169          -3.215          -8.003           11.234
   27 (vir)            8.616          -2.169          -3.215          -8.003           11.235
   28 (vir)            8.696          -1.845          -2.829          -7.131           11.153
   29 (vir)           10.706          -2.044          -2.615          -7.665           13.712
   30 (vir)           10.706          -2.044          -2.615          -7.665           13.712
   31 (vir)           11.847          -2.034          -1.590          -6.164           14.387
   32 (vir)           12.183          -1.897          -1.349          -5.630           14.568
   33 (vir)           14.790          -2.375          -2.315          -7.572           17.671
   34 (vir)           14.790          -2.375          -2.315          -7.572           17.671
   35 (vir)           15.619          -2.457          -2.604          -7.755           18.314
   36 (vir)           16.405          -1.683          -1.114          -6.148           19.757
   37 (vir)           17.114          -2.426          -2.502          -7.593           19.779
   38 (vir)           17.114          -2.426          -2.502          -7.593           19.779
   39 (vir)           17.985          -2.334          -1.609          -6.894           20.936
   40 (vir)           17.985          -2.334          -1.609          -6.894           20.936
   41 (vir)           18.856          -2.101          -1.078          -6.236           21.912
   42 (vir)           20.012          -2.551          -1.391          -6.837           22.907
   43 (vir)           20.012          -2.552          -1.391          -6.837           22.906
   44 (vir)           20.573          -4.302          -3.145         -10.111           23.237
   45 (vir)           21.527          -2.770          -1.937          -7.376           24.195
   46 (vir)           21.527          -2.771          -1.937          -7.376           24.195
   47 (vir)           21.940          -2.188          -0.911          -6.042           24.884
   48 (vir)           22.812          -2.856          -1.642          -7.158           25.473
   49 (vir)           23.150          -2.500          -2.086          -7.710           26.274
   50 (vir)           23.150          -2.500          -2.086          -7.710           26.274
   51 (vir)           24.567          -2.454          -1.815          -7.022           27.320
   52 (vir)           25.191          -3.354          -1.778          -7.740           27.800
   53 (vir)           25.191          -3.354          -1.778          -7.740           27.800
   54 (vir)           26.211          -2.823          -1.847          -7.540           29.082
   55 (vir)           27.576          -2.671          -1.019          -6.239           30.125
   56 (vir)           27.576          -2.671          -1.019          -6.239           30.125
   57 (vir)           27.907          -2.434          -0.775          -5.814           30.512
   58 (vir)           27.909          -2.386          -0.775          -5.815           30.563
   59 (vir)           29.341          -3.631          -3.040         -10.176           32.846
   60 (vir)           30.646          -2.044          -1.137          -6.484           33.949
   61 (vir)           33.079          -2.431          -0.987          -6.614           36.275
   62 (vir)           33.080          -2.430          -0.987          -6.614           36.277
   63 (vir)           33.407          -2.817          -1.356          -7.350           36.585
   64 (vir)           33.409          -2.817          -1.356          -7.351           36.586
   65 (vir)           36.305          -2.914          -1.008          -6.904           39.287
   66 (vir)           37.724          -2.416          -1.453          -7.672           41.526
   67 (vir)           38.037          -3.086          -1.563          -7.840           41.229
   68 (vir)           38.038          -3.087          -1.563          -7.840           41.228
   69 (vir)           38.077          -2.595          -1.564          -7.786           41.705
   70 (vir)           38.079          -2.593          -1.564          -7.786           41.708
   71 (vir)           45.721          -2.691          -3.353         -12.415           52.091
   72 (vir)           45.732          -3.067          -1.667          -9.467           50.467
   73 (vir)           47.331          -2.987          -2.233         -10.594           52.705
   74 (vir)           47.331          -2.988          -2.233         -10.594           52.704
   75 (vir)           48.508          -1.545          -2.341         -10.639           55.261
   76 (vir)           48.508          -1.545          -2.341         -10.639           55.261
   77 (vir)           49.876          -2.516          -1.939         -10.047           55.468
   78 (vir)           51.722          -5.861          -2.360         -10.594           54.095
   79 (vir)           51.725          -5.866          -2.360         -10.595           54.094
   80 (vir)           52.805          -1.310          -2.193         -10.643           59.946
   81 (vir)           52.806          -1.310          -2.191         -10.641           59.945
   82 (vir)           53.245          -1.946          -2.916         -12.295           60.678
   83 (vir)           53.246          -1.946          -2.917         -12.296           60.679
   84 (vir)           54.108          -0.214          -2.363         -11.272           62.803
   85 (vir)           54.349          -2.384          -1.321          -9.332           59.975
   86 (vir)           54.502          -4.478          -2.095         -10.599           58.528
   87 (vir)           54.504          -4.494          -2.095         -10.599           58.514
   88 (vir)           55.404          -2.914          -2.451         -11.622           61.661
   89 (vir)           56.352          -3.558          -2.388         -10.700           61.105
   90 (vir)           56.662           0.543          -2.589         -11.137           65.753
   91 (vir)           57.759          -1.098          -1.851         -10.449           65.260
   92 (vir)           57.761          -1.094          -1.852         -10.450           65.266
   93 (vir)           57.978          -3.500          -1.035          -8.816           62.259
   94 (vir)           57.980          -3.503          -1.034          -8.815           62.258
   95 (vir)           58.147          -4.160          -1.936         -10.450           62.501
   96 (vir)           58.603          -2.154          -0.922          -8.641           64.167
   97 (vir)           63.198          -0.690          -1.265          -9.311           70.554
   98 (vir)           63.200          -0.690          -1.265          -9.311           70.556
   99 (vir)           65.320          -4.298          -1.895         -10.374           69.500
  100 (vir)           66.289           1.120          -1.322          -9.607           75.694
  101 (vir)           66.290           1.117          -1.322          -9.607           75.692
  102 (vir)           67.799          -3.055          -1.352          -9.592           72.984
  103 (vir)           67.799          -3.047          -1.352          -9.592           72.992
  104 (vir)           68.308          -0.227          -1.228          -9.347           76.200
  105 (vir)           68.310          -0.227          -1.228          -9.347           76.203
  106 (vir)           70.260          -2.353          -0.991          -8.912           75.828
  107 (vir)           70.336           1.189          -2.067         -10.699           80.158
  108 (vir)           72.193          -4.077          -1.221          -9.576           76.471
  109 (vir)           72.194          -4.077          -1.221          -9.576           76.472
  110 (vir)           73.716          -0.908          -2.894         -13.532           83.445
  111 (vir)           73.758          -0.375          -1.378          -9.968           81.973
  112 (vir)           73.759          -0.365          -1.379          -9.968           81.983
  113 (vir)           75.816          -1.013          -0.790          -8.856           82.869
  114 (vir)           75.966           1.817          -1.123          -9.311           85.971
  115 (vir)           75.966           1.818          -1.123          -9.312           85.973
  116 (vir)           77.861           0.010          -0.909          -8.944           85.906
  117 (vir)           79.133          -0.469          -1.094          -9.533           87.102
  118 (vir)           79.135          -0.472          -1.094          -9.533           87.102
  119 (vir)           79.320          -0.165          -1.947         -11.628           88.836
  120 (vir)           79.324          -0.164          -1.948         -11.629           88.841
  121 (vir)           80.688           0.610          -0.732          -8.663           89.230
  122 (vir)           80.811          -0.460          -1.499         -10.636           89.488
  123 (vir)           81.464           0.397          -1.171          -9.771           90.460
  124 (vir)           83.268          -0.411          -1.590         -11.019           92.286
  125 (vir)           83.798          -0.319          -0.953          -9.096           91.622
  126 (vir)           83.800          -0.313          -0.953          -9.096           91.630
  127 (vir)           87.784           0.445          -1.195         -10.028           97.061
  128 (vir)           87.787           0.442          -1.195         -10.027           97.062
  129 (vir)           87.872          -0.897          -1.740         -11.126           96.360
  130 (vir)           87.917           0.012          -1.711         -11.334           97.552
  131 (vir)           88.530           0.004          -2.472         -13.193           99.255
  132 (vir)           88.532          -0.002          -2.472         -13.193           99.251
  133 (vir)           93.844          -2.598          -1.886         -11.118          100.477
  134 (vir)           94.466           0.040          -2.660         -13.141          104.986
  135 (vir)           97.488           0.893          -2.563         -13.753          109.570
  136 (vir)           97.489           0.894          -2.563         -13.753          109.573
  137 (vir)          100.012           0.463          -1.582         -11.666          110.558
  138 (vir)          100.015           0.463          -1.582         -11.665          110.562
  139 (vir)          102.718           0.689          -1.735         -11.766          113.439
  140 (vir)          103.311           1.166          -1.006         -10.291          113.762
  141 (vir)          103.698           0.495          -1.680         -11.895          114.408
  142 (vir)          103.700           0.495          -1.680         -11.895          114.410
  143 (vir)          103.971          -0.067          -1.861         -12.806          114.849
  144 (vir)          104.165           2.667          -1.487         -11.594          116.939
  145 (vir)          104.168           2.700          -1.488         -11.595          116.975
  146 (vir)          108.953          -0.393          -2.074         -13.793          120.278
  147 (vir)          108.953          -0.397          -2.074         -13.793          120.275
  148 (vir)          113.421           0.062          -1.791         -13.067          124.759
  149 (vir)          113.421           0.057          -1.791         -13.067          124.755
  150 (vir)          122.265           0.666          -3.431         -17.108          136.608
  151 (vir)          137.314           0.267          -1.625         -13.962          149.918
  152 (vir)          137.316           0.266          -1.625         -13.963          149.919
  153 (vir)          139.056          -0.225          -2.061         -15.011          151.781
  154 (vir)          139.056          -0.227          -2.061         -15.011          151.779
  155 (vir)          142.078           0.281          -1.664         -14.041          154.736
  156 (vir)          146.553           1.084          -1.565         -13.763          159.835
  157 (vir)          146.554           1.081          -1.565         -13.764          159.834
  158 (vir)          147.223           0.178          -1.703         -14.209          159.908
  159 (vir)          147.792          -0.367          -2.090         -15.530          160.865
  160 (vir)          147.882           0.568          -1.410         -13.518          160.558
  161 (vir)          147.886           0.568          -1.410         -13.518          160.562
  162 (vir)          154.886          -0.429          -1.601         -14.356          167.213
  163 (vir)          154.985           0.190          -1.387         -13.412          167.200
  164 (vir)          154.986           0.190          -1.388         -13.414          167.202
  165 (vir)          157.123           1.197          -1.357         -13.516          170.478
  166 (vir)          157.125           1.202          -1.357         -13.516          170.485
  167 (vir)          157.246          -0.004          -1.755         -14.509          169.996
  168 (vir)          157.248          -0.005          -1.755         -14.510          169.999
  169 (vir)          158.167           0.645          -1.592         -13.933          171.153
  170 (vir)          158.169           0.646          -1.593         -13.934          171.157
  171 (vir)          159.268           0.571          -0.714         -11.215          170.340
  172 (vir)          159.598           0.135          -1.624         -14.333          172.443
  173 (vir)          159.757           0.075          -1.871         -15.011          172.973
  174 (vir)          159.913           0.954          -0.864         -11.781          171.785
  175 (vir)          163.763           0.551          -1.352         -13.649          176.612
  176 (vir)          164.107           1.207          -1.011         -12.398          176.700
  177 (vir)          164.110           1.208          -1.012         -12.399          176.705
  178 (vir)          164.873           0.507          -1.326         -13.165          177.219
  179 (vir)          166.974           0.466          -1.144         -12.885          179.182
  180 (vir)          166.976           0.465          -1.145         -12.887          179.183
  181 (vir)          167.195           0.766          -1.330         -13.739          180.370
  182 (vir)          167.600           1.185          -1.861         -14.908          181.831
  183 (vir)          167.698           0.433          -1.250         -13.312          180.193
  184 (vir)          167.702           0.432          -1.250         -13.313          180.197
  185 (vir)          169.449           1.002          -1.314         -13.744          182.881
  186 (vir)          171.285           0.498          -1.215         -13.005          183.573
  187 (vir)          171.288           0.488          -1.215         -13.005          183.566
  188 (vir)          172.883           0.097          -1.477         -13.991          185.493
  189 (vir)          172.886           0.095          -1.477         -13.990          185.495
  190 (vir)          173.590           0.889          -1.158         -12.355          185.676
  191 (vir)          175.336          -0.212          -1.680         -15.009          188.453
  192 (vir)          175.338          -0.211          -1.680         -15.009          188.456
  193 (vir)          177.205           0.710          -1.518         -14.769          191.167
  194 (vir)          179.133           0.063          -1.705         -15.266          192.756
  195 (vir)          179.137           0.062          -1.705         -15.266          192.760
  196 (vir)          181.461           0.353          -1.113         -13.137          193.839
  197 (vir)          181.463           0.354          -1.113         -13.137          193.841
  198 (vir)          181.654           0.447          -1.636         -14.869          195.335
  199 (vir)          181.658           0.448          -1.636         -14.869          195.339
  200 (vir)          182.119           0.694          -0.863         -12.256          194.206
  201 (vir)          183.702           0.609          -2.449         -16.390          198.252
  202 (vir)          185.388           2.802          -3.139         -17.072          202.123
  203 (vir)          188.587           0.252          -1.528         -14.604          201.915
  204 (vir)          191.838           1.019          -1.647         -15.019          206.229
  205 (vir)          191.840           1.019          -1.648         -15.020          206.231
  206 (vir)          193.174          -0.484          -3.025         -16.379          206.044
  207 (vir)          195.394           0.796          -0.920         -12.862          208.131
  208 (vir)          198.652           1.236          -1.149         -13.886          212.625
  209 (vir)          198.656           1.237          -1.149         -13.886          212.630
  210 (vir)          198.867           1.183          -1.113         -13.580          212.517
  211 (vir)          198.874           1.184          -1.112         -13.579          212.525
  212 (vir)          199.419           0.717          -1.104         -13.632          212.664
  213 (vir)          200.098           0.893          -1.040         -13.632          213.582
  214 (vir)          201.181           1.400          -1.167         -13.925          215.340
  215 (vir)          201.185           1.400          -1.167         -13.925          215.344
  216 (vir)          203.365           1.024          -1.838         -14.958          217.509
  217 (vir)          203.806           0.776          -1.020         -13.248          216.810
  218 (vir)          203.806           0.776          -1.019         -13.246          216.809
  219 (vir)          205.318           1.049          -1.129         -13.779          219.016
  220 (vir)          205.319           1.047          -1.130         -13.780          219.016
  221 (vir)          206.643           1.084          -0.953         -12.983          219.758
  222 (vir)          207.319           0.798          -1.470         -14.580          221.227
  223 (vir)          207.884           0.924          -0.858         -12.668          220.617
  224 (vir)          207.889           0.925          -0.858         -12.667          220.623
  225 (vir)          209.194          -0.030          -0.894         -12.940          221.210
  226 (vir)          209.195          -0.042          -0.894         -12.940          221.198
  227 (vir)          209.689           1.118          -0.774         -12.334          222.367
  228 (vir)          209.690           1.121          -0.774         -12.334          222.370
  229 (vir)          212.271           1.130          -0.875         -13.076          225.601
  230 (vir)          212.861          -0.209          -0.951         -12.917          224.618
  231 (vir)          212.861          -0.208          -0.951         -12.916          224.618
  232 (vir)          215.313           1.702          -2.636         -16.562          230.940
  233 (vir)          217.818           1.182          -2.036         -15.464          232.428
  234 (vir)          218.256           1.828          -0.706         -12.076          231.454
  235 (vir)          218.262           1.828          -0.706         -12.075          231.459
  236 (vir)          224.164           0.485          -1.358         -14.732          238.023
  237 (vir)          224.166           0.484          -1.358         -14.732          238.024
  238 (vir)          224.350           0.704          -1.444         -15.018          238.629
  239 (vir)          224.351           0.701          -1.444         -15.017          238.626
  240 (vir)          224.635           0.551          -0.907         -13.526          237.805
  241 (vir)          224.870           5.867          -1.594         -15.369          244.512
  242 (vir)          224.870           5.859          -1.593         -15.368          244.503
  243 (vir)          225.415           1.257          -0.847         -12.611          238.436
  244 (vir)          227.183           0.546          -0.865         -13.204          240.067
  245 (vir)          227.185           0.544          -0.865         -13.204          240.068
  246 (vir)          227.937           0.990          -1.886         -14.455          241.496
  247 (vir)          228.038           0.767          -0.833         -13.059          241.031
  248 (vir)          229.705          -0.401          -1.354         -13.605          241.555
  249 (vir)          229.985           1.390          -1.011         -13.931          244.295
  250 (vir)          229.987           1.388          -1.011         -13.931          244.295
  251 (vir)          231.443           0.752          -1.099         -14.506          245.602
  252 (vir)          231.447           0.752          -1.098         -14.505          245.607
  253 (vir)          231.879           1.303          -0.940         -13.303          245.544
  254 (vir)          233.172           1.456          -1.573         -15.051          248.107
  255 (vir)          236.645           0.892          -1.081         -13.907          250.363
  256 (vir)          236.654           0.892          -1.080         -13.906          250.372
  257 (vir)          238.252           0.744          -0.801         -13.031          251.227
  258 (vir)          241.068           1.000          -1.105         -14.285          255.249
  259 (vir)          241.073           1.000          -1.105         -14.286          255.254
  260 (vir)          243.154           0.638          -1.111         -14.259          256.940
  261 (vir)          243.164           0.641          -1.111         -14.258          256.952
  262 (vir)          244.272           0.173          -0.890         -13.068          256.622
  263 (vir)          244.900           1.016          -0.959         -14.010          258.966
  264 (vir)          244.901           1.023          -0.960         -14.012          258.976
  265 (vir)          246.225           1.376          -0.904         -13.775          260.472
  266 (vir)          250.357           0.201          -3.172         -19.139          266.525
  267 (vir)          259.821           0.382          -1.852         -16.933          275.283
  268 (vir)          259.824           0.380          -1.852         -16.932          275.284
  269 (vir)          261.350           0.349          -1.601         -16.327          276.425
  270 (vir)          261.353           0.350          -1.600         -16.327          276.430
  271 (vir)          262.289           0.716          -1.292         -15.031          276.744
  272 (vir)          265.723           0.460          -1.194         -15.550          280.540
  273 (vir)          266.342           0.837          -0.900         -14.145          280.423
  274 (vir)          266.348           0.836          -0.900         -14.146          280.429
  275 (vir)          266.680           1.248          -0.900         -14.144          281.172
  276 (vir)          266.685           1.249          -0.900         -14.144          281.178
  277 (vir)          271.857           2.228          -1.277         -15.999          288.806
  278 (vir)          274.825           1.205          -1.445         -16.067          290.652
  279 (vir)          277.286           0.425          -1.097         -15.261          291.876
  280 (vir)          277.288           0.419          -1.097         -15.261          291.871
  281 (vir)          278.734           0.250          -1.112         -15.502          293.374
  282 (vir)          281.720           0.608          -1.132         -15.228          296.425
  283 (vir)          281.725           0.608          -1.132         -15.228          296.430
  284 (vir)          288.840           0.453          -1.040         -15.328          303.582
  285 (vir)          318.893          -0.951          -1.310         -16.032          332.664
  286 (vir)          318.894          -0.951          -1.310         -16.032          332.664
  287 (vir)          319.711          -0.589          -1.353         -16.283          334.051
  288 (vir)          319.711          -0.589          -1.353         -16.282          334.052
  289 (vir)          356.350          -1.324          -2.773         -19.422          371.676
  290 (vir)          357.284          -0.616          -2.879         -19.649          373.439
  291 (vir)          784.612           0.137         -12.479         -45.588          817.858
  292 (vir)          786.190          -2.520         -12.489         -45.657          816.838
  293 (vir)         4016.094          -0.422         -14.655         -94.436         4095.453
  294 (vir)         4017.531          -1.983         -14.648         -94.431         4095.330
