 
  kpoint:     0.0000    0.0000    0.0000
 
    n          ϵ_nk^DFT (eV)     Σ^c_nk (eV)     Σ^x_nk (eV)     v_n^xc (eV)   ϵ_nk^G0W0 (eV)
 
    1 (occ)         -512.101          -1.372        -132.582         -83.742         -562.313
    2 (occ)         -510.481          -1.509        -132.592         -83.742         -560.840
    3 (occ)         -272.670           1.395         -96.892         -61.533         -306.633
    4 (occ)          -28.191           7.256         -33.313         -21.399          -32.849
    5 (occ)          -25.870           6.884         -34.004         -22.453          -30.537
    6 (occ)          -16.717           3.045         -25.477         -18.134          -21.015
    7 (occ)          -12.966           2.176         -23.797         -17.400          -17.187
    8 (occ)          -12.058           3.893         -27.780         -20.127          -15.817
    9 (occ)          -11.238           2.723         -23.136         -17.207          -14.444
   10 (occ)           -9.968           2.353         -26.069         -19.522          -14.163
   11 (occ)           -8.208           1.589         -25.082         -19.725          -11.976
   12 (occ)           -6.914           2.150         -25.370         -19.404          -10.730
   13 (vir)           -1.490          -2.545         -10.091         -16.039            1.913
   14 (vir)           -0.147          -1.224          -3.230          -6.866            2.265
   15 (vir)            0.870          -1.015          -2.133          -5.309            3.031
   16 (vir)            2.450          -0.973          -2.169          -5.411            4.719
   17 (vir)            2.813          -0.954          -1.168          -4.161            4.852
   18 (vir)            3.167          -1.478          -3.360          -7.357            5.687
   19 (vir)            4.429          -1.102          -2.053          -5.583            6.857
   20 (vir)            6.095          -1.328          -2.138          -5.926            8.554
   21 (vir)            6.526          -1.818          -3.486          -8.073            9.294
   22 (vir)            7.191          -1.333          -2.287          -6.195            9.766
   23 (vir)            7.295          -2.785          -6.297         -12.199           10.411
   24 (vir)            8.054          -1.101          -1.673          -5.219           10.500
   25 (vir)            8.279          -2.159          -3.528          -8.442           11.034
   26 (vir)            8.330          -1.829          -2.615          -7.106           10.992
   27 (vir)            9.385          -1.676          -2.476          -6.740           11.973
   28 (vir)           10.293          -2.324          -4.549          -9.911           13.331
   29 (vir)           10.807          -2.006          -3.769          -8.755           13.787
   30 (vir)           11.874          -1.534          -1.940          -6.434           14.835
   31 (vir)           13.715          -2.030          -1.915          -7.022           16.792
   32 (vir)           15.102          -2.377          -2.964          -8.419           18.180
   33 (vir)           16.100          -2.205          -2.286          -7.803           19.413
   34 (vir)           17.012          -2.487          -2.634          -7.949           19.840
   35 (vir)           17.428          -2.235          -2.794          -8.126           20.526
   36 (vir)           18.651          -3.105          -1.956          -7.984           21.574
   37 (vir)           19.035          -3.291          -4.214         -10.733           22.263
   38 (vir)           20.041          -2.886          -3.125          -9.067           23.098
   39 (vir)           21.040          -2.077          -1.887          -6.888           23.965
   40 (vir)           21.567          -2.189          -1.437          -6.742           24.682
   41 (vir)           21.991          -2.671          -2.467          -8.128           24.981
   42 (vir)           22.658          -1.964          -1.409          -6.353           25.638
   43 (vir)           24.537          -2.538          -2.937          -9.051           28.113
   44 (vir)           25.333          -2.843          -1.696          -7.112           27.905
   45 (vir)           28.158          -2.928          -2.985          -9.761           32.006
   46 (vir)           29.345          -3.145          -1.440          -6.846           31.607
   47 (vir)           30.376          -2.832          -3.706         -11.008           34.846
   48 (vir)           30.720          -3.492          -3.017         -10.070           34.282
   49 (vir)           33.205          -3.033          -3.478         -10.913           37.606
   50 (vir)           33.842          -3.200          -3.638         -11.237           38.241
   51 (vir)           35.176          -3.120          -3.571         -11.330           39.815
   52 (vir)           35.430          -3.315          -3.376         -10.836           39.575
   53 (vir)           36.209          -3.662          -3.705         -11.670           40.510
   54 (vir)           36.527          -3.081          -3.281         -10.999           41.164
   55 (vir)           36.780          -3.130          -3.577         -11.202           41.275
   56 (vir)           37.489          -3.573          -3.742         -11.943           42.117
   57 (vir)           37.790          -2.804          -3.024         -10.410           42.372
   58 (vir)           40.006          -2.942          -3.186         -11.026           44.904
   59 (vir)           43.026          -2.460          -2.378         -10.219           48.407
   60 (vir)           43.728          -3.147          -2.784         -10.150           47.947
   61 (vir)           44.661          -2.848          -2.231         -10.563           50.144
   62 (vir)           46.471          -3.507          -3.479         -12.064           51.550
   63 (vir)           47.972          -2.728          -2.130         -10.688           53.802
   64 (vir)           48.586          -4.611          -3.072         -11.392           52.295
   65 (vir)           49.432          -2.776          -2.275         -10.860           55.241
   66 (vir)           50.236          -2.014          -2.685         -11.017           56.553
   67 (vir)           51.076          -2.182          -3.096         -11.559           57.358
   68 (vir)           53.642          -2.575          -2.491         -10.875           59.451
   69 (vir)           54.495          -5.618          -1.975         -10.187           57.090
   70 (vir)           55.704          -2.521          -1.551          -9.686           61.318
   71 (vir)           56.091          -2.939          -2.600         -10.956           61.508
   72 (vir)           57.439          -2.664          -1.715         -10.051           63.111
   73 (vir)           58.872          -2.506          -1.379          -9.340           64.327
   74 (vir)           59.134          -9.948          -2.165         -10.824           57.846
   75 (vir)           59.512          -2.724          -2.694         -11.874           65.968
   76 (vir)           61.645          -2.962          -2.191         -11.345           67.837
   77 (vir)           62.593          -2.112          -2.034         -10.851           69.297
   78 (vir)           63.271          -2.057          -1.713         -10.044           69.545
   79 (vir)           65.522          -1.934          -1.559          -9.910           71.939
   80 (vir)           66.178          -1.867          -1.584          -9.614           72.341
   81 (vir)           68.088           3.305          -1.641          -9.875           79.626
   82 (vir)           68.332          -1.944          -1.525         -10.121           74.985
   83 (vir)           68.542          -2.794          -2.465         -11.223           74.505
   84 (vir)           70.848          -1.888          -1.578          -9.736           77.119
   85 (vir)           71.330          -0.140          -2.922         -12.560           80.828
   86 (vir)           74.314          -3.447          -3.747         -15.438           82.557
   87 (vir)           75.181          -1.273          -2.586         -11.982           83.304
   88 (vir)           78.981          -1.884          -2.852         -12.451           86.697
   89 (vir)           80.393          -2.267          -3.156         -13.270           88.240
   90 (vir)           82.397          -2.204          -2.615         -13.519           91.096
   91 (vir)           82.879          -2.716          -2.659         -12.983           90.488
   92 (vir)           83.695          -1.084          -2.986         -13.283           92.908
   93 (vir)           86.709          -2.437          -2.620         -13.198           94.849
   94 (vir)           88.495          -1.482          -3.387         -14.766           98.392
   95 (vir)           91.769           0.899          -3.839         -15.805          104.633
   96 (vir)           91.937          -2.332          -2.248         -12.970          100.327
   97 (vir)           94.924          -2.817          -3.011         -14.329          103.425
   98 (vir)           95.101          -3.066          -2.703         -14.000          103.332
   99 (vir)           96.722          -1.756          -3.201         -14.619          106.384
  100 (vir)           99.139          -3.415          -4.199         -16.755          108.280
  101 (vir)           99.275          -1.736          -3.928         -16.217          109.828
  102 (vir)           99.928          -2.854          -3.942         -16.219          109.351
  103 (vir)          101.994          -3.294          -4.799         -17.807          111.707
  104 (vir)          103.814          -3.947          -3.223         -15.130          111.774
  105 (vir)          105.152          -3.891          -4.674         -17.628          114.215
  106 (vir)          105.532          -3.033          -4.255         -17.069          115.313
  107 (vir)          108.364          -2.622          -4.511         -17.417          118.647
  108 (vir)          109.669          -2.918          -3.101         -15.119          118.768
  109 (vir)          112.003          -2.188          -2.685         -14.576          121.706
  110 (vir)          112.418          -3.544          -4.740         -18.165          122.298
  111 (vir)          113.862          -2.970          -2.669         -14.621          122.844
  112 (vir)          115.513          -2.521          -3.248         -15.926          125.669
  113 (vir)          116.857          -3.483          -3.753         -16.664          126.285
  114 (vir)          116.881          -3.054          -3.043         -15.596          126.379
  115 (vir)          119.437          -2.607          -2.916         -15.279          129.193
  116 (vir)          120.306          -0.540          -4.101         -17.371          133.036
  117 (vir)          122.674           0.357          -4.324         -17.114          135.821
  118 (vir)          124.553          -3.677          -4.567         -18.499          134.807
  119 (vir)          128.877          -1.486          -3.014         -15.719          140.095
  120 (vir)          129.620          -1.351          -3.230         -16.127          141.167
  121 (vir)          131.478          -3.284          -5.801         -21.192          143.585
  122 (vir)          132.889           0.548          -3.095         -15.998          146.340
  123 (vir)          133.629          -1.903          -5.728         -21.557          147.555
  124 (vir)          137.970           2.859          -3.049         -16.473          154.254
  125 (vir)          141.652           5.191          -2.325         -15.231          159.749
  126 (vir)          142.163           4.246          -2.808         -16.007          159.607
  127 (vir)          143.477           5.158          -3.502         -17.415          162.548
  128 (vir)          146.496          -2.075          -2.365         -15.556          157.612
  129 (vir)          147.978          -3.259          -4.186         -18.760          159.293
  130 (vir)          148.658           1.049          -1.706         -14.255          162.255
  131 (vir)          150.866          -3.602          -2.764         -16.362          160.862
  132 (vir)          150.969          -2.965          -2.102         -15.168          161.070
  133 (vir)          153.360          -3.061          -2.858         -16.382          163.822
  134 (vir)          155.053          -0.903          -1.539         -13.626          166.237
  135 (vir)          156.464          -4.599          -3.169         -17.185          165.882
  136 (vir)          157.913           3.024          -1.835         -14.064          173.166
  137 (vir)          158.581           1.027          -1.838         -14.644          172.413
  138 (vir)          160.600           2.003          -1.992         -14.671          175.281
  139 (vir)          161.524         -12.235          -2.093         -15.443          162.638
  140 (vir)          163.265          -0.315          -1.379         -13.401          174.972
  141 (vir)          165.212          -4.501          -1.313         -13.277          172.675
  142 (vir)          166.560          -2.694          -2.227         -15.696          177.335
  143 (vir)          170.058          -0.594          -2.380         -15.671          182.754
  144 (vir)          170.934          -2.843          -2.754         -16.426          181.762
  145 (vir)          172.276           0.575          -2.154         -16.162          186.860
  146 (vir)          175.192          -5.114          -2.656         -16.836          184.257
  147 (vir)          180.018          -6.479          -1.327         -13.456          185.668
  148 (vir)          182.488           6.938          -2.687         -16.581          203.320
  149 (vir)          184.177         -12.195          -2.231         -16.624          186.375
  150 (vir)          184.966           3.313          -2.954         -17.062          202.387
  151 (vir)          190.323           1.325          -2.447         -16.367          205.567
  152 (vir)          191.136          -3.483          -1.500         -14.110          200.262
  153 (vir)          192.952           0.153          -2.607         -16.793          207.291
  154 (vir)          194.430           2.214          -1.594         -14.049          209.099
  155 (vir)          196.082         -17.764          -1.327         -13.941          190.932
  156 (vir)          197.382           4.752          -1.766         -14.560          214.928
  157 (vir)          199.327          -1.254          -1.292         -13.978          210.759
  158 (vir)          199.777           1.534          -2.535         -16.644          215.421
  159 (vir)          201.767           0.182          -2.067         -16.413          216.296
  160 (vir)          203.267           6.148          -1.163         -13.425          221.676
  161 (vir)          207.197           2.532          -1.386         -14.013          222.355
  162 (vir)          208.508           4.590          -1.207         -13.411          225.302
  163 (vir)          208.645           2.175          -1.525         -14.113          223.408
  164 (vir)          212.195          -1.473          -0.830         -12.506          222.399
  165 (vir)          215.828           4.842          -1.506         -14.493          233.657
  166 (vir)          217.045          -3.949          -0.971         -13.617          225.743
  167 (vir)          218.374           1.378          -1.636         -15.071          233.188
  168 (vir)          222.080           0.385          -2.345         -16.764          236.884
  169 (vir)          224.531           1.564          -1.573         -14.515          239.036
  170 (vir)          226.503          -1.206          -1.822         -15.777          239.253
  171 (vir)          227.337           0.871          -1.025         -13.687          240.870
  172 (vir)          229.774           7.144          -1.637         -15.462          250.743
  173 (vir)          234.061           2.675          -2.760         -18.528          252.505
  174 (vir)          235.403          -0.766          -2.083         -16.987          249.541
  175 (vir)          237.454          -2.618          -2.334         -18.795          251.297
  176 (vir)          237.712           5.057          -2.278         -18.540          259.031
  177 (vir)          239.217           5.100          -1.742         -16.326          258.901
  178 (vir)          243.346           3.254          -2.140         -18.206          262.667
  179 (vir)          245.661           3.586          -2.269         -18.194          265.172
  180 (vir)          247.793          -0.044          -2.383         -19.130          264.496
  181 (vir)          250.244           9.790          -3.904         -21.475          277.605
  182 (vir)          253.328           0.741          -2.450         -18.879          270.499
  183 (vir)          257.243          -0.150          -2.194         -17.974          272.873
  184 (vir)          259.191           5.296          -1.876         -17.252          279.863
  185 (vir)          262.203         -16.890          -2.090         -18.367          261.589
  186 (vir)          262.932           3.138          -3.158         -20.644          283.555
  187 (vir)          263.722          -3.612          -1.585         -16.629          275.154
  188 (vir)          267.761           2.675          -2.573         -19.647          287.510
  189 (vir)          271.826          -1.618          -2.499         -19.737          287.446
  190 (vir)          273.760          -3.724          -2.634         -20.181          287.583
  191 (vir)          276.811           4.844          -2.722         -19.904          298.837
  192 (vir)          280.378           4.240          -2.311         -19.345          301.653
  193 (vir)          284.003           3.682          -2.739         -20.552          305.499
  194 (vir)          286.290           5.097          -2.285         -19.057          308.159
  195 (vir)          290.854           4.628          -2.715         -20.346          313.113
  196 (vir)          292.531          13.455          -2.846         -20.910          324.051
  197 (vir)          294.849           7.747          -3.485         -23.105          322.215
  198 (vir)          295.793           9.198          -3.410         -22.865          324.446
  199 (vir)          302.753           4.850          -3.325         -22.764          327.041
  200 (vir)          304.849           9.044          -3.502         -23.019          333.410
  201 (vir)          307.177           5.597          -2.710         -20.696          330.760
  202 (vir)          308.055           9.646          -3.254         -22.738          337.185
  203 (vir)          309.845           7.843          -3.509         -22.946          337.125
  204 (vir)          311.592           9.952          -3.245         -22.779          341.079
  205 (vir)          316.403           2.388          -3.504         -22.923          338.210
  206 (vir)          316.883           1.768          -3.550         -22.906          338.008
  207 (vir)          317.172           9.766          -3.215         -22.805          346.528
  208 (vir)          317.409           9.946          -3.140         -22.628          346.844
  209 (vir)          318.164           2.553          -4.088         -23.894          340.523
  210 (vir)          325.697          -0.243          -4.240         -25.306          346.520
  211 (vir)          326.037           6.364          -3.314         -22.834          351.921
  212 (vir)          327.975           3.467          -3.130         -22.502          350.813
  213 (vir)          330.384           3.873          -3.800         -23.849          354.306
  214 (vir)          333.502           0.602          -2.445         -19.400          351.058
  215 (vir)          336.295           1.537          -4.067         -25.086          358.851
  216 (vir)          343.204           3.136          -3.869         -23.536          366.007
  217 (vir)          353.993          -1.353          -3.666         -24.542          373.515
  218 (vir)          355.864           6.884          -4.039         -24.780          383.489
  219 (vir)          368.111           1.503          -3.856         -24.730          390.488
  220 (vir)          368.991           6.028          -3.068         -22.677          394.628
  221 (vir)          375.902           3.088          -8.711         -30.799          401.077
  222 (vir)          378.197           3.386          -4.465         -25.080          402.198
  223 (vir)          386.907           3.674          -6.254         -27.793          412.121
  224 (vir)          389.860           3.437          -5.063         -26.833          415.068
  225 (vir)          443.914           2.613          -4.065         -24.338          466.799
  226 (vir)          767.587           1.151         -12.733         -45.900          801.905
  227 (vir)         1297.923           1.392         -18.051         -62.298         1343.561
  228 (vir)         1304.042           1.415         -17.956         -62.219         1349.719
  229 (vir)         3996.652           1.500         -14.741         -94.529         4077.941
  230 (vir)         6865.194           0.934         -20.624        -126.361         6971.865
  231 (vir)         6871.738           0.937         -20.592        -126.335         6978.418
