 
  kpoint:     0.0000    0.0000    0.0000
 
    n          ϵ_nk^DFT (eV)     Σ^c_nk (eV)     Σ^x_nk (eV)     v_n^xc (eV)   ϵ_nk^G0W0 (eV)
 
    1 (occ)       -10804.056           3.192        -587.675        -362.796       -11025.743
    2 (occ)        -1337.388           2.970        -213.955        -131.111        -1417.262
    3 (occ)        -1190.794           4.307        -207.609        -138.837        -1255.258
    4 (occ)        -1190.794           4.307        -207.609        -138.837        -1255.258
    5 (occ)        -1190.794           4.307        -207.609        -138.837        -1255.258
    6 (occ)         -162.148          -7.061         -90.098         -56.398         -202.909
    7 (occ)         -113.570           6.387         -81.720         -54.554         -134.349
    8 (occ)         -113.570           6.387         -81.720         -54.554         -134.349
    9 (occ)         -113.570           6.387         -81.720         -54.554         -134.348
   10 (occ)          -29.434           9.022         -62.510         -47.373          -35.549
   11 (occ)          -29.434           9.022         -62.510         -47.373          -35.549
   12 (occ)          -29.434           9.022         -62.510         -47.373          -35.549
   13 (occ)          -29.369           9.247         -62.646         -47.531          -35.237
   14 (occ)          -29.369           9.247         -62.646         -47.531          -35.237
   15 (occ)          -13.957           3.119         -19.871         -13.740          -16.968
   16 (occ)           -8.370           0.622         -16.589         -12.321          -12.016
   17 (occ)           -8.370           0.622         -16.589         -12.321          -12.016
   18 (occ)           -8.370           0.622         -16.589         -12.321          -12.016
   19 (vir)           -0.094          -1.233          -3.333          -6.971            2.311
   20 (vir)            0.356          -1.259          -3.324          -6.962            2.735
   21 (vir)            0.356          -1.259          -3.324          -6.962            2.735
   22 (vir)            0.356          -1.259          -3.324          -6.962            2.735
   23 (vir)            2.670          -0.929          -1.791          -4.777            4.727
   24 (vir)            2.670          -0.929          -1.791          -4.777            4.727
   25 (vir)            2.670          -0.929          -1.791          -4.777            4.727
   26 (vir)            4.245          -1.683          -3.228          -7.616            6.950
   27 (vir)            4.245          -1.683          -3.228          -7.616            6.950
   28 (vir)            4.410          -2.217          -2.842          -7.240            6.591
   29 (vir)            6.199          -1.306          -2.393          -5.823            8.324
   30 (vir)            6.199          -1.306          -2.393          -5.823            8.324
   31 (vir)            6.199          -1.306          -2.393          -5.823            8.324
   32 (vir)            6.930          -1.136          -1.956          -5.332            9.171
   33 (vir)            9.999          -1.969          -1.362          -5.576           12.244
   34 (vir)            9.999          -1.969          -1.362          -5.576           12.244
   35 (vir)            9.999          -1.969          -1.362          -5.576           12.244
   36 (vir)           12.534          -2.944          -1.901          -7.480           15.168
   37 (vir)           12.534          -2.944          -1.901          -7.480           15.168
   38 (vir)           12.534          -2.944          -1.901          -7.480           15.168
   39 (vir)           16.325          -3.686          -2.626          -8.282           18.296
   40 (vir)           16.325          -3.686          -2.626          -8.282           18.296
   41 (vir)           16.325          -3.686          -2.626          -8.282           18.296
   42 (vir)           18.459          -2.669          -1.636          -6.677           20.832
   43 (vir)           20.711          -2.635          -2.579          -8.019           23.516
   44 (vir)           20.711          -2.635          -2.579          -8.019           23.516
   45 (vir)           20.711          -2.635          -2.579          -8.019           23.516
   46 (vir)           21.818          -1.972          -2.264          -7.662           25.245
   47 (vir)           21.818          -1.971          -2.264          -7.662           25.245
   48 (vir)           23.581          -2.953          -2.302          -8.260           26.586
   49 (vir)           23.581          -2.953          -2.302          -8.260           26.586
   50 (vir)           23.581          -2.953          -2.302          -8.260           26.586
   51 (vir)           23.828          -1.391          -0.741          -6.036           27.731
   52 (vir)           23.828          -1.391          -0.741          -6.036           27.731
   53 (vir)           23.828          -1.391          -0.741          -6.036           27.731
   54 (vir)           25.139          -3.129          -4.045         -11.154           29.118
   55 (vir)           25.139          -3.129          -4.045         -11.154           29.118
   56 (vir)           25.700          -3.195          -3.362         -10.003           29.146
   57 (vir)           25.700          -3.195          -3.362         -10.003           29.146
   58 (vir)           25.700          -3.195          -3.362         -10.003           29.146
   59 (vir)           25.909          -2.495          -3.806         -10.440           30.048
   60 (vir)           30.056          -3.752          -1.239          -7.549           32.614
   61 (vir)           32.763           0.649          -1.375          -8.214           40.250
   62 (vir)           32.763           0.648          -1.375          -8.214           40.250
   63 (vir)           32.763           0.648          -1.375          -8.214           40.250
   64 (vir)           37.063          -0.890          -0.992          -6.438           41.619
   65 (vir)           40.046          -1.893          -4.131         -11.841           45.863
   66 (vir)           40.046          -1.893          -4.131         -11.841           45.863
   67 (vir)           40.046          -1.893          -4.131         -11.841           45.863
   68 (vir)           44.176          -5.968          -2.324         -10.946           46.830
   69 (vir)           44.176          -5.966          -2.324         -10.946           46.832
   70 (vir)           44.176          -5.973          -2.324         -10.946           46.825
   71 (vir)           47.092          -1.285          -1.265          -9.346           53.889
   72 (vir)           47.092          -1.285          -1.265          -9.346           53.889
   73 (vir)           52.086          -1.115          -2.587         -11.232           59.616
   74 (vir)           52.086          -1.115          -2.587         -11.232           59.616
   75 (vir)           52.086          -1.115          -2.587         -11.232           59.616
   76 (vir)           52.457          -1.192          -2.464         -11.193           59.994
   77 (vir)           54.576          -0.531          -1.196          -9.061           61.910
   78 (vir)           54.576          -0.530          -1.196          -9.061           61.910
   79 (vir)           54.576          -0.531          -1.196          -9.061           61.909
   80 (vir)           57.166           0.693          -1.903         -10.655           66.611
   81 (vir)           57.166           0.693          -1.903         -10.655           66.611
   82 (vir)           57.166           0.693          -1.903         -10.655           66.611
   83 (vir)           59.755          -1.083          -1.448         -10.020           67.244
   84 (vir)           59.755          -1.086          -1.448         -10.020           67.241
   85 (vir)           59.755          -1.085          -1.448         -10.020           67.242
   86 (vir)           61.463          -0.701          -1.965         -10.973           69.771
   87 (vir)           61.463          -0.701          -1.965         -10.973           69.771
   88 (vir)           61.718           1.269          -0.956          -8.997           71.029
   89 (vir)           61.718           1.269          -0.956          -8.997           71.028
   90 (vir)           61.718           1.270          -0.956          -8.997           71.029
   91 (vir)           68.277          -0.477          -0.941          -9.293           76.153
   92 (vir)           68.277          -0.477          -0.941          -9.293           76.152
   93 (vir)           68.277          -0.477          -0.941          -9.293           76.152
   94 (vir)           69.413          -0.066          -1.595         -10.491           78.244
   95 (vir)           71.043           0.283          -1.136          -9.600           79.789
   96 (vir)           71.043           0.283          -1.136          -9.600           79.789
   97 (vir)           71.043           0.283          -1.136          -9.600           79.789
   98 (vir)           74.951          -0.479          -3.786         -13.339           84.026
   99 (vir)           74.951          -0.479          -3.786         -13.339           84.026
  100 (vir)           74.951          -0.479          -3.786         -13.339           84.026
  101 (vir)           76.578           0.263          -0.975          -9.589           85.454
  102 (vir)           76.578           0.263          -0.975          -9.589           85.455
  103 (vir)           78.317           0.005          -4.774         -15.048           88.597
  104 (vir)           78.317           0.005          -4.774         -15.048           88.597
  105 (vir)           82.547          -0.363          -2.829         -12.504           91.858
  106 (vir)           82.547          -0.363          -2.829         -12.504           91.858
  107 (vir)           82.547          -0.363          -2.829         -12.504           91.858
  108 (vir)           84.525          -0.476          -4.220         -14.836           94.664
  109 (vir)           86.876           0.192          -1.063          -9.276           95.281
  110 (vir)           87.315           0.004          -2.085         -11.432           96.665
  111 (vir)           87.315           0.004          -2.085         -11.432           96.665
  112 (vir)           87.315           0.004          -2.085         -11.432           96.665
  113 (vir)           91.904          -0.367          -7.144         -19.181          103.574
  114 (vir)           91.904          -0.366          -7.144         -19.181          103.574
  115 (vir)           92.133           0.290          -1.572         -11.109          101.960
  116 (vir)           92.133           0.290          -1.572         -11.109          101.960
  117 (vir)           92.133           0.290          -1.572         -11.109          101.960
  118 (vir)          100.682          -0.991          -8.046         -20.981          112.626
  119 (vir)          100.682          -0.991          -8.046         -20.981          112.626
  120 (vir)          100.682          -0.991          -8.046         -20.981          112.626
  121 (vir)          127.653          -0.449          -7.311         -21.592          141.486
  122 (vir)          144.328           0.205          -3.245         -17.140          158.428
  123 (vir)          144.328           0.205          -3.245         -17.140          158.428
  124 (vir)          144.328           0.205          -3.245         -17.140          158.428
  125 (vir)          154.758           1.004          -0.664         -11.033          166.131
  126 (vir)          154.932           0.569          -0.685         -11.089          165.905
  127 (vir)          154.932           0.570          -0.685         -11.089          165.906
  128 (vir)          154.932           0.569          -0.685         -11.089          165.905
  129 (vir)          156.099           0.719          -0.730         -11.196          167.285
  130 (vir)          156.099           0.719          -0.730         -11.196          167.285
  131 (vir)          156.099           0.719          -0.730         -11.196          167.285
  132 (vir)          157.867           0.147          -2.320         -13.832          169.527
  133 (vir)          160.602           0.373          -0.927         -11.830          171.877
  134 (vir)          160.602           0.374          -0.927         -11.830          171.878
  135 (vir)          160.602           0.374          -0.927         -11.830          171.878
  136 (vir)          161.007           0.582          -2.283         -14.050          173.355
  137 (vir)          163.205           0.745          -0.734         -11.428          174.644
  138 (vir)          163.205           0.745          -0.734         -11.428          174.644
  139 (vir)          163.205           0.745          -0.734         -11.428          174.644
  140 (vir)          163.996           0.256          -1.141         -12.485          175.596
  141 (vir)          163.996           0.256          -1.141         -12.485          175.596
  142 (vir)          169.405           0.366          -1.251         -12.732          181.252
  143 (vir)          169.405           0.366          -1.251         -12.732          181.252
  144 (vir)          169.405           0.366          -1.251         -12.732          181.252
  145 (vir)          175.417           0.144          -2.330         -14.699          187.930
  146 (vir)          175.417           0.144          -2.330         -14.699          187.930
  147 (vir)          175.417           0.144          -2.330         -14.699          187.930
  148 (vir)          176.349           0.785          -0.792         -11.929          188.272
  149 (vir)          176.349           0.785          -0.792         -11.929          188.272
  150 (vir)          179.365           0.393          -1.087         -12.858          191.530
  151 (vir)          179.365           0.393          -1.087         -12.858          191.530
  152 (vir)          179.365           0.393          -1.087         -12.858          191.530
  153 (vir)          187.811           0.486          -2.000         -15.187          201.484
  154 (vir)          204.910          -0.196          -5.590         -21.012          220.136
  155 (vir)          204.910          -0.196          -5.590         -21.012          220.136
  156 (vir)          204.910          -0.196          -5.590         -21.012          220.136
  157 (vir)          207.565           0.385          -1.034         -14.135          221.052
  158 (vir)          207.565           0.385          -1.034         -14.135          221.052
  159 (vir)          211.273          -0.190          -5.019         -20.135          226.199
  160 (vir)          211.273          -0.190          -5.019         -20.135          226.199
  161 (vir)          211.273          -0.190          -5.019         -20.135          226.199
  162 (vir)          212.913           0.506          -0.893         -13.518          226.043
  163 (vir)          212.913           0.506          -0.893         -13.518          226.043
  164 (vir)          212.913           0.506          -0.893         -13.518          226.043
  165 (vir)          214.029           0.474          -0.984         -13.754          227.273
  166 (vir)          214.029           0.474          -0.984         -13.754          227.273
  167 (vir)          214.029           0.474          -0.984         -13.754          227.273
  168 (vir)          218.089           0.535          -0.797         -13.048          230.874
  169 (vir)          218.089           0.535          -0.797         -13.048          230.874
  170 (vir)          218.099           0.390          -0.796         -13.090          230.784
  171 (vir)          218.099           0.390          -0.796         -13.090          230.784
  172 (vir)          218.099           0.390          -0.796         -13.090          230.784
  173 (vir)          229.938           0.320          -0.855         -13.045          242.448
  174 (vir)          229.938           0.320          -0.855         -13.045          242.449
  175 (vir)          229.938           0.320          -0.855         -13.045          242.449
  176 (vir)          232.018           0.245          -1.583         -14.260          244.941
  177 (vir)          232.018           0.245          -1.583         -14.260          244.941
  178 (vir)          232.018           0.245          -1.583         -14.260          244.941
  179 (vir)          233.044           0.743          -0.739         -12.958          246.006
  180 (vir)          233.044           0.743          -0.739         -12.958          246.006
  181 (vir)          239.070           0.419          -1.518         -14.287          252.258
  182 (vir)          239.070           0.419          -1.518         -14.287          252.258
  183 (vir)          239.070           0.419          -1.518         -14.287          252.258
  184 (vir)          240.189           0.987          -0.820         -13.104          253.459
  185 (vir)          250.709           0.367          -2.635         -17.178          265.619
  186 (vir)          256.137          -0.021          -9.915         -28.294          274.495
  187 (vir)          256.137          -0.021          -9.915         -28.294          274.495
  188 (vir)          256.137          -0.021          -9.915         -28.294          274.495
  189 (vir)          516.989           0.470         -22.836         -52.994          547.617
  190 (vir)         1703.359          -1.497         -36.369         -89.503         1754.996
  191 (vir)         5495.365          -0.780         -44.916        -137.310         5586.979
  192 (vir)         5495.365          -0.780         -44.916        -137.310         5586.979
  193 (vir)         5495.365          -0.780         -44.916        -137.310         5586.979
  194 (vir)         5717.925          -1.393         -63.125        -162.549         5815.955
  195 (vir)        34350.387          -1.764        -117.572        -388.955        34620.006
