 
  kpoint:     0.0000    0.0000    0.0000
 
    n          ϵ_nk^DFT (eV)     Σ^c_nk (eV)     Σ^x_nk (eV)     v_n^xc (eV)   ϵ_nk^G0W0 (eV)
 
    1 (occ)        -3505.503          -0.539        -338.666        -210.462        -3634.246
    2 (occ)         -350.340          -4.107        -112.596         -69.416         -397.627
    3 (occ)         -279.820          33.693        -105.112         -72.037         -279.203
    4 (occ)         -279.820          33.693        -105.112         -72.037         -279.203
    5 (occ)         -279.812          33.675        -105.124         -72.036         -279.226
    6 (occ)          -34.620           8.131         -35.731         -23.510          -38.711
    7 (occ)          -18.479           1.700         -27.657         -20.840          -23.596
    8 (occ)          -18.479           1.700         -27.657         -20.840          -23.596
    9 (occ)          -18.308           1.967         -27.730         -20.863          -23.208
   10 (occ)           -3.454           1.909         -12.164          -8.865           -4.843
   11 (vir)           -1.619          -0.628          -1.589          -3.654           -0.182
   12 (vir)           -0.390          -0.392          -0.447          -1.877            0.647
   13 (vir)           -0.390          -0.392          -0.447          -1.877            0.647
   14 (vir)            0.184          -0.560          -0.843          -2.669            1.450
   15 (vir)            0.708          -0.361          -0.468          -1.620            1.500
   16 (vir)            1.113          -0.482          -0.652          -2.214            2.192
   17 (vir)            1.113          -0.482          -0.652          -2.214            2.192
   18 (vir)            1.247          -0.408          -0.616          -2.175            2.398
   19 (vir)            1.399          -0.959          -1.420          -4.407            3.428
   20 (vir)            1.400          -0.959          -1.420          -4.408            3.428
   21 (vir)            1.509          -0.788          -1.371          -4.035            3.386
   22 (vir)            1.509          -0.788          -1.371          -4.035            3.386
   23 (vir)            3.655          -0.414          -0.924          -3.059            5.376
   24 (vir)            5.043          -0.493          -1.059          -3.314            6.805
   25 (vir)            5.043          -0.493          -1.059          -3.314            6.805
   26 (vir)            5.215          -0.572          -0.976          -3.599            7.265
   27 (vir)            5.351          -1.244          -3.466          -7.998            8.640
   28 (vir)            5.692          -1.132          -3.980          -8.917            9.496
   29 (vir)            5.692          -1.132          -3.980          -8.916            9.496
   30 (vir)            5.811          -1.253          -3.926          -8.956            9.588
   31 (vir)            5.811          -1.253          -3.926          -8.956            9.588
   32 (vir)            6.005          -0.902          -1.634          -4.529            7.998
   33 (vir)            9.169          -1.395          -2.775          -7.245           12.244
   34 (vir)           14.199          -1.837          -1.802          -7.173           17.733
   35 (vir)           14.199          -1.837          -1.802          -7.173           17.733
   36 (vir)           16.234          -1.517          -3.406          -8.774           20.086
   37 (vir)           17.128          -1.297          -3.626          -8.905           21.110
   38 (vir)           17.128          -1.297          -3.626          -8.905           21.110
   39 (vir)           20.773          -2.005          -1.896          -7.981           24.853
   40 (vir)           20.773          -2.005          -1.896          -7.981           24.853
   41 (vir)           20.792          -1.803          -0.933          -6.382           24.439
   42 (vir)           20.792          -1.803          -0.933          -6.382           24.439
   43 (vir)           21.080          -2.432          -3.915         -11.181           25.914
   44 (vir)           21.080          -2.432          -3.915         -11.181           25.914
   45 (vir)           21.111          -1.599          -1.592          -7.296           25.215
   46 (vir)           21.353          -2.222          -3.486         -10.432           26.078
   47 (vir)           21.353          -2.222          -3.486         -10.433           26.078
   48 (vir)           21.579          -2.421          -4.108         -11.574           26.624
   49 (vir)           24.139          -2.002          -1.575          -7.840           28.403
   50 (vir)           24.139          -2.002          -1.575          -7.840           28.403
   51 (vir)           27.876          -1.120          -4.195         -10.604           33.165
   52 (vir)           30.666          -2.247          -2.033          -9.184           35.571
   53 (vir)           36.133          -1.425          -1.509          -8.446           41.646
   54 (vir)           53.145          -0.854          -0.964          -8.790           60.117
   55 (vir)           53.145          -0.854          -0.964          -8.790           60.117
   56 (vir)           56.912          -1.384          -1.109          -9.221           63.640
   57 (vir)           56.912          -1.384          -1.109          -9.221           63.640
   58 (vir)           60.572          -1.876          -1.678         -10.348           67.366
   59 (vir)           63.696          -2.031          -1.221          -9.844           70.289
   60 (vir)           63.696          -2.031          -1.221          -9.844           70.289
   61 (vir)           72.825           1.324          -2.336         -12.250           84.063
   62 (vir)           77.257           3.007          -5.047         -18.532           93.749
   63 (vir)           77.257           3.007          -5.047         -18.532           93.749
   64 (vir)           77.655           2.791          -5.015         -18.492           93.923
   65 (vir)           77.655           2.791          -5.015         -18.492           93.923
   66 (vir)           81.767           2.740          -3.769         -15.918           96.655
   67 (vir)          109.240          -0.146          -8.573         -21.427          121.948
   68 (vir)          142.441           1.712          -1.419         -14.709          157.444
   69 (vir)          159.437           1.483          -0.601         -10.777          171.096
   70 (vir)          159.437           1.483          -0.601         -10.777          171.096
   71 (vir)          159.446           1.458          -0.595         -10.755          171.064
   72 (vir)          159.446           1.458          -0.595         -10.755          171.064
   73 (vir)          160.034           1.485          -0.612         -10.803          171.710
   74 (vir)          160.034           1.485          -0.612         -10.803          171.710
   75 (vir)          160.995           1.599          -0.657         -10.923          172.860
   76 (vir)          205.810          -1.907          -0.966         -13.856          216.794
   77 (vir)          205.810          -1.907          -0.966         -13.856          216.794
   78 (vir)          209.247           0.695          -0.955         -13.785          222.772
   79 (vir)          214.606           4.376          -0.749         -12.851          231.084
   80 (vir)          214.606           4.376          -0.749         -12.851          231.084
   81 (vir)          217.696           2.948          -0.740         -12.843          232.748
   82 (vir)          217.696           2.948          -0.740         -12.843          232.748
   83 (vir)          227.071           2.347          -0.753         -12.930          241.594
   84 (vir)          385.484           0.455         -16.110         -39.903          409.731
   85 (vir)         1337.218           0.284         -31.159         -78.484         1384.827
   86 (vir)         9281.369           0.042         -70.561        -213.806         9424.656
