 
  kpoint:     0.0000    0.0000    0.0000
 
    n          ϵ_nk^DFT (eV)     Σ^c_nk (eV)     Σ^x_nk (eV)     v_n^xc (eV)   ϵ_nk^G0W0 (eV)
 
    1 (occ)        -1259.191           1.700        -205.979        -129.131        -1334.340
    2 (occ)         -658.008           2.807        -150.668         -94.981         -710.889
    3 (occ)         -658.008           2.809        -150.668         -94.981         -710.887
    4 (occ)          -80.756           9.162         -61.145         -38.368          -94.371
    5 (occ)          -47.967           5.661         -52.517         -37.067          -57.756
    6 (occ)          -47.967           5.661         -52.517         -37.067          -57.756
    7 (occ)          -47.712           5.966         -52.801         -37.104          -57.444
    8 (occ)          -26.967           8.558         -39.494         -25.464          -32.439
    9 (occ)          -26.828           8.491         -39.751         -25.731          -32.357
   10 (occ)           -9.280           3.927         -29.429         -21.622          -13.160
   11 (occ)           -8.737           3.850         -30.816         -22.975          -12.728
   12 (occ)           -8.355           3.815         -29.547         -21.699          -12.387
   13 (occ)           -8.355           3.815         -29.547         -21.699          -12.387
   14 (occ)           -8.287           3.871         -30.004         -22.099          -12.320
   15 (occ)           -8.287           3.871         -30.004         -22.099          -12.320
   16 (vir)           -2.580          -0.798          -3.244          -6.483           -0.138
   17 (vir)           -0.476          -0.534          -2.121          -4.458            1.327
   18 (vir)           -0.476          -0.534          -2.121          -4.458            1.327
   19 (vir)            0.659          -0.331          -0.707          -2.509            2.130
   20 (vir)            1.412          -0.406          -1.395          -3.251            2.862
   21 (vir)            2.063          -0.357          -0.189          -2.007            3.524
   22 (vir)            2.063          -0.357          -0.189          -2.007            3.524
   23 (vir)            2.243          -0.500          -1.155          -3.124            3.712
   24 (vir)            2.243          -0.500          -1.155          -3.124            3.712
   25 (vir)            2.849          -0.350          -1.250          -3.314            4.563
   26 (vir)            2.849          -0.350          -1.250          -3.314            4.563
   27 (vir)            3.552          -0.414          -0.938          -3.116            5.316
   28 (vir)            4.661          -0.698          -1.836          -4.802            6.930
   29 (vir)            8.619          -1.009          -2.461          -6.074           11.223
   30 (vir)           10.013          -1.072          -2.374          -6.175           12.742
   31 (vir)           10.351          -0.952          -1.669          -5.303           13.034
   32 (vir)           10.351          -0.952          -1.669          -5.303           13.034
   33 (vir)           10.635          -1.097          -0.761          -4.688           13.465
   34 (vir)           10.635          -1.097          -0.761          -4.688           13.465
   35 (vir)           11.134          -0.958          -2.603          -6.664           14.237
   36 (vir)           11.134          -0.958          -2.603          -6.664           14.237
   37 (vir)           11.216          -1.487          -3.371          -8.453           14.810
   38 (vir)           11.216          -1.487          -3.371          -8.453           14.810
   39 (vir)           12.535          -0.735          -0.908          -4.916           15.809
   40 (vir)           12.535          -0.735          -0.908          -4.916           15.809
   41 (vir)           13.046          -0.973          -1.781          -5.671           15.962
   42 (vir)           13.202          -1.466          -3.831          -8.977           16.882
   43 (vir)           13.301          -0.573          -0.151          -3.164           15.740
   44 (vir)           13.301          -0.573          -0.151          -3.164           15.740
   45 (vir)           14.381          -0.983          -1.850          -6.151           17.700
   46 (vir)           14.381          -0.983          -1.850          -6.151           17.700
   47 (vir)           19.834          -1.909          -4.821         -11.294           24.398
   48 (vir)           19.849          -0.855          -1.678          -6.282           23.598
   49 (vir)           19.849          -0.855          -1.678          -6.282           23.598
   50 (vir)           23.745          -1.111          -2.627          -7.473           27.479
   51 (vir)           28.088          -2.157          -4.789         -11.775           32.917
   52 (vir)           29.097          -2.036          -4.880         -11.783           33.965
   53 (vir)           35.986          -1.609          -4.982         -12.712           42.108
   54 (vir)           35.986          -1.609          -4.982         -12.712           42.108
   55 (vir)           37.020          -2.350          -4.638         -12.690           42.722
   56 (vir)           37.020          -2.350          -4.638         -12.690           42.722
   57 (vir)           37.869          -2.020          -4.351         -11.641           43.139
   58 (vir)           39.294          -1.588          -3.669         -10.753           44.790
   59 (vir)           40.540          -1.514          -3.543         -11.393           46.875
   60 (vir)           40.540          -1.514          -3.543         -11.393           46.875
   61 (vir)           40.828          -1.478          -3.595         -11.324           47.078
   62 (vir)           40.828          -1.478          -3.595         -11.324           47.078
   63 (vir)           41.162          -2.495          -4.421         -12.391           46.637
   64 (vir)           41.162          -2.495          -4.421         -12.391           46.637
   65 (vir)           45.900          -2.895          -4.996         -13.983           51.992
   66 (vir)           45.900          -2.895          -4.996         -13.983           51.992
   67 (vir)           46.343          -1.933          -4.546         -13.074           52.938
   68 (vir)           46.343          -1.933          -4.546         -13.074           52.938
   69 (vir)           47.846          -2.806          -4.877         -13.706           53.870
   70 (vir)           48.649          -3.400          -5.295         -15.003           54.956
   71 (vir)           48.649          -3.400          -5.295         -15.003           54.956
   72 (vir)           50.538          -1.983          -4.508         -13.151           57.197
   73 (vir)           50.538          -1.983          -4.508         -13.151           57.197
   74 (vir)           53.978          -2.521          -4.379         -13.234           60.311
   75 (vir)           58.055          -1.631          -5.834         -15.174           65.765
   76 (vir)           60.009          -2.613          -5.647         -16.609           68.357
   77 (vir)           75.105          -2.115          -5.417         -16.550           84.123
   78 (vir)          104.590          -2.050          -8.004         -21.476          116.012
   79 (vir)          108.492          -1.998          -7.740         -21.250          120.004
   80 (vir)          111.246          -1.044          -3.383         -16.290          123.108
   81 (vir)          111.246          -1.044          -3.383         -16.290          123.108
   82 (vir)          111.246          -1.310          -3.333         -16.191          122.794
   83 (vir)          111.246          -1.310          -3.333         -16.191          122.794
   84 (vir)          111.316           1.984          -3.297         -16.114          126.118
   85 (vir)          111.316           1.984          -3.297         -16.114          126.118
   86 (vir)          111.540           2.508          -3.289         -16.107          126.866
   87 (vir)          111.540           2.508          -3.289         -16.107          126.866
   88 (vir)          111.541          -0.444          -3.358         -16.224          123.964
   89 (vir)          111.541          -0.444          -3.358         -16.224          123.964
   90 (vir)          112.815          -0.548          -3.610         -16.639          125.297
   91 (vir)          112.815          -0.548          -3.610         -16.639          125.297
   92 (vir)          119.179          -3.219          -4.054         -17.363          129.268
   93 (vir)          119.304          -3.874          -4.648         -18.227          129.008
   94 (vir)          132.993          -1.503          -6.996         -22.326          146.821
   95 (vir)          132.993          -1.503          -6.996         -22.326          146.821
   96 (vir)          135.587          -1.283          -6.825         -22.134          149.614
   97 (vir)          135.587          -1.283          -6.825         -22.134          149.614
   98 (vir)          139.864          -1.789          -6.574         -21.962          153.463
   99 (vir)          139.864          -1.789          -6.574         -21.962          153.463
  100 (vir)          142.010          -4.759          -6.520         -21.901          152.632
  101 (vir)          142.010          -4.759          -6.520         -21.901          152.632
  102 (vir)          145.378          -7.160          -6.309         -21.817          153.726
  103 (vir)          147.852          -3.857          -6.976         -23.029          160.047
  104 (vir)          167.149          -1.940          -9.585         -29.118          184.740
  105 (vir)          167.149          -1.940          -9.585         -29.118          184.740
  106 (vir)          167.940          -1.802          -9.594         -29.132          185.676
  107 (vir)          167.940          -1.802          -9.594         -29.132          185.676
  108 (vir)          177.121          -1.586          -9.273         -29.007          195.268
  109 (vir)          184.548          -1.583          -9.322         -28.892          202.535
  110 (vir)          213.143          -2.686         -14.052         -34.492          230.897
  111 (vir)          213.143          -2.686         -14.052         -34.492          230.897
  112 (vir)          215.102          -2.031         -13.902         -34.352          233.522
  113 (vir)          215.102          -2.031         -13.902         -34.352          233.522
  114 (vir)          228.291          -2.410         -12.613         -32.820          246.087
  115 (vir)          246.129          -1.644         -11.665         -31.849          264.669
  116 (vir)          307.000           0.288          -2.992         -22.021          326.318
  117 (vir)          307.000           0.288          -2.992         -22.021          326.318
  118 (vir)          307.053           0.354          -2.987         -22.008          326.429
  119 (vir)          307.053           0.354          -2.987         -22.008          326.429
  120 (vir)          307.077           0.359          -2.986         -22.009          326.458
  121 (vir)          307.077           0.359          -2.986         -22.008          326.458
  122 (vir)          307.301           0.401          -2.977         -21.985          326.711
  123 (vir)          307.301           0.401          -2.977         -21.985          326.711
  124 (vir)          307.314           0.412          -2.976         -21.985          326.734
  125 (vir)          307.314           0.412          -2.976         -21.985          326.734
  126 (vir)          307.435           0.241          -2.997         -22.037          326.717
  127 (vir)          307.435           0.241          -2.997         -22.037          326.717
  128 (vir)          307.496           0.213          -2.996         -22.034          326.748
  129 (vir)          307.588           0.425          -2.962         -21.950          327.001
  130 (vir)          307.588           0.426          -2.962         -21.950          327.001
  131 (vir)          307.588           0.425          -2.962         -21.950          327.001
  132 (vir)          307.588           0.425          -2.962         -21.950          327.001
  133 (vir)          309.881          -0.039          -3.167         -22.311          328.986
  134 (vir)          392.409          -1.370          -4.525         -27.530          414.043
  135 (vir)          392.409          -1.370          -4.525         -27.530          414.043
  136 (vir)          392.463          -1.441          -4.514         -27.521          414.028
  137 (vir)          392.463          -1.441          -4.514         -27.521          414.028
  138 (vir)          392.517          -1.351          -4.523         -27.527          414.170
  139 (vir)          392.517          -1.351          -4.523         -27.527          414.170
  140 (vir)          392.530          -1.501          -4.512         -27.523          414.040
  141 (vir)          392.530          -1.501          -4.512         -27.523          414.040
  142 (vir)          392.655          -1.464          -4.512         -27.518          414.197
  143 (vir)          392.655          -1.464          -4.512         -27.518          414.197
  144 (vir)          393.722          -1.497          -4.500         -27.515          415.241
  145 (vir)          393.722          -1.497          -4.500         -27.515          415.241
  146 (vir)          396.359          -1.092          -4.631         -27.686          418.322
  147 (vir)          398.579          -1.487          -7.390         -31.038          420.739
  148 (vir)          402.878          -0.815          -9.855         -34.010          426.217
  149 (vir)          404.841          -1.265         -12.463         -37.165          428.278
  150 (vir)          424.684          -2.028          -5.768         -30.599          447.488
  151 (vir)          424.684          -2.028          -5.768         -30.599          447.488
  152 (vir)          426.475          -1.957          -5.733         -30.549          449.334
  153 (vir)          426.475          -1.957          -5.733         -30.549          449.334
  154 (vir)          429.652          -1.800          -5.640         -30.437          452.648
  155 (vir)          429.652          -1.800          -5.640         -30.437          452.648
  156 (vir)          431.609          -1.911          -5.613         -30.396          454.481
  157 (vir)          431.609          -1.911          -5.613         -30.396          454.481
  158 (vir)          433.709          -1.802          -5.686         -30.478          456.698
  159 (vir)          440.662          -1.701          -5.506         -30.204          463.658
  160 (vir)          932.805           0.289         -22.182         -61.284          972.196
  161 (vir)         1457.757          -1.401         -20.319         -67.479         1503.516
  162 (vir)         1461.025          -1.406         -20.286         -67.455         1506.787
  163 (vir)         5307.299          -1.475         -39.236        -143.880         5410.469
  164 (vir)         7725.331          -1.903         -24.298        -138.440         7837.569
  165 (vir)         7729.383          -1.902         -24.286        -138.432         7841.627
