 
  kpoint:     0.0000    0.0000    0.0000
 
    n          ϵ_nk^DFT (eV)     Σ^c_nk (eV)     Σ^x_nk (eV)     v_n^xc (eV)   ϵ_nk^G0W0 (eV)
 
    1 (occ)       -31648.576           3.905        -996.678        -611.920       -32029.429
    2 (occ)        -4768.043           5.061        -393.051        -237.889        -4918.144
    3 (occ)        -4480.830           5.993        -387.932        -252.470        -4610.299
    4 (occ)        -4480.776           5.992        -387.986        -252.486        -4610.283
    5 (occ)        -4480.773           5.993        -387.989        -252.487        -4610.282
    6 (occ)         -959.564           8.994        -184.311        -113.117        -1021.764
    7 (occ)         -838.831          11.220        -176.359        -115.190         -888.781
    8 (occ)         -838.699          11.327        -176.439        -115.209         -888.602
    9 (occ)         -838.692          11.333        -176.444        -115.210         -888.592
   10 (occ)         -614.278           9.403        -163.643        -118.307         -650.211
   11 (occ)         -614.251           9.418        -163.644        -118.311         -650.167
   12 (occ)         -614.246           9.419        -163.646        -118.311         -650.162
   13 (occ)         -614.159           9.438        -163.671        -118.324         -650.067
   14 (occ)         -614.159           9.438        -163.671        -118.324         -650.067
   15 (occ)         -270.494           3.401         -96.883         -61.537         -302.438
   16 (occ)         -269.462           3.357         -96.904         -61.551         -301.457
   17 (occ)         -166.286          15.030         -81.514         -51.979         -180.792
   18 (occ)         -124.230          12.326         -73.346         -49.812         -135.438
   19 (occ)         -123.947          11.438         -73.520         -49.858         -136.171
   20 (occ)         -123.932          11.220         -73.532         -49.861         -136.384
   21 (occ)          -52.231           4.971         -55.513         -43.452          -59.321
   22 (occ)          -52.146           4.937         -55.534         -43.487          -59.255
   23 (occ)          -52.138           4.906         -55.529         -43.487          -59.274
   24 (occ)          -51.903           4.991         -55.618         -43.547          -58.983
   25 (occ)          -51.902           4.984         -55.618         -43.547          -58.990
   26 (occ)          -19.681           5.865         -25.611         -16.737          -22.690
   27 (occ)          -16.404           3.977         -23.424         -16.430          -19.422
   28 (occ)          -14.081           3.306         -22.078         -15.592          -17.261
   29 (occ)          -11.719           2.236         -20.474         -14.948          -15.009
   30 (occ)          -10.607           1.604         -20.371         -15.412          -13.961
   31 (occ)           -8.609           0.553         -18.499         -14.689          -11.866
   32 (occ)           -8.078           0.831         -16.915         -13.150          -11.013
   33 (occ)           -6.483           0.388         -16.980         -13.527           -9.549
   34 (occ)           -6.074           0.016         -16.561         -13.577           -9.042
   35 (vir)           -1.636          -2.280          -7.899         -12.693            0.879
   36 (vir)           -1.583          -2.655          -6.989         -12.190            0.963
   37 (vir)            0.462          -1.292          -2.145          -5.343            2.368
   38 (vir)            0.977          -1.269          -1.975          -5.136            2.870
   39 (vir)            1.749          -1.146          -1.899          -4.901            3.605
   40 (vir)            2.996          -1.302          -1.722          -4.924            4.896
   41 (vir)            3.072          -1.198          -1.741          -4.791            4.924
   42 (vir)            3.148          -1.402          -2.285          -5.779            5.239
   43 (vir)            3.557          -1.454          -2.732          -6.452            5.823
   44 (vir)            3.847          -1.727          -3.177          -7.196            6.139
   45 (vir)            4.285          -1.755          -3.270          -7.102            6.362
   46 (vir)            4.419          -1.537          -2.562          -6.305            6.625
   47 (vir)            4.671          -1.781          -3.135          -7.246            7.001
   48 (vir)            5.413          -1.699          -3.160          -7.206            7.760
   49 (vir)            6.052          -2.256          -4.048          -8.708            8.457
   50 (vir)            6.114          -2.425          -4.401          -9.315            8.602
   51 (vir)            7.035          -2.380          -4.546          -9.535            9.644
   52 (vir)            7.343          -1.934          -2.572          -6.561            9.396
   53 (vir)            7.634          -2.226          -3.172          -7.796           10.032
   54 (vir)            8.399          -2.063          -2.911          -7.407           10.832
   55 (vir)            8.549          -2.592          -3.378          -8.150           10.729
   56 (vir)            9.894          -2.814          -3.056          -8.151           12.176
   57 (vir)           10.544          -1.952          -2.834          -7.126           12.884
   58 (vir)           10.668          -2.845          -3.048          -8.428           13.203
   59 (vir)           11.113          -2.204          -2.666          -7.211           13.454
   60 (vir)           12.020          -2.867          -3.173          -8.587           14.567
   61 (vir)           12.333          -2.823          -2.879          -8.731           15.363
   62 (vir)           12.705          -3.274          -3.659          -9.680           15.452
   63 (vir)           13.782          -3.346          -3.910         -10.108           16.633
   64 (vir)           14.089          -4.130          -4.217         -11.186           16.928
   65 (vir)           14.344          -3.242          -3.624          -9.619           17.096
   66 (vir)           14.600          -4.042          -4.396         -11.534           17.697
   67 (vir)           14.688          -4.156          -4.436         -11.672           17.769
   68 (vir)           15.353          -3.736          -3.827         -10.572           18.362
   69 (vir)           16.162          -3.330          -3.664          -9.732           18.901
   70 (vir)           17.064          -3.407          -3.421          -9.436           19.672
   71 (vir)           17.864          -2.904          -2.564          -8.143           20.540
   72 (vir)           18.162          -4.351          -3.174         -10.009           20.647
   73 (vir)           18.948          -3.656          -4.512         -11.380           22.160
   74 (vir)           19.361          -3.891          -2.335          -8.798           21.933
   75 (vir)           19.863          -4.026          -3.045          -9.468           22.260
   76 (vir)           20.209          -2.667          -1.467          -6.743           22.818
   77 (vir)           20.540          -3.970          -3.198          -9.698           23.070
   78 (vir)           21.103          -3.124          -2.261          -8.286           24.004
   79 (vir)           21.758          -3.597          -3.078          -9.381           24.464
   80 (vir)           22.354          -3.636          -4.497         -11.825           26.045
   81 (vir)           22.601          -3.662          -2.431          -8.364           24.873
   82 (vir)           23.016          -3.607          -2.350          -8.567           25.627
   83 (vir)           24.425          -2.874          -2.495          -8.754           27.810
   84 (vir)           24.618          -3.358          -2.532          -8.628           27.356
   85 (vir)           24.983          -3.528          -3.786         -10.677           28.346
   86 (vir)           26.261          -2.889          -2.381          -8.218           29.209
   87 (vir)           27.701          -3.410          -2.301          -8.373           30.364
   88 (vir)           28.497          -3.705          -3.364         -10.270           31.697
   89 (vir)           28.591          -2.820          -3.092          -9.719           32.398
   90 (vir)           29.576          -2.924          -4.019         -10.932           33.566
   91 (vir)           30.255          -3.328          -5.870         -13.824           34.881
   92 (vir)           30.661          -3.515         -10.480         -20.722           37.388
   93 (vir)           30.922          -3.561          -9.346         -19.068           37.083
   94 (vir)           31.091          -3.288          -8.406         -17.776           37.173
   95 (vir)           31.372          -3.467          -9.713         -19.717           37.911
   96 (vir)           31.564          -3.359          -7.048         -15.852           37.010
   97 (vir)           31.974          -3.449          -6.007         -14.492           37.010
   98 (vir)           32.608          -2.724          -6.429         -14.768           38.223
   99 (vir)           33.014          -2.930          -4.892         -12.762           37.954
  100 (vir)           33.205          -3.096          -5.408         -13.632           38.333
  101 (vir)           33.513          -2.711          -3.999         -11.266           38.069
  102 (vir)           35.666          -3.191          -3.951         -12.150           40.673
  103 (vir)           36.694          -2.503          -5.152         -13.368           42.407
  104 (vir)           36.878          -3.072          -7.568         -16.951           43.188
  105 (vir)           37.407          -2.458          -4.460         -12.234           42.722
  106 (vir)           38.418          -2.692          -4.957         -13.892           44.661
  107 (vir)           39.188          -2.432          -3.523         -11.684           44.917
  108 (vir)           39.467          -2.690          -5.517         -14.254           45.513
  109 (vir)           42.142          -2.725          -3.769         -12.882           48.530
  110 (vir)           43.739          -2.858          -3.403         -12.081           49.560
  111 (vir)           44.459          -2.132          -3.823         -12.317           50.821
  112 (vir)           45.062          -1.750          -3.532         -11.878           51.658
  113 (vir)           45.471          -0.546          -2.216         -11.055           53.764
  114 (vir)           45.582          -0.923          -2.354         -10.620           52.926
  115 (vir)           46.816          -1.289          -3.057         -11.748           54.217
  116 (vir)           46.923          -1.301          -3.319         -12.594           54.897
  117 (vir)           47.223          -0.369          -2.963         -12.312           56.203
  118 (vir)           47.343           0.922          -2.161         -11.726           57.830
  119 (vir)           47.569           0.446          -2.569         -11.950           57.396
  120 (vir)           47.942          -0.467          -2.147         -11.089           56.417
  121 (vir)           48.489          -1.689          -2.903         -11.573           55.469
  122 (vir)           49.250          -0.578          -2.482         -10.962           57.152
  123 (vir)           49.439          -1.586          -2.043         -10.661           56.471
  124 (vir)           50.684          -1.940          -2.912         -11.689           57.521
  125 (vir)           50.906          -1.728          -2.199         -10.736           57.716
  126 (vir)           51.364          -1.139          -2.381         -11.208           59.053
  127 (vir)           52.440          -1.437          -3.215         -12.405           60.193
  128 (vir)           52.709          -0.853          -2.697         -11.713           60.872
  129 (vir)           53.972          -0.285          -2.647         -11.805           62.846
  130 (vir)           54.354          -1.636          -3.435         -12.636           61.918
  131 (vir)           54.433          -0.948          -1.905         -10.712           62.292
  132 (vir)           55.590          -1.092          -2.364         -11.006           63.140
  133 (vir)           55.684          -1.297          -1.277          -9.387           62.496
  134 (vir)           56.792          -2.963          -1.383          -9.735           62.181
  135 (vir)           57.010          -0.951          -1.978         -10.688           64.769
  136 (vir)           58.780          -1.429          -2.337         -11.443           66.457
  137 (vir)           59.425          -1.883          -4.455         -14.464           67.551
  138 (vir)           62.151          -0.753          -1.659         -10.410           70.149
  139 (vir)           63.324          -0.502          -1.512          -9.945           71.255
  140 (vir)           64.358          -0.806          -2.183         -11.266           72.634
  141 (vir)           65.209          -0.818          -2.331         -11.340           73.400
  142 (vir)           65.627          -0.910          -2.245         -11.759           74.232
  143 (vir)           65.943          -0.312          -1.528         -10.040           74.143
  144 (vir)           66.680          -0.995          -2.454         -11.562           74.793
  145 (vir)           66.720          -0.685          -1.862         -10.890           75.063
  146 (vir)           67.090          -0.717          -2.100         -10.943           75.216
  147 (vir)           68.531          -0.305          -1.862         -10.607           76.972
  148 (vir)           68.839          -0.739          -2.133         -11.548           77.514
  149 (vir)           69.751          -1.172          -3.516         -13.094           78.157
  150 (vir)           70.808          -0.792          -1.722         -10.961           79.255
  151 (vir)           71.540          -0.697          -2.282         -11.221           79.783
  152 (vir)           71.970          -0.903          -2.765         -13.373           81.676
  153 (vir)           72.099          -0.606          -2.053         -10.908           80.348
  154 (vir)           72.673          -0.486          -1.820         -10.449           80.815
  155 (vir)           75.876           0.156          -1.411         -10.153           84.774
  156 (vir)           76.645          -0.772          -2.197         -11.224           84.901
  157 (vir)           77.741          -1.256          -4.565         -15.461           87.381
  158 (vir)           78.549          -1.297          -5.077         -16.308           88.484
  159 (vir)           80.307          -1.420          -5.120         -16.227           89.994
  160 (vir)           82.908          -4.429         -13.718         -29.825           94.586
  161 (vir)           83.115          -3.948         -12.872         -28.569           94.864
  162 (vir)           83.557          -4.080         -12.985         -28.761           95.253
  163 (vir)           83.578          -0.688          -3.089         -13.039           92.841
  164 (vir)           85.162          -3.793         -11.644         -26.747           96.473
  165 (vir)           85.871          -1.995          -7.050         -19.534           96.359
  166 (vir)           86.416          -2.395          -7.522         -20.580           97.079
  167 (vir)           87.271          -0.535          -2.599         -12.682           96.820
  168 (vir)           88.775          -0.639          -2.501         -12.734           98.369
  169 (vir)           90.140          -0.469          -2.090         -12.307           99.887
  170 (vir)           91.015          -0.387          -2.785         -13.667          101.509
  171 (vir)           92.573          -0.886          -4.503         -17.073          104.256
  172 (vir)           93.596          -0.490          -2.404         -12.652          103.354
  173 (vir)           94.308          -0.331          -2.637         -14.347          105.686
  174 (vir)           95.680          -1.553          -6.346         -19.664          107.445
  175 (vir)           99.444          -0.529          -2.670         -13.838          110.083
  176 (vir)          100.377          -0.378          -2.183         -13.086          110.902
  177 (vir)          100.753           0.117          -2.378         -13.408          111.899
  178 (vir)          101.049          -0.331          -3.314         -15.232          112.636
  179 (vir)          104.493          -0.320          -2.885         -14.267          115.556
  180 (vir)          108.904          -0.204          -2.900         -15.111          120.912
  181 (vir)          111.213          -0.291          -2.399         -13.668          122.191
  182 (vir)          119.290           0.214          -2.443         -14.049          131.110
  183 (vir)          127.666          -0.107          -2.937         -15.947          140.568
  184 (vir)          129.974          -0.010          -2.275         -14.964          142.653
  185 (vir)          131.211          -0.263          -2.208         -14.994          143.735
  186 (vir)          131.647          -2.127          -1.918         -14.370          141.972
  187 (vir)          132.535          -0.209          -3.000         -15.915          145.241
  188 (vir)          133.175           0.615          -2.937         -15.644          146.497
  189 (vir)          134.687          -0.036          -2.676         -15.223          147.198
  190 (vir)          138.986          -0.391          -3.852         -17.277          152.019
  191 (vir)          139.179          -2.434         -12.761         -29.141          153.125
  192 (vir)          139.751          -0.663          -7.081         -21.620          153.628
  193 (vir)          140.926          -3.013         -15.183         -32.537          155.268
  194 (vir)          143.184          -1.518          -8.270         -23.662          157.057
  195 (vir)          144.338          -2.023         -10.191         -26.411          158.535
  196 (vir)          144.461          -1.075          -6.836         -21.586          158.137
  197 (vir)          144.821          -3.259         -12.946         -30.629          159.245
  198 (vir)          145.713          -2.477         -10.685         -27.208          159.759
  199 (vir)          145.765          -1.246          -2.299         -15.117          157.337
  200 (vir)          146.517          -0.860          -4.919         -18.935          159.673
  201 (vir)          149.128          -1.251          -4.263         -18.006          161.620
  202 (vir)          149.247          -0.138          -1.850         -14.422          161.682
  203 (vir)          150.462          -1.457          -4.505         -18.900          163.399
  204 (vir)          150.469          -0.997          -6.415         -21.638          164.695
  205 (vir)          153.363          -0.444          -2.574         -15.939          166.285
  206 (vir)          153.902          -1.180          -2.160         -15.046          165.608
  207 (vir)          154.972          -0.494          -2.466         -15.461          167.474
  208 (vir)          155.711          -0.711          -5.240         -19.832          169.591
  209 (vir)          157.582          -0.431          -1.765         -14.287          169.673
  210 (vir)          157.902           0.074          -1.946         -14.325          170.355
  211 (vir)          159.105          -0.436          -1.611         -13.820          170.877
  212 (vir)          159.930          -0.388          -1.895         -14.751          172.398
  213 (vir)          161.204          -0.633          -3.260         -16.545          173.857
  214 (vir)          161.278           0.386          -0.947         -11.932          172.649
  215 (vir)          163.957          -0.354          -2.600         -16.041          177.044
  216 (vir)          164.336          -0.849          -1.513         -14.054          176.028
  217 (vir)          164.805          -0.277          -1.683         -14.569          177.414
  218 (vir)          164.981          -0.144          -2.096         -14.354          177.095
  219 (vir)          165.675          -1.574          -1.336         -13.469          176.234
  220 (vir)          166.383          -0.225          -1.708         -14.760          179.211
  221 (vir)          166.730          -0.103          -2.289         -14.938          179.275
  222 (vir)          169.584          -0.540          -2.130         -15.710          182.623
  223 (vir)          171.682          -0.457          -1.978         -15.230          184.478
  224 (vir)          172.732          -0.858          -1.777         -15.360          185.457
  225 (vir)          172.953          -0.517          -3.039         -16.746          186.144
  226 (vir)          174.708          -0.050          -2.213         -15.617          188.063
  227 (vir)          176.620          -0.769          -1.912         -15.855          189.793
  228 (vir)          176.852          -0.797          -2.356         -15.606          189.305
  229 (vir)          179.098          -0.144          -3.512         -17.352          192.794
  230 (vir)          182.666          -0.075          -1.591         -15.173          196.173
  231 (vir)          182.794           0.116          -1.861         -15.158          196.206
  232 (vir)          184.063          -0.223          -1.438         -14.535          196.938
  233 (vir)          184.667           0.313          -2.867         -16.516          198.629
  234 (vir)          184.937          -0.203          -1.740         -15.350          198.345
  235 (vir)          187.809           0.025          -2.623         -16.686          201.897
  236 (vir)          191.221           0.239          -3.447         -17.449          205.463
  237 (vir)          194.959           0.160          -4.127         -18.201          209.193
  238 (vir)          196.396           0.664          -1.038         -13.379          209.401
  239 (vir)          197.101          -0.045          -2.381         -15.914          210.590
  240 (vir)          198.835           0.268          -1.850         -14.638          211.890
  241 (vir)          199.552           0.285          -1.056         -13.374          212.156
  242 (vir)          199.747          -0.249          -7.153         -22.503          214.849
  243 (vir)          202.120           0.365          -1.048         -13.502          214.939
  244 (vir)          202.547           0.421          -0.940         -13.000          215.028
  245 (vir)          202.754           0.282          -3.311         -16.810          216.535
  246 (vir)          204.323           0.449          -0.845         -12.637          216.564
  247 (vir)          204.341           0.406          -1.821         -14.433          217.360
  248 (vir)          205.716           0.427          -2.581         -15.951          219.513
  249 (vir)          208.800           0.287          -2.704         -15.777          222.160
  250 (vir)          211.028           0.093          -1.409         -14.286          223.999
  251 (vir)          211.904           0.326          -0.930         -13.057          224.356
  252 (vir)          213.500           0.258          -1.536         -14.313          226.536
  253 (vir)          215.978           0.471          -2.108         -14.867          229.208
  254 (vir)          218.385           0.489          -1.873         -14.946          231.947
  255 (vir)          218.526           0.959          -0.930         -13.551          232.106
  256 (vir)          219.116           0.558          -1.375         -14.429          232.729
  257 (vir)          219.502           0.386          -1.248         -13.921          232.562
  258 (vir)          221.256           0.918          -0.808         -12.962          234.328
  259 (vir)          223.094           0.542          -2.233         -16.301          237.704
  260 (vir)          223.862           0.435          -1.895         -16.211          238.613
  261 (vir)          225.997           0.837          -0.883         -13.181          239.132
  262 (vir)          226.116           0.415          -1.451         -14.588          239.668
  263 (vir)          227.112           0.724          -1.412         -14.900          241.324
  264 (vir)          228.955           1.077          -0.884         -13.238          242.387
  265 (vir)          232.465          -0.003          -1.305         -15.087          246.245
  266 (vir)          235.401          -0.013          -1.332         -15.339          249.396
  267 (vir)          237.007           1.038          -0.935         -13.812          250.922
  268 (vir)          237.399           0.592          -1.201         -14.456          251.246
  269 (vir)          242.522           0.518          -1.091         -14.444          256.392
  270 (vir)          246.142           0.954          -1.275         -14.539          260.360
  271 (vir)          255.263           0.310          -1.869         -16.920          270.624
  272 (vir)          261.765           0.364          -1.322         -15.427          276.234
  273 (vir)          262.117           0.093          -1.049         -14.844          276.005
  274 (vir)          262.609           0.241          -1.290         -15.551          277.111
  275 (vir)          266.781           0.296          -1.015         -14.779          280.841
  276 (vir)          267.672           0.403          -1.626         -16.603          283.053
  277 (vir)          271.868           0.363          -1.305         -15.790          286.716
  278 (vir)          272.666           0.252          -1.023         -14.810          286.705
  279 (vir)          281.859          -0.044          -4.218         -21.502          299.098
  280 (vir)          294.138           0.516          -1.868         -16.973          309.758
  281 (vir)          295.404           0.434          -1.354         -16.086          310.570
  282 (vir)          301.653          -3.133         -16.914         -44.791          326.397
  283 (vir)          301.849          -3.179         -16.880         -44.732          326.522
  284 (vir)          302.149          -4.981         -16.861         -44.703          325.009
  285 (vir)          302.772          -5.012         -16.761         -44.532          325.532
  286 (vir)          303.802          -4.027         -16.727         -44.513          327.561
  287 (vir)          305.533          -6.216         -16.080         -43.349          326.586
  288 (vir)          308.833          -0.639         -14.001         -39.559          333.752
  289 (vir)          313.683           0.324          -3.442         -20.067          330.632
  290 (vir)          338.289           0.243          -2.335         -18.404          354.601
  291 (vir)          349.103           0.609          -2.531         -18.955          366.136
  292 (vir)          497.642           2.388         -32.548         -67.444          534.926
  293 (vir)          498.382           2.699         -32.518         -67.412          535.975
  294 (vir)          500.176           2.017         -32.429         -67.318          537.082
  295 (vir)          502.797           3.038         -32.325         -67.203          540.713
  296 (vir)          507.450           3.364         -32.147         -67.030          545.697
  297 (vir)          723.957           0.444         -31.085         -66.379          759.695
  298 (vir)          760.240           0.732         -12.912         -46.113          794.173
  299 (vir)          785.348           0.381         -12.545         -45.752          818.937
  300 (vir)         1272.896           1.698         -62.110        -118.851         1331.335
  301 (vir)         1274.533           1.821         -62.073        -118.828         1333.108
  302 (vir)         1289.039           2.346         -61.611        -118.611         1348.384
  303 (vir)         2395.602          -1.939         -49.955        -114.327         2458.035
  304 (vir)         3990.229          -1.316         -14.771         -94.558         4068.699
  305 (vir)         4015.916          -1.318         -14.667         -94.467         4094.398
  306 (vir)         7154.814          -2.148         -71.154        -180.121         7261.633
  307 (vir)        20489.233          -1.786         -94.114        -273.867        20667.200
  308 (vir)        59256.466          -1.488        -129.631        -435.097        59560.445
  309 (vir)       273856.829          -1.925        -155.790        -840.908       274540.022
