 
  kpoint:     0.0000    0.0000    0.0000
 
    n          ϵ_nk^DFT (eV)     Σ^c_nk (eV)     Σ^x_nk (eV)     v_n^xc (eV)   ϵ_nk^G0W0 (eV)
 
    1 (occ)         -269.263           3.837         -96.902         -61.535         -300.792
    2 (occ)         -269.257           3.836         -96.895         -61.539         -300.777
    3 (occ)         -269.257           3.837         -96.895         -61.539         -300.776
    4 (occ)         -269.247           3.870         -96.879         -61.548         -300.708
    5 (occ)         -269.247           3.870         -96.879         -61.548         -300.708
    6 (occ)         -269.242           3.876         -96.872         -61.552         -300.685
    7 (occ)          -21.160           6.905         -26.442         -16.849          -23.849
    8 (occ)          -18.375           5.728         -25.606         -16.922          -21.331
    9 (occ)          -18.374           5.727         -25.605         -16.921          -21.331
   10 (occ)          -14.754           3.947         -23.442         -16.319          -17.930
   11 (occ)          -14.754           3.947         -23.442         -16.319          -17.930
   12 (occ)          -12.800           2.815         -20.596         -14.553          -16.028
   13 (occ)          -11.099           2.386         -21.112         -15.210          -14.615
   14 (occ)          -10.866           2.283         -22.155         -16.812          -13.926
   15 (occ)          -10.165           1.886         -20.570         -15.301          -13.549
   16 (occ)          -10.164           1.885         -20.569         -15.300          -13.548
   17 (occ)           -9.043           2.018         -17.541         -13.197          -11.369
   18 (occ)           -8.193           1.227         -20.517         -15.883          -11.601
   19 (occ)           -8.193           1.227         -20.517         -15.883          -11.601
   20 (occ)           -6.325          -0.126         -16.031         -13.478           -9.006
   21 (occ)           -6.325          -0.127         -16.031         -13.477           -9.005
   22 (vir)           -1.229          -2.675          -8.020         -12.997            1.073
   23 (vir)           -1.229          -2.675          -8.019         -12.997            1.074
   24 (vir)            0.118          -1.439          -2.377          -5.716            2.018
   25 (vir)            0.856          -1.246          -1.784          -4.768            2.595
   26 (vir)            0.856          -1.246          -1.784          -4.768            2.595
   27 (vir)            1.590          -1.284          -1.887          -4.928            3.347
   28 (vir)            1.590          -1.284          -1.887          -4.928            3.347
   29 (vir)            2.539          -1.349          -1.898          -5.005            4.297
   30 (vir)            2.553          -4.501          -6.040         -12.670            4.683
   31 (vir)            2.597          -1.660          -2.271          -5.885            4.551
   32 (vir)            2.881          -1.414          -1.335          -4.458            4.589
   33 (vir)            3.682          -1.362          -1.384          -4.629            5.564
   34 (vir)            3.828          -1.374          -1.333          -4.447            5.567
   35 (vir)            3.828          -1.374          -1.333          -4.447            5.567
   36 (vir)            4.371          -1.541          -1.962          -5.367            6.235
   37 (vir)            4.371          -1.541          -1.962          -5.366            6.235
   38 (vir)            4.406          -1.312          -1.711          -4.824            6.206
   39 (vir)            4.406          -1.312          -1.711          -4.823            6.206
   40 (vir)            5.690          -1.664          -1.425          -4.894            7.495
   41 (vir)            5.690          -1.664          -1.425          -4.894            7.495
   42 (vir)            6.468          -2.292          -4.033          -8.542            8.685
   43 (vir)            6.639          -2.807          -4.858         -10.087            9.061
   44 (vir)            6.639          -2.807          -4.857         -10.085            9.061
   45 (vir)            7.177          -2.505          -3.716          -8.337            9.292
   46 (vir)            7.177          -2.504          -3.714          -8.332            9.292
   47 (vir)            7.517          -2.059          -1.591          -5.458            9.325
   48 (vir)            7.583          -2.066          -2.457          -6.470            9.530
   49 (vir)            7.583          -2.066          -2.456          -6.468            9.530
   50 (vir)            7.914          -1.348          -1.725          -4.549            9.390
   51 (vir)            8.148          -2.221          -2.937          -7.102           10.092
   52 (vir)            8.149          -2.221          -2.939          -7.104           10.093
   53 (vir)            8.335          -2.768          -3.009          -8.159           10.717
   54 (vir)            8.430          -2.315          -2.989          -7.178           10.304
   55 (vir)            9.870          -0.916          -0.626          -3.272           11.599
   56 (vir)           10.249          -1.655          -1.082          -4.634           12.146
   57 (vir)           10.462          -2.837          -3.514          -8.607           12.718
   58 (vir)           10.463          -2.837          -3.515          -8.608           12.719
   59 (vir)           11.153          -2.128          -2.625          -6.698           13.098
   60 (vir)           11.153          -2.128          -2.625          -6.698           13.098
   61 (vir)           12.649          -2.084          -1.790          -5.776           14.551
   62 (vir)           12.649          -2.084          -1.790          -5.776           14.551
   63 (vir)           13.218          -2.173          -1.922          -6.175           15.298
   64 (vir)           13.219          -2.173          -1.922          -6.175           15.299
   65 (vir)           13.299          -3.017          -3.113          -8.912           16.081
   66 (vir)           13.574          -2.784          -2.203          -7.351           15.938
   67 (vir)           13.574          -2.784          -2.203          -7.351           15.938
   68 (vir)           14.450          -2.644          -2.764          -7.704           16.746
   69 (vir)           14.574          -5.219          -5.730         -13.501           17.125
   70 (vir)           14.674          -4.303          -4.537         -10.959           16.792
   71 (vir)           14.994          -2.579          -2.137          -6.807           17.085
   72 (vir)           16.040          -3.103          -2.100          -7.610           18.448
   73 (vir)           16.040          -3.103          -2.100          -7.610           18.448
   74 (vir)           17.210          -3.865          -3.939         -10.294           19.700
   75 (vir)           17.256          -3.552          -2.607          -8.371           19.467
   76 (vir)           17.256          -3.552          -2.607          -8.370           19.467
   77 (vir)           18.099          -3.349          -3.065          -8.374           20.059
   78 (vir)           18.195          -4.118          -2.200          -8.471           20.348
   79 (vir)           18.990          -3.816          -2.888          -8.877           21.163
   80 (vir)           18.991          -3.816          -2.888          -8.877           21.164
   81 (vir)           19.115          -3.602          -1.795          -7.578           21.296
   82 (vir)           19.357          -4.259          -2.324          -8.804           21.578
   83 (vir)           19.357          -4.259          -2.324          -8.804           21.578
   84 (vir)           19.735          -3.965          -2.075          -8.149           21.844
   85 (vir)           19.735          -3.965          -2.076          -8.150           21.844
   86 (vir)           19.801          -3.724          -1.958          -7.823           21.942
   87 (vir)           19.943          -3.466          -1.515          -7.055           22.017
   88 (vir)           21.257          -3.011          -1.794          -6.922           23.374
   89 (vir)           21.257          -3.011          -1.794          -6.922           23.374
   90 (vir)           22.536          -3.649          -2.480          -8.298           24.705
   91 (vir)           22.536          -3.649          -2.480          -8.298           24.705
   92 (vir)           22.856          -4.489          -2.793          -9.386           24.959
   93 (vir)           23.221          -3.290          -1.381          -6.953           25.502
   94 (vir)           23.454          -4.710          -3.226         -10.155           25.673
   95 (vir)           23.648          -4.244          -2.602          -8.966           25.769
   96 (vir)           23.649          -4.243          -2.602          -8.966           25.770
   97 (vir)           23.689          -3.401          -1.246          -6.927           25.969
   98 (vir)           23.689          -3.401          -1.246          -6.927           25.969
   99 (vir)           23.753          -3.376          -1.251          -6.778           25.904
  100 (vir)           23.753          -3.376          -1.251          -6.778           25.904
  101 (vir)           26.240          -3.518          -1.168          -6.844           28.398
  102 (vir)           26.516          -3.491          -1.655          -7.194           28.564
  103 (vir)           26.516          -3.493          -1.655          -7.194           28.562
  104 (vir)           26.643          -2.924          -1.950          -7.161           28.931
  105 (vir)           26.643          -2.925          -1.950          -7.161           28.930
  106 (vir)           27.048          -3.311          -1.414          -7.013           29.336
  107 (vir)           27.049          -3.311          -1.414          -7.013           29.336
  108 (vir)           27.066          -3.138          -1.937          -8.568           30.558
  109 (vir)           27.066          -3.138          -1.937          -8.568           30.559
  110 (vir)           29.301          -3.676          -2.210          -8.591           32.007
  111 (vir)           29.301          -3.676          -2.210          -8.591           32.006
  112 (vir)           29.944          -4.198          -2.298          -9.141           32.589
  113 (vir)           29.948          -2.792          -1.991          -8.537           33.701
  114 (vir)           29.948          -2.792          -1.991          -8.537           33.702
  115 (vir)           30.010          -3.822          -1.265          -7.326           32.249
  116 (vir)           30.010          -3.823          -1.265          -7.326           32.248
  117 (vir)           31.767          -2.910          -0.786          -6.397           34.467
  118 (vir)           32.171          -3.717          -1.824          -8.626           35.255
  119 (vir)           32.913          -3.094          -1.258          -7.010           35.571
  120 (vir)           32.913          -3.097          -1.258          -7.010           35.568
  121 (vir)           32.954          -2.749          -2.026          -7.754           35.933
  122 (vir)           33.882          -3.039          -1.839          -8.595           37.599
  123 (vir)           34.838          -2.751          -0.836          -6.368           37.619
  124 (vir)           37.239          -1.760          -0.330          -4.767           39.916
  125 (vir)           37.450          -2.174          -1.436          -7.417           41.256
  126 (vir)           37.450          -2.174          -1.437          -7.417           41.256
  127 (vir)           39.547          -3.135          -3.879         -12.689           45.222
  128 (vir)           39.679          -2.251          -1.950          -8.999           44.478
  129 (vir)           39.681          -2.252          -1.950          -8.999           44.478
  130 (vir)           39.976          -1.948          -1.284          -7.641           44.385
  131 (vir)           40.409          -2.616          -2.292         -10.077           45.578
  132 (vir)           40.916          -4.185          -2.340          -9.723           44.115
  133 (vir)           41.318          -2.584          -2.597         -10.635           46.771
  134 (vir)           41.926          -2.486          -2.214          -9.705           46.930
  135 (vir)           41.926          -2.487          -2.215          -9.706           46.929
  136 (vir)           43.840          -4.185          -3.489         -12.878           49.045
  137 (vir)           43.841          -4.185          -3.489         -12.879           49.045
  138 (vir)           44.184          -2.456          -2.499         -11.078           50.306
  139 (vir)           44.251          -1.797          -1.624          -8.080           48.910
  140 (vir)           45.771          -2.015          -2.998         -11.335           52.093
  141 (vir)           46.161          -2.425          -2.320         -10.488           51.903
  142 (vir)           46.162          -2.424          -2.320         -10.488           51.905
  143 (vir)           46.332          -2.400          -2.714         -11.270           52.488
  144 (vir)           46.332          -2.400          -2.714         -11.270           52.489
  145 (vir)           47.451          -2.313          -2.880         -11.227           53.485
  146 (vir)           47.504          -1.820          -3.049         -11.461           54.095
  147 (vir)           47.692          -2.402          -1.820          -9.321           52.790
  148 (vir)           47.693          -2.403          -1.821          -9.321           52.790
  149 (vir)           49.049          -1.791          -2.255         -10.487           55.489
  150 (vir)           49.051          -1.790          -2.255         -10.487           55.492
  151 (vir)           50.455          -2.644          -2.446         -11.320           56.684
  152 (vir)           50.455          -2.644          -2.446         -11.320           56.684
  153 (vir)           50.975          -1.322          -0.825          -7.327           56.155
  154 (vir)           51.714          -2.165          -2.340         -10.903           58.113
  155 (vir)           51.715          -2.162          -2.340         -10.903           58.117
  156 (vir)           51.932          -1.577          -2.195          -9.837           57.997
  157 (vir)           51.933          -1.577          -2.195          -9.837           57.999
  158 (vir)           52.270          -1.531          -2.227         -10.603           59.115
  159 (vir)           52.270          -1.529          -2.227         -10.603           59.117
  160 (vir)           52.652          -1.061          -1.511          -9.834           59.913
  161 (vir)           52.686          -2.240          -1.992         -10.664           59.118
  162 (vir)           52.686          -2.240          -1.992         -10.664           59.117
  163 (vir)           53.271          -1.879          -1.928         -10.966           60.429
  164 (vir)           53.696          -1.099          -2.327         -10.847           61.117
  165 (vir)           53.698          -1.092          -2.327         -10.848           61.126
  166 (vir)           55.953          -1.082          -2.513         -11.290           63.649
  167 (vir)           55.953          -1.086          -2.512         -11.290           63.645
  168 (vir)           56.611           1.558          -2.147         -10.929           66.951
  169 (vir)           56.652          -1.688          -1.960         -10.807           63.812
  170 (vir)           56.653          -1.689          -1.960         -10.807           63.811
  171 (vir)           57.179          -0.860          -1.865          -9.833           64.287
  172 (vir)           57.179          -0.882          -1.865          -9.833           64.265
  173 (vir)           58.031          -1.065          -1.599          -9.343           64.709
  174 (vir)           59.301          -0.515          -1.455          -9.829           67.160
  175 (vir)           59.302          -0.521          -1.455          -9.830           67.156
  176 (vir)           59.461           0.342          -1.329          -9.536           68.010
  177 (vir)           59.461           0.339          -1.329          -9.536           68.007
  178 (vir)           59.661           1.158          -1.821         -10.286           69.284
  179 (vir)           59.661           1.142          -1.821         -10.285           69.267
  180 (vir)           60.275          -0.737          -1.867         -10.663           68.334
  181 (vir)           60.366          -0.786          -1.965         -11.121           68.736
  182 (vir)           61.104          -1.081          -2.415         -11.166           68.774
  183 (vir)           61.813          -0.027          -2.193         -10.936           70.529
  184 (vir)           61.814          -0.008          -2.193         -10.936           70.549
  185 (vir)           62.673          -0.309          -1.597          -9.644           70.412
  186 (vir)           63.177          -1.572          -1.729         -10.223           70.098
  187 (vir)           63.718          -0.106          -1.778         -10.768           72.601
  188 (vir)           64.246           1.011          -2.378         -11.951           74.830
  189 (vir)           64.246           1.017          -2.378         -11.951           74.836
  190 (vir)           64.554           0.809          -2.412         -12.035           74.986
  191 (vir)           65.278           0.694          -2.287         -11.431           75.116
  192 (vir)           65.278           0.737          -2.287         -11.430           75.158
  193 (vir)           66.090          -0.359          -1.235          -9.759           74.255
  194 (vir)           66.753         -10.827          -1.261          -9.661           64.326
  195 (vir)           66.753         -10.752          -1.260          -9.659           64.401
  196 (vir)           67.034          -0.076          -1.546          -9.982           75.394
  197 (vir)           67.035          -0.069          -1.546          -9.982           75.402
  198 (vir)           67.499         -10.104          -2.134         -11.087           66.348
  199 (vir)           67.500         -10.224          -2.135         -11.088           66.229
  200 (vir)           67.802           3.211          -2.991         -13.468           81.490
  201 (vir)           67.802           3.188          -2.990         -13.467           81.467
  202 (vir)           67.835          -8.917          -2.329         -11.337           67.926
  203 (vir)           67.835          -8.499          -2.329         -11.337           68.343
  204 (vir)           69.367           2.989          -1.786         -10.196           80.766
  205 (vir)           70.176           0.600          -1.761         -10.943           79.958
  206 (vir)           70.231          -0.626          -3.807         -15.216           81.014
  207 (vir)           70.890          -4.781          -1.957         -10.252           74.404
  208 (vir)           71.045          -0.126          -2.602         -12.472           80.789
  209 (vir)           71.046          -0.128          -2.601         -12.471           80.787
  210 (vir)           71.272           1.161          -0.841          -8.656           80.249
  211 (vir)           71.385           0.625          -1.828         -10.882           81.063
  212 (vir)           71.385           0.630          -1.829         -10.883           81.069
  213 (vir)           73.064           2.114          -2.450         -11.872           84.600
  214 (vir)           74.248           0.118          -1.051          -9.427           82.741
  215 (vir)           74.248           0.124          -1.051          -9.427           82.747
  216 (vir)           74.322          -2.197          -0.914          -8.424           79.635
  217 (vir)           74.493           0.973          -1.883         -11.083           84.666
  218 (vir)           74.494           0.994          -1.883         -11.084           84.688
  219 (vir)           74.753          -0.025          -1.607         -10.288           83.408
  220 (vir)           74.753           0.088          -1.607         -10.288           83.521
  221 (vir)           76.065          -4.514          -1.156          -9.367           79.762
  222 (vir)           76.622           4.451          -2.067         -11.715           90.721
  223 (vir)           77.877           0.294          -1.061          -9.641           86.751
  224 (vir)           78.246           0.538          -1.754         -11.612           88.642
  225 (vir)           78.247           0.536          -1.754         -11.612           88.640
  226 (vir)           79.613           0.741          -2.200         -12.366           90.520
  227 (vir)           81.680          -1.917          -1.790         -10.996           88.971
  228 (vir)           81.682          -1.839          -1.790         -10.996           89.051
  229 (vir)           82.145           0.025          -4.469         -17.471           95.173
  230 (vir)           82.776           0.920          -1.746         -11.225           93.174
  231 (vir)           82.776           0.913          -1.746         -11.224           93.167
  232 (vir)           83.358           0.428          -1.843         -12.104           94.046
  233 (vir)           83.360           0.428          -1.843         -12.103           94.048
  234 (vir)           84.967          -1.941          -1.364         -10.800           92.462
  235 (vir)           85.641          -9.357          -2.041         -12.197           86.440
  236 (vir)           88.818          -4.909          -1.407         -10.337           92.838
  237 (vir)           88.818          -4.885          -1.407         -10.336           92.863
  238 (vir)           88.877           0.553          -2.925         -13.991          100.495
  239 (vir)           88.877           0.547          -2.925         -13.990          100.489
  240 (vir)           89.407          -0.606          -3.653         -15.613          100.761
  241 (vir)           90.011         -12.741          -3.377         -15.002           88.894
  242 (vir)           90.517          -1.300          -2.539         -13.593          100.270
  243 (vir)           90.517          -1.310          -2.539         -13.592          100.260
  244 (vir)           92.035           1.115          -1.677         -11.395          102.867
  245 (vir)           92.129          -3.620          -2.228         -12.275           98.556
  246 (vir)           92.132          -3.637          -2.228         -12.276           98.542
  247 (vir)           92.188           1.533          -2.205         -12.689          104.205
  248 (vir)           92.189           1.533          -2.205         -12.689          104.205
  249 (vir)           92.731           5.697          -1.517         -10.487          107.399
  250 (vir)           94.666          -0.018          -2.683         -14.531          106.495
  251 (vir)           94.666          -0.033          -2.683         -14.531          106.480
  252 (vir)           95.183          -0.388          -1.979         -12.893          105.710
  253 (vir)           95.504           0.823          -1.705         -12.358          106.980
  254 (vir)           95.505           0.820          -1.705         -12.357          106.977
  255 (vir)           98.844          -0.123          -1.799         -12.752          109.675
  256 (vir)          100.860           2.990          -3.261         -15.466          116.054
  257 (vir)          100.861           2.911          -3.262         -15.466          115.976
  258 (vir)          101.848          -0.277          -1.769         -12.329          112.131
  259 (vir)          101.851          -0.278          -1.769         -12.330          112.133
  260 (vir)          102.958           0.476          -2.354         -13.964          115.044
  261 (vir)          102.958           0.477          -2.354         -13.964          115.045
  262 (vir)          106.569          -3.646          -2.574         -14.440          114.789
  263 (vir)          107.024          -2.057          -1.839         -13.043          116.171
  264 (vir)          107.540          -0.043          -2.081         -13.001          118.417
  265 (vir)          108.856          -1.677          -1.577         -12.173          117.775
  266 (vir)          109.346          -0.309          -2.611         -13.925          120.352
  267 (vir)          109.347          -0.318          -2.611         -13.925          120.343
  268 (vir)          110.981           0.091          -1.764         -12.749          122.056
  269 (vir)          110.982           0.085          -1.764         -12.749          122.052
  270 (vir)          114.680           0.166          -2.206         -13.617          126.257
  271 (vir)          114.929           0.794          -1.654         -12.289          126.358
  272 (vir)          119.930          -0.433          -2.086         -13.825          131.236
  273 (vir)          119.931          -0.434          -2.086         -13.825          131.236
  274 (vir)          120.130           0.039          -1.915         -14.010          132.264
  275 (vir)          120.131           0.039          -1.915         -14.010          132.265
  276 (vir)          122.582          -0.600          -2.241         -14.888          134.629
  277 (vir)          124.855           0.018          -2.682         -15.454          137.644
  278 (vir)          124.858           0.018          -2.682         -15.453          137.647
  279 (vir)          125.179          -0.600          -2.042         -14.656          137.193
  280 (vir)          126.885          -0.080          -1.575         -12.479          137.708
  281 (vir)          127.572          -0.239          -1.985         -14.498          139.847
  282 (vir)          129.257          -0.400          -1.912         -14.501          141.446
  283 (vir)          129.794          -0.596          -2.025         -14.642          141.815
  284 (vir)          130.655          -0.324          -2.822         -15.886          143.396
  285 (vir)          130.656          -0.324          -2.821         -15.886          143.396
  286 (vir)          133.981          -0.497          -1.900         -14.363          145.947
  287 (vir)          133.981          -0.498          -1.900         -14.363          145.947
  288 (vir)          134.158          -0.002          -1.797         -14.032          146.391
  289 (vir)          135.720          -0.402          -1.778         -14.130          147.670
  290 (vir)          135.721          -0.402          -1.778         -14.129          147.669
  291 (vir)          136.217          -0.389          -2.184         -15.034          148.677
  292 (vir)          136.218          -0.389          -2.184         -15.034          148.678
  293 (vir)          139.086          -0.072          -2.364         -15.494          152.144
  294 (vir)          139.087          -0.072          -2.364         -15.494          152.145
  295 (vir)          139.148          -0.318          -1.849         -14.396          151.376
  296 (vir)          140.768          -0.358          -1.759         -14.319          152.970
  297 (vir)          140.768          -0.358          -1.759         -14.319          152.970
  298 (vir)          141.044           0.295          -2.881         -16.273          154.731
  299 (vir)          142.598          -0.201          -1.864         -14.493          155.025
  300 (vir)          142.600          -0.201          -1.864         -14.493          155.028
  301 (vir)          142.772           0.065          -1.755         -14.336          155.418
  302 (vir)          142.773           0.065          -1.755         -14.336          155.419
  303 (vir)          143.274          -0.269          -1.651         -14.030          155.383
  304 (vir)          143.274          -0.269          -1.651         -14.029          155.383
  305 (vir)          144.686          -0.585          -2.439         -16.123          157.785
  306 (vir)          145.210          -0.842          -2.033         -15.330          157.665
  307 (vir)          145.913           0.625          -2.488         -15.621          159.672
  308 (vir)          147.210           0.186          -1.448         -13.507          159.455
  309 (vir)          147.211           0.186          -1.447         -13.506          159.456
  310 (vir)          148.378          -0.155          -1.552         -13.754          160.426
  311 (vir)          148.379          -0.155          -1.552         -13.755          160.428
  312 (vir)          148.505           0.153          -1.950         -14.365          161.072
  313 (vir)          150.495          -0.537          -1.931         -15.184          163.211
  314 (vir)          150.496          -0.537          -1.931         -15.186          163.213
  315 (vir)          151.057           0.072          -1.452         -13.844          163.520
  316 (vir)          152.837          -0.066          -2.141         -15.318          165.948
  317 (vir)          152.840          -0.066          -2.140         -15.316          165.950
  318 (vir)          153.077           0.349          -1.904         -14.831          166.353
  319 (vir)          155.384          -0.333          -1.686         -14.343          167.708
  320 (vir)          156.179           0.736          -1.892         -14.195          169.219
  321 (vir)          156.180           0.736          -1.892         -14.196          169.219
  322 (vir)          157.457           0.384          -1.428         -13.824          170.237
  323 (vir)          157.459           0.384          -1.428         -13.823          170.238
  324 (vir)          157.489          -0.432          -1.777         -14.818          170.098
  325 (vir)          157.490          -0.432          -1.777         -14.818          170.099
  326 (vir)          157.810          -0.497          -1.919         -15.334          170.728
  327 (vir)          159.028          -0.615          -1.683         -14.606          171.336
  328 (vir)          160.594          -0.391          -1.634         -14.558          173.127
  329 (vir)          160.596          -0.390          -1.634         -14.557          173.129
  330 (vir)          161.081           0.171          -1.211         -12.890          172.932
  331 (vir)          161.082           0.172          -1.210         -12.889          172.932
  332 (vir)          161.676          -0.518          -2.487         -16.341          175.011
  333 (vir)          161.679          -0.518          -2.487         -16.340          175.013
  334 (vir)          161.830          -0.404          -2.330         -16.082          175.178
  335 (vir)          161.881           0.403          -1.738         -14.344          174.890
  336 (vir)          162.067           0.010          -1.388         -13.670          174.360
  337 (vir)          162.067           0.010          -1.388         -13.670          174.360
  338 (vir)          162.183           0.845          -0.849         -11.646          173.824
  339 (vir)          162.522           0.019          -1.838         -15.181          175.885
  340 (vir)          162.523           0.019          -1.838         -15.182          175.886
  341 (vir)          163.299           0.381          -1.357         -13.365          175.689
  342 (vir)          163.300           0.382          -1.356         -13.364          175.690
  343 (vir)          165.164          -0.216          -1.237         -13.447          177.158
  344 (vir)          166.029           0.010          -1.976         -14.727          178.791
  345 (vir)          166.257          -0.443          -1.619         -14.694          178.890
  346 (vir)          166.275          -0.482          -1.895         -15.132          179.030
  347 (vir)          166.276          -0.482          -1.895         -15.133          179.032
  348 (vir)          166.751          -0.518          -1.797         -15.200          179.636
  349 (vir)          166.881           0.316          -1.682         -15.023          180.538
  350 (vir)          167.312          -0.365          -2.003         -15.348          180.291
  351 (vir)          167.702          -0.147          -1.619         -14.392          180.328
  352 (vir)          167.702          -0.147          -1.619         -14.391          180.328
  353 (vir)          167.908          -0.168          -1.602         -14.149          180.287
  354 (vir)          167.911          -0.169          -1.602         -14.151          180.290
  355 (vir)          168.157          -0.162          -1.659         -14.818          181.155
  356 (vir)          168.417           0.135          -1.484         -14.354          181.422
  357 (vir)          168.420           0.135          -1.483         -14.351          181.423
  358 (vir)          169.462          -0.343          -1.663         -14.787          182.244
  359 (vir)          169.465          -0.343          -1.662         -14.784          182.244
  360 (vir)          172.523          -0.150          -1.565         -14.643          185.452
  361 (vir)          172.528          -0.150          -1.565         -14.643          185.456
  362 (vir)          172.757          -0.180          -1.529         -13.999          185.046
  363 (vir)          172.759          -0.180          -1.530         -13.999          185.048
  364 (vir)          173.505          -0.127          -1.917         -16.045          187.506
  365 (vir)          174.010           0.287          -1.464         -13.479          186.311
  366 (vir)          176.330           0.633          -1.733         -14.579          189.809
  367 (vir)          176.545          -0.319          -1.714         -15.317          189.829
  368 (vir)          176.600          -0.158          -1.602         -14.690          189.530
  369 (vir)          176.604          -0.158          -1.602         -14.688          189.532
  370 (vir)          176.704           0.009          -1.207         -13.215          188.720
  371 (vir)          177.036          -0.129          -1.667         -15.189          190.429
  372 (vir)          177.037          -0.129          -1.667         -15.190          190.431
  373 (vir)          177.950          -0.109          -1.962         -15.573          191.452
  374 (vir)          177.953          -0.109          -1.961         -15.573          191.456
  375 (vir)          178.761          -0.348          -1.722         -15.293          191.984
  376 (vir)          178.764          -0.348          -1.722         -15.293          191.987
  377 (vir)          179.407           0.042          -1.785         -14.649          192.313
  378 (vir)          179.411           0.042          -1.785         -14.648          192.317
  379 (vir)          180.113          -0.424          -1.906         -15.958          193.741
  380 (vir)          180.114          -0.424          -1.906         -15.957          193.741
  381 (vir)          180.257          -0.312          -1.447         -14.613          193.111
  382 (vir)          180.452          -0.235          -1.779         -15.754          194.193
  383 (vir)          184.245          -0.046          -1.437         -14.790          197.552
  384 (vir)          184.566          -1.304          -5.672         -21.434          199.025
  385 (vir)          184.904           0.089          -1.609         -15.121          198.505
  386 (vir)          184.905           0.089          -1.609         -15.121          198.507
  387 (vir)          185.907          -0.108          -1.667         -15.270          199.402
  388 (vir)          186.454           0.158          -1.526         -15.107          200.193
  389 (vir)          186.455           0.158          -1.526         -15.106          200.193
  390 (vir)          186.784           0.967          -1.721         -14.829          200.859
  391 (vir)          189.189           0.076          -1.825         -15.451          202.892
  392 (vir)          189.192           0.076          -1.825         -15.451          202.895
  393 (vir)          190.044          -0.084          -1.633         -15.407          203.734
  394 (vir)          191.578          -0.013          -1.522         -15.316          205.359
  395 (vir)          191.579          -0.013          -1.522         -15.316          205.360
  396 (vir)          194.911           0.410          -0.967         -12.911          207.264
  397 (vir)          194.932           0.159          -1.647         -15.334          208.778
  398 (vir)          195.556           0.158          -2.244         -16.161          209.631
  399 (vir)          196.025           0.356          -3.875         -18.106          210.613
  400 (vir)          196.026           0.356          -3.874         -18.104          210.612
  401 (vir)          197.466           0.426          -1.229         -13.475          210.139
  402 (vir)          198.562           0.247          -2.519         -16.412          212.702
  403 (vir)          198.564           0.250          -2.524         -16.420          212.710
  404 (vir)          198.778           0.580          -1.149         -13.939          212.148
  405 (vir)          198.791           0.926          -2.494         -17.639          214.862
  406 (vir)          199.754           0.768          -2.590         -16.490          214.422
  407 (vir)          199.757           0.767          -2.595         -16.498          214.427
  408 (vir)          200.924           0.250          -2.312         -16.050          214.911
  409 (vir)          201.573           0.827          -1.076         -13.610          214.935
  410 (vir)          201.574           0.834          -1.076         -13.611          214.942
  411 (vir)          202.019           0.833          -1.715         -15.674          216.812
  412 (vir)          202.020           0.834          -1.715         -15.674          216.813
  413 (vir)          203.051           0.551          -0.970         -12.999          215.632
  414 (vir)          203.054           0.551          -0.970         -12.999          215.635
  415 (vir)          206.546           0.361          -1.687         -15.045          220.266
  416 (vir)          206.547           0.358          -1.687         -15.046          220.264
  417 (vir)          207.301           0.467          -1.127         -13.691          220.332
  418 (vir)          207.673           0.126          -1.155         -14.111          220.755
  419 (vir)          207.674           0.128          -1.155         -14.111          220.757
  420 (vir)          208.482           0.943          -1.962         -15.003          222.466
  421 (vir)          208.484           0.942          -1.962         -15.004          222.469
  422 (vir)          211.119           0.502          -2.054         -15.983          225.550
  423 (vir)          211.119           0.503          -2.054         -15.984          225.552
  424 (vir)          211.288           0.556          -0.935         -13.207          224.116
  425 (vir)          213.263           1.723          -0.810         -12.628          226.804
  426 (vir)          213.266           1.706          -0.810         -12.627          226.789
  427 (vir)          214.734           0.136          -0.964         -13.344          227.250
  428 (vir)          215.631           0.513          -1.270         -14.317          229.191
  429 (vir)          216.485           0.336          -1.313         -14.519          230.027
  430 (vir)          217.092           0.781          -0.902         -13.444          230.415
  431 (vir)          217.305           0.190          -1.480         -14.949          230.965
  432 (vir)          217.640           0.427          -1.755         -15.030          231.342
  433 (vir)          217.644           0.427          -1.755         -15.031          231.347
  434 (vir)          218.793           0.568          -1.189         -13.724          231.895
  435 (vir)          218.794           0.568          -1.189         -13.723          231.896
  436 (vir)          219.897           0.747          -0.942         -13.629          233.331
  437 (vir)          219.899           0.747          -0.942         -13.630          233.334
  438 (vir)          219.942           0.231          -1.601         -14.839          233.411
  439 (vir)          219.944           0.231          -1.601         -14.841          233.415
  440 (vir)          220.285           0.760          -0.712         -12.318          232.652
  441 (vir)          222.497          -0.360          -1.760         -16.410          236.787
  442 (vir)          222.501          -0.358          -1.760         -16.412          236.795
  443 (vir)          223.058           0.092          -1.367         -15.403          237.186
  444 (vir)          223.060           0.092          -1.368         -15.406          237.190
  445 (vir)          223.478           0.788          -2.883         -17.921          239.305
  446 (vir)          223.747           0.432          -1.028         -12.895          236.046
  447 (vir)          224.472           0.366          -1.159         -13.910          237.589
  448 (vir)          224.473           0.365          -1.159         -13.910          237.590
  449 (vir)          224.653           0.457          -0.859         -13.006          237.257
  450 (vir)          225.339           0.576          -0.960         -13.581          238.536
  451 (vir)          225.339           0.576          -0.960         -13.580          238.535
  452 (vir)          225.706           0.711          -2.725         -16.670          240.362
  453 (vir)          226.288           0.261          -1.291         -15.096          240.355
  454 (vir)          226.295           0.262          -1.291         -15.096          240.362
  455 (vir)          227.026          -0.577          -1.824         -16.569          241.193
  456 (vir)          229.088           0.603          -0.889         -13.262          242.064
  457 (vir)          229.088           0.603          -0.889         -13.262          242.065
  458 (vir)          230.725           0.421          -1.438         -14.569          244.276
  459 (vir)          230.918           0.666          -1.764         -15.635          245.455
  460 (vir)          230.923           0.666          -1.764         -15.636          245.461
  461 (vir)          231.586           0.241          -1.567         -16.302          246.562
  462 (vir)          233.402           0.115          -1.417         -15.817          247.917
  463 (vir)          233.519           0.482          -1.099         -13.728          246.630
  464 (vir)          235.305           0.281          -1.479         -15.401          249.508
  465 (vir)          235.307           0.281          -1.479         -15.401          249.510
  466 (vir)          235.464           0.627          -0.917         -13.574          248.747
  467 (vir)          235.466           0.627          -0.917         -13.574          248.750
  468 (vir)          237.043           0.550          -0.982         -13.854          250.466
  469 (vir)          239.762           0.882          -1.102         -14.895          254.437
  470 (vir)          240.753           0.369          -1.696         -16.238          255.665
  471 (vir)          240.754           0.369          -1.696         -16.239          255.667
  472 (vir)          241.958           0.544          -0.958         -13.908          255.452
  473 (vir)          244.078           0.564          -1.131         -14.575          258.085
  474 (vir)          244.079           0.564          -1.131         -14.576          258.088
  475 (vir)          252.926           0.530          -1.497         -15.837          267.796
  476 (vir)          252.931           0.530          -1.497         -15.837          267.801
  477 (vir)          255.737           0.460          -1.288         -15.256          270.165
  478 (vir)          255.743           0.460          -1.288         -15.256          270.171
  479 (vir)          256.992           0.291          -1.675         -16.432          272.040
  480 (vir)          258.401          -0.016          -1.045         -14.763          272.103
  481 (vir)          260.186           0.056          -1.021         -14.678          273.899
  482 (vir)          260.197           0.056          -1.021         -14.678          273.909
  483 (vir)          260.486           0.225          -1.845         -16.762          275.629
  484 (vir)          260.488           0.225          -1.846         -16.765          275.632
  485 (vir)          260.704           0.389          -1.155         -15.031          274.969
  486 (vir)          263.630           0.326          -1.565         -16.225          278.615
  487 (vir)          263.633           0.326          -1.565         -16.225          278.619
  488 (vir)          263.897           0.321          -1.049         -14.752          277.921
  489 (vir)          266.915           0.096          -1.014         -14.726          280.723
  490 (vir)          266.928           0.096          -1.014         -14.726          280.736
  491 (vir)          269.521          -0.210          -3.637         -20.559          286.233
  492 (vir)          269.527          -0.210          -3.638         -20.560          286.240
  493 (vir)          270.472           0.304          -1.592         -16.452          285.636
  494 (vir)          274.831          -0.250          -3.819         -21.272          292.034
  495 (vir)          275.466           0.062          -1.031         -14.907          289.404
  496 (vir)          275.974          -0.082          -4.081         -21.389          293.200
  497 (vir)          275.985          -0.081          -4.080         -21.386          293.209
  498 (vir)          283.021           0.089          -1.626         -16.882          298.366
  499 (vir)          283.025           0.090          -1.625         -16.880          298.369
  500 (vir)          287.389          -0.099          -4.568         -22.274          304.997
  501 (vir)          290.485           0.290          -1.324         -15.965          305.416
  502 (vir)          290.496           0.291          -1.324         -15.966          305.429
  503 (vir)          290.817           0.397          -1.687         -17.227          306.755
  504 (vir)          317.391           0.260          -1.528         -16.754          332.878
  505 (vir)          322.107           0.128          -2.094         -17.782          337.923
  506 (vir)          337.949           0.177          -2.291         -18.439          354.274
  507 (vir)          337.953           0.177          -2.291         -18.437          354.277
  508 (vir)          345.042           0.205          -2.315         -18.576          361.509
  509 (vir)          345.054           0.206          -2.315         -18.575          361.520
  510 (vir)          355.030           0.190          -2.172         -18.498          371.546
  511 (vir)          751.930          -0.747         -13.056         -46.279          784.406
  512 (vir)          768.279          -0.864         -12.814         -46.081          800.682
  513 (vir)          768.282          -0.864         -12.814         -46.077          800.682
  514 (vir)          781.559          -0.937         -12.599         -45.861          813.884
  515 (vir)          781.572          -0.937         -12.599         -45.857          813.893
  516 (vir)          791.183          -0.982         -12.474         -45.755          823.482
  517 (vir)         3983.534          -1.597         -14.801         -94.581         4061.717
  518 (vir)         3998.976          -1.617         -14.737         -94.529         4077.150
  519 (vir)         3998.977          -1.617         -14.737         -94.528         4077.151
  520 (vir)         4011.263          -1.631         -14.683         -94.478         4089.427
  521 (vir)         4011.273          -1.631         -14.683         -94.477         4089.436
  522 (vir)         4021.650          -1.641         -14.638         -94.434         4099.804
