 
  kpoint:     0.0000    0.0000    0.0000
 
    n          ϵ_nk^DFT (eV)     Σ^c_nk (eV)     Σ^x_nk (eV)     v_n^xc (eV)   ϵ_nk^G0W0 (eV)
 
    1 (occ)         -272.495           2.682         -96.975         -61.518         -305.270
    2 (occ)         -272.494           2.684         -96.970         -61.520         -305.260
    3 (occ)         -272.452           2.936         -96.958         -61.544         -304.930
    4 (occ)         -272.447           3.050         -96.945         -61.547         -304.795
    5 (occ)          -26.738           6.390         -27.898         -18.222          -30.024
    6 (occ)          -19.380           4.020         -24.929         -17.464          -22.825
    7 (occ)          -14.133           3.616         -22.205         -15.833          -16.889
    8 (occ)          -12.316          -0.457         -16.487         -13.654          -15.607
    9 (occ)          -10.776           0.786         -20.205         -15.908          -14.286
   10 (occ)          -10.329           2.100         -19.940         -14.580          -13.590
   11 (occ)           -7.348           0.389         -18.526         -14.666          -10.819
   12 (occ)           -7.236           1.054         -19.160         -14.565          -10.777
   13 (vir)           -6.095          -3.035          -6.884         -13.079           -2.935
   14 (vir)           -3.914          -3.253          -6.804         -13.185           -0.786
   15 (vir)           -1.928          -2.270          -8.936         -14.169            1.034
   16 (vir)           -0.810          -5.356          -5.620         -13.072            1.286
   17 (vir)            1.323          -1.028          -1.690          -4.452            3.057
   18 (vir)            2.080          -0.850          -1.425          -3.887            3.692
   19 (vir)            2.107          -1.310          -1.027          -4.187            3.957
   20 (vir)            2.253          -1.160          -1.959          -5.033            4.167
   21 (vir)            3.124          -1.057          -1.602          -4.634            5.099
   22 (vir)            3.128          -1.496          -2.124          -5.788            5.296
   23 (vir)            3.353          -1.013          -1.281          -4.076            5.136
   24 (vir)            4.011          -1.207          -0.754          -3.735            5.785
   25 (vir)            4.292          -1.376          -0.937          -4.082            6.061
   26 (vir)            4.950          -0.943          -1.160          -4.094            6.941
   27 (vir)            5.752          -1.128          -1.412          -4.461            7.673
   28 (vir)            6.061          -1.158          -0.752          -3.794            7.945
   29 (vir)            6.730          -3.351          -4.216         -10.032            9.195
   30 (vir)            6.773          -3.949          -7.850         -15.042           10.016
   31 (vir)            7.565          -3.628          -5.414         -11.699           10.223
   32 (vir)            8.030          -2.414          -2.827          -7.799           10.587
   33 (vir)            8.674          -2.104          -2.773          -7.081           10.878
   34 (vir)            8.886          -1.699          -1.309          -4.911           10.788
   35 (vir)            9.627          -2.576          -3.799          -8.567           11.819
   36 (vir)           10.553          -1.316          -1.280          -4.445           12.402
   37 (vir)           11.109          -2.217          -2.222          -7.783           14.453
   38 (vir)           12.641          -2.445          -2.333          -7.966           15.829
   39 (vir)           14.664          -2.151          -1.977          -6.756           17.292
   40 (vir)           15.319          -2.332          -2.474          -8.550           19.063
   41 (vir)           16.415          -2.109          -2.408          -7.486           19.384
   42 (vir)           16.684          -2.504          -1.536          -7.249           19.892
   43 (vir)           16.994          -2.626          -1.927          -7.668           20.109
   44 (vir)           17.137          -3.276          -2.350          -8.001           19.512
   45 (vir)           17.654          -3.781          -2.020          -8.404           20.258
   46 (vir)           18.288          -5.009          -4.051         -11.823           21.052
   47 (vir)           18.853          -3.805          -2.866          -9.539           21.721
   48 (vir)           19.224          -3.124          -1.710          -7.698           22.088
   49 (vir)           19.309          -3.711          -1.859          -8.444           22.183
   50 (vir)           19.343          -3.084          -2.298          -8.297           22.258
   51 (vir)           20.694          -3.896          -2.659          -9.309           23.448
   52 (vir)           20.748          -3.688          -1.822          -8.127           23.366
   53 (vir)           21.851          -1.832          -0.726          -5.548           24.841
   54 (vir)           22.106          -3.183          -1.868          -7.287           24.342
   55 (vir)           22.486          -1.942          -0.736          -5.699           25.507
   56 (vir)           23.186          -3.077          -1.720          -7.071           25.460
   57 (vir)           23.668          -3.235          -1.578          -7.352           26.208
   58 (vir)           23.836          -2.226          -1.645          -7.513           27.478
   59 (vir)           24.298          -3.207          -1.614          -7.660           27.138
   60 (vir)           24.475          -2.963          -1.904          -7.152           26.760
   61 (vir)           24.732          -2.234          -0.932          -6.263           27.829
   62 (vir)           25.523          -2.141          -0.869          -6.170           28.684
   63 (vir)           25.873          -0.988          -2.154          -7.520           30.253
   64 (vir)           26.135          -3.710          -2.003          -7.540           27.963
   65 (vir)           27.995          -3.450          -1.835          -7.731           30.441
   66 (vir)           28.865          -2.816          -1.239          -7.356           32.165
   67 (vir)           28.893          -1.513          -0.518          -5.203           32.064
   68 (vir)           30.479          -1.781          -0.656          -5.517           33.558
   69 (vir)           36.754          -2.524          -2.875         -10.669           42.024
   70 (vir)           37.365          -3.375          -3.544         -12.575           43.021
   71 (vir)           38.335          -5.449          -3.394         -12.393           41.885
   72 (vir)           40.165          -2.570          -2.970         -11.615           46.239
   73 (vir)           40.974          -2.359          -4.129         -13.077           47.562
   74 (vir)           42.781          -0.863          -3.099         -11.680           50.500
   75 (vir)           43.695          -0.833          -2.476         -11.278           51.664
   76 (vir)           45.655          -1.556          -1.759         -10.264           52.604
   77 (vir)           45.672          -1.606          -3.281         -12.408           53.193
   78 (vir)           47.757          -1.593          -2.836         -11.741           55.069
   79 (vir)           48.322          -1.918          -2.309         -11.005           55.099
   80 (vir)           49.625          -1.062          -1.585          -9.666           56.644
   81 (vir)           49.729          -1.124          -2.625         -11.897           57.877
   82 (vir)           51.702          -5.634          -1.859         -10.487           54.696
   83 (vir)           52.088          -0.970          -2.111         -11.085           60.092
   84 (vir)           53.523          -0.531          -1.739         -10.504           61.757
   85 (vir)           53.547          -1.165          -1.920         -10.419           60.881
   86 (vir)           53.585          -2.361          -1.945         -10.953           60.232
   87 (vir)           53.677          -0.851          -2.816         -12.321           62.332
   88 (vir)           53.952          -0.860          -1.797         -10.572           61.867
   89 (vir)           56.071          -1.054          -2.334         -11.295           63.978
   90 (vir)           56.101          -1.500          -2.743         -12.091           63.949
   91 (vir)           56.292          -0.794          -1.663         -10.658           64.493
   92 (vir)           56.617          -0.859          -2.522         -11.479           64.715
   93 (vir)           58.406          -0.295          -1.725         -10.392           66.777
   94 (vir)           58.962          -1.485          -1.346         -10.056           66.187
   95 (vir)           59.050          -0.387          -2.417         -11.610           67.855
   96 (vir)           59.370          -0.692          -2.491         -11.379           67.566
   97 (vir)           59.718          -1.226          -1.333         -10.058           67.216
   98 (vir)           59.919          -1.612          -2.890         -12.315           67.731
   99 (vir)           60.138          -0.579          -1.604         -10.307           68.262
  100 (vir)           60.654          -1.153          -2.584         -11.724           68.641
  101 (vir)           61.366          -0.303          -1.366         -10.227           69.925
  102 (vir)           62.244          -1.013          -3.229         -12.714           70.715
  103 (vir)           62.572          -1.384          -2.732         -12.661           71.117
  104 (vir)           63.673          -1.244          -1.634         -10.515           71.310
  105 (vir)           64.238          -2.732          -2.778         -13.108           71.836
  106 (vir)           64.533          -1.849          -2.560         -12.575           72.699
  107 (vir)           64.556           0.385          -2.822         -11.777           73.895
  108 (vir)           65.335          -1.199          -2.983         -13.345           74.497
  109 (vir)           65.445          -1.563          -3.148         -12.814           73.548
  110 (vir)           67.165           0.248          -3.351         -14.683           78.745
  111 (vir)           68.777           0.756          -3.099         -14.343           80.777
  112 (vir)           68.880          -0.408          -2.563         -12.293           78.203
  113 (vir)           69.326          -0.332          -2.119         -12.044           78.919
  114 (vir)           71.519          -1.004          -2.705         -13.218           81.028
  115 (vir)           73.235          -0.646          -2.288         -12.203           82.503
  116 (vir)           74.520          -0.129          -1.388         -10.771           83.774
  117 (vir)           76.587          -0.807          -4.384         -17.033           88.429
  118 (vir)           77.412          -0.515          -1.703         -11.866           87.060
  119 (vir)           80.132          -0.320          -3.514         -15.344           91.642
  120 (vir)           81.439          -0.297          -2.675         -13.746           92.213
  121 (vir)           82.322           0.329          -3.344         -15.154           94.462
  122 (vir)           86.081          -0.189          -2.952         -14.277           97.217
  123 (vir)           89.216          -1.078          -5.107         -18.911          101.941
  124 (vir)           90.776           0.001          -3.347         -15.978          103.407
  125 (vir)           92.187          -0.622          -2.835         -15.049          103.779
  126 (vir)           92.284          -0.033          -3.285         -15.867          104.833
  127 (vir)           96.416           0.224          -2.986         -15.006          108.659
  128 (vir)          107.907          -0.354          -3.033         -15.925          120.444
  129 (vir)          111.790          -0.172          -2.187         -14.611          124.043
  130 (vir)          115.197          -0.047          -2.342         -14.837          127.646
  131 (vir)          115.642          -0.681          -2.779         -15.566          127.748
  132 (vir)          119.780          -0.394          -2.107         -14.487          131.767
  133 (vir)          121.597           0.627          -2.448         -15.348          135.125
  134 (vir)          122.084          -0.355          -2.866         -16.060          134.923
  135 (vir)          123.242           0.248          -1.551         -13.469          135.408
  136 (vir)          123.812          -0.031          -1.990         -14.189          135.980
  137 (vir)          126.477          -0.475          -3.608         -17.996          140.390
  138 (vir)          126.832           0.231          -1.794         -14.185          139.455
  139 (vir)          128.026          -0.277          -2.944         -16.680          141.486
  140 (vir)          128.733           0.345          -1.829         -14.289          141.538
  141 (vir)          129.376          -0.043          -3.128         -16.793          142.998
  142 (vir)          129.921          -0.163          -1.939         -14.853          142.672
  143 (vir)          130.824           0.281          -1.732         -14.038          143.412
  144 (vir)          132.112           2.054          -1.372         -13.150          145.944
  145 (vir)          132.778           0.045          -1.885         -14.595          145.533
  146 (vir)          136.727          -0.400          -1.798         -14.551          149.080
  147 (vir)          137.434           0.314          -2.980         -16.804          151.572
  148 (vir)          139.414           0.121          -1.669         -14.184          152.050
  149 (vir)          144.028          -0.043          -2.309         -15.898          157.574
  150 (vir)          146.454           0.860          -1.595         -14.278          159.999
  151 (vir)          146.786          -0.511          -1.596         -14.331          159.010
  152 (vir)          146.917          -0.286          -1.519         -14.097          159.210
  153 (vir)          147.104          -0.505          -2.276         -15.959          160.283
  154 (vir)          147.288           0.008          -1.826         -14.914          160.383
  155 (vir)          149.384          -0.157          -2.323         -15.751          162.654
  156 (vir)          150.257           0.228          -1.796         -15.120          163.809
  157 (vir)          151.448          -0.404          -2.052         -15.401          164.392
  158 (vir)          153.092          -0.396          -1.647         -14.850          165.898
  159 (vir)          154.933           0.455          -1.475         -14.252          168.165
  160 (vir)          155.320          -0.832          -1.950         -15.840          168.378
  161 (vir)          156.760          -0.321          -1.641         -14.783          169.582
  162 (vir)          157.200           0.043          -1.834         -15.139          170.548
  163 (vir)          157.395          -0.088          -1.305         -13.667          169.668
  164 (vir)          158.341          -0.313          -1.885         -15.672          171.815
  165 (vir)          158.430           0.259          -2.102         -16.259          172.845
  166 (vir)          160.240           0.165          -1.774         -15.006          173.637
  167 (vir)          160.537           0.331          -1.554         -14.839          174.153
  168 (vir)          161.284          -0.198          -1.754         -15.105          174.437
  169 (vir)          161.968           0.099          -1.551         -14.693          175.208
  170 (vir)          162.515           0.275          -1.706         -15.090          176.175
  171 (vir)          163.406           0.202          -1.857         -15.347          177.099
  172 (vir)          163.468           0.258          -1.454         -14.232          176.504
  173 (vir)          163.777           0.224          -1.471         -14.274          176.803
  174 (vir)          164.115           0.655          -1.746         -15.292          178.316
  175 (vir)          164.974           0.106          -1.578         -14.944          178.447
  176 (vir)          165.084          -0.518          -1.860         -15.537          178.243
  177 (vir)          167.955          -0.487          -1.821         -15.579          181.226
  178 (vir)          168.454           0.359          -1.902         -15.702          182.613
  179 (vir)          168.554           0.557          -1.963         -15.857          183.004
  180 (vir)          169.584          -0.479          -1.843         -15.862          183.124
  181 (vir)          169.695           0.250          -1.869         -15.719          183.795
  182 (vir)          169.732          -1.211          -1.821         -15.744          182.445
  183 (vir)          169.899          -0.480          -2.231         -16.422          183.610
  184 (vir)          171.044          -0.144          -1.808         -15.709          184.800
  185 (vir)          172.094           0.456          -1.555         -15.025          186.020
  186 (vir)          174.101           0.308          -2.098         -16.287          188.597
  187 (vir)          176.360          -0.183          -2.639         -17.370          190.908
  188 (vir)          177.009           0.137          -1.500         -15.003          190.648
  189 (vir)          177.035          -0.378          -4.209         -19.546          191.994
  190 (vir)          177.260           0.039          -1.606         -15.233          190.926
  191 (vir)          177.883           0.863          -1.448         -14.909          192.207
  192 (vir)          179.173          -0.156          -2.118         -16.286          193.185
  193 (vir)          181.106          -0.061          -1.399         -14.776          194.422
  194 (vir)          182.205           0.831          -1.750         -15.842          197.128
  195 (vir)          183.118           0.301          -1.522         -15.172          197.070
  196 (vir)          184.416          -0.467          -3.549         -18.200          198.600
  197 (vir)          186.992          -0.153          -5.311         -20.644          202.172
  198 (vir)          187.262          -0.338          -4.241         -19.226          201.909
  199 (vir)          189.775           0.568          -1.391         -15.060          204.011
  200 (vir)          191.842          -0.433          -3.549         -18.385          206.245
  201 (vir)          195.754          -0.185          -3.526         -18.258          210.301
  202 (vir)          198.094          -0.142          -2.253         -17.301          213.000
  203 (vir)          201.109          -0.206          -2.392         -17.441          215.952
  204 (vir)          204.742          -0.475          -4.694         -19.954          219.528
  205 (vir)          208.312           0.555          -2.402         -17.660          224.125
  206 (vir)          211.392          -0.241          -1.423         -15.602          225.331
  207 (vir)          215.199          -0.114          -2.826         -17.744          230.002
  208 (vir)          217.266           0.319          -1.902         -16.756          232.439
  209 (vir)          218.090           0.181          -1.911         -16.744          233.105
  210 (vir)          218.596           0.265          -1.716         -16.427          233.572
  211 (vir)          219.647           0.398          -1.442         -15.783          234.387
  212 (vir)          220.120          -1.098          -1.762         -16.529          233.790
  213 (vir)          223.387           0.090          -1.939         -17.350          238.888
  214 (vir)          223.397           0.055          -2.105         -17.550          238.897
  215 (vir)          232.234          -0.194          -1.934         -17.198          247.305
  216 (vir)          259.311          -0.294          -2.757         -19.070          275.330
  217 (vir)          262.049          -0.464          -3.200         -20.097          278.482
  218 (vir)          264.593          -0.366          -5.370         -23.325          282.182
  219 (vir)          268.648          -0.225          -4.726         -22.171          285.868
  220 (vir)          270.529          -0.582          -5.429         -23.321          287.839
  221 (vir)          731.260          -0.938         -13.409         -46.513          763.426
  222 (vir)          752.747          -0.986         -13.094         -46.163          784.830
  223 (vir)          762.864          -1.025         -12.929         -46.174          795.084
  224 (vir)          764.502          -1.019         -12.899         -46.039          796.623
  225 (vir)         3961.649          -1.798         -14.962         -94.743         4039.631
  226 (vir)         3982.105          -1.781         -14.902         -94.695         4060.117
  227 (vir)         3992.377          -1.792         -14.814         -94.620         4070.390
  228 (vir)         3993.448          -1.783         -14.834         -94.636         4071.467
