 
  kpoint:     0.0000    0.0000    0.0000
 
    n          ϵ_nk^DFT (eV)     Σ^c_nk (eV)     Σ^x_nk (eV)     v_n^xc (eV)   ϵ_nk^G0W0 (eV)
 
    1 (occ)       -24530.172          -0.306        -879.241        -540.461       -24869.259
    2 (occ)       -24530.172          -0.306        -879.241        -540.461       -24869.259
    3 (occ)        -3537.709          -7.309        -340.689        -206.825        -3678.882
    4 (occ)        -3537.709          -7.309        -340.689        -206.825        -3678.882
    5 (occ)        -3292.211         -13.677        -335.311        -219.550        -3421.649
    6 (occ)        -3292.211         -13.675        -335.311        -219.550        -3421.647
    7 (occ)        -3292.208         -13.680        -335.326        -219.556        -3421.659
    8 (occ)        -3292.208         -13.680        -335.326        -219.556        -3421.659
    9 (occ)        -3292.208         -13.679        -335.326        -219.556        -3421.657
   10 (occ)        -3292.208         -13.679        -335.326        -219.556        -3421.657
   11 (occ)         -645.275         -12.273        -157.162         -96.696         -718.013
   12 (occ)         -645.275         -12.270        -157.162         -96.696         -718.010
   13 (occ)         -546.311          -8.857        -149.066         -97.617         -606.616
   14 (occ)         -546.311          -8.857        -149.066         -97.617         -606.616
   15 (occ)         -546.311          -9.202        -149.066         -97.617         -606.962
   16 (occ)         -546.311          -9.202        -149.066         -97.617         -606.962
   17 (occ)         -546.295          -6.434        -149.076         -97.619         -604.185
   18 (occ)         -546.295          -7.006        -149.077         -97.621         -604.757
   19 (occ)         -363.413          23.938        -135.254         -98.576         -376.153
   20 (occ)         -363.413          23.938        -135.254         -98.576         -376.153
   21 (occ)         -363.413          23.936        -135.254         -98.576         -376.155
   22 (occ)         -363.413          23.936        -135.254         -98.576         -376.155
   23 (occ)         -363.402          23.901        -135.251         -98.579         -376.172
   24 (occ)         -363.402          23.901        -135.251         -98.579         -376.172
   25 (occ)         -363.402          23.893        -135.251         -98.579         -376.181
   26 (occ)         -363.402          23.893        -135.251         -98.579         -376.181
   27 (occ)         -363.399          23.900        -135.245         -98.579         -376.166
   28 (occ)         -363.399          23.879        -135.245         -98.579         -376.187
   29 (occ)          -87.588          10.475         -62.500         -40.679          -98.935
   30 (occ)          -87.563          10.350         -62.522         -40.709          -99.026
   31 (occ)          -56.673          12.046         -54.651         -37.907          -61.370
   32 (occ)          -56.493          12.450         -54.752         -38.044          -60.751
   33 (occ)          -56.493          12.450         -54.752         -38.044          -60.751
   34 (occ)          -56.473          12.237         -54.779         -38.075          -60.940
   35 (occ)          -56.473          12.237         -54.779         -38.075          -60.940
   36 (occ)          -56.467          12.074         -54.826         -38.170          -61.050
   37 (occ)           -8.760           3.613         -34.093         -27.115          -12.125
   38 (occ)           -8.283           3.783         -34.252         -27.222          -11.530
   39 (occ)           -8.283           3.783         -34.252         -27.222          -11.530
   40 (occ)           -7.759           4.544         -34.922         -27.921          -10.216
   41 (occ)           -7.759           4.544         -34.922         -27.921          -10.216
   42 (occ)           -7.561           4.445         -35.506         -28.505          -10.118
   43 (occ)           -7.561           4.445         -35.506         -28.505          -10.118
   44 (occ)           -7.278           4.101         -35.826         -28.999          -10.004
   45 (occ)           -7.278           4.101         -35.826         -28.999          -10.004
   46 (occ)           -7.090           3.728         -35.314         -28.670          -10.006
   47 (occ)           -4.767          -0.943         -10.789          -9.434           -7.066
   48 (vir)           -2.755          -1.593          -3.783          -7.234           -0.898
   49 (vir)           -1.146          -1.002          -2.164          -4.766            0.455
   50 (vir)           -1.146          -1.002          -2.164          -4.766            0.455
   51 (vir)           -0.611          -0.853          -2.167          -4.844            1.213
   52 (vir)            0.324          -1.090          -0.977          -2.808            1.064
   53 (vir)            0.324          -1.090          -0.977          -2.808            1.064
   54 (vir)            0.549          -0.323          -0.474          -1.294            1.046
   55 (vir)            1.013          -0.692          -0.877          -2.623            2.066
   56 (vir)            1.155          -0.462          -0.875          -2.202            2.020
   57 (vir)            1.155          -0.462          -0.875          -2.202            2.020
   58 (vir)            1.356          -0.539          -0.998          -2.440            2.260
   59 (vir)            2.040          -0.600          -1.281          -3.267            3.427
   60 (vir)            2.040          -0.600          -1.281          -3.267            3.427
   61 (vir)            2.448          -0.540          -0.457          -1.705            3.156
   62 (vir)            2.586          -0.596          -1.123          -3.359            4.227
   63 (vir)            2.586          -0.596          -1.123          -3.359            4.227
   64 (vir)            3.326          -0.717          -1.721          -3.992            4.881
   65 (vir)            3.737          -0.396          -1.087          -3.316            5.570
   66 (vir)            3.737          -0.396          -1.087          -3.316            5.570
   67 (vir)            4.041          -0.794          -0.667          -2.743            5.323
   68 (vir)            4.041          -0.794          -0.667          -2.743            5.323
   69 (vir)            5.116          -0.708          -1.565          -3.813            6.656
   70 (vir)            5.808          -0.451          -0.370          -2.399            7.386
   71 (vir)            5.808          -0.451          -0.370          -2.399            7.386
   72 (vir)            6.538          -0.819          -0.972          -3.073            7.819
   73 (vir)            7.161          -1.347          -2.392          -5.985            9.407
   74 (vir)            7.161          -1.347          -2.392          -5.985            9.407
   75 (vir)            7.557          -0.969          -1.815          -5.148            9.921
   76 (vir)            8.241          -1.485          -2.545          -6.395           10.605
   77 (vir)            8.241          -1.485          -2.545          -6.395           10.605
   78 (vir)            8.705          -1.387          -2.780          -6.903           11.442
   79 (vir)            9.847          -1.577          -3.973          -8.192           12.488
   80 (vir)           11.050          -0.869          -3.272          -7.219           14.129
   81 (vir)           11.050          -0.869          -3.271          -7.219           14.129
   82 (vir)           11.810          -1.091          -4.120          -8.434           15.033
   83 (vir)           11.810          -1.091          -4.120          -8.434           15.033
   84 (vir)           12.911          -0.748          -3.012          -7.067           16.218
   85 (vir)           12.911          -0.748          -3.012          -7.067           16.218
   86 (vir)           14.271          -0.974          -2.292          -6.480           17.486
   87 (vir)           14.424          -1.011          -3.698          -8.051           17.766
   88 (vir)           15.133          -0.862          -2.587          -6.839           18.523
   89 (vir)           15.133          -0.862          -2.587          -6.839           18.523
   90 (vir)           18.182          -1.590          -3.408          -8.673           21.857
   91 (vir)           27.768          -2.317          -5.950         -13.380           32.881
   92 (vir)           27.768          -2.317          -5.950         -13.380           32.881
   93 (vir)           27.848          -2.587          -6.580         -14.114           32.795
   94 (vir)           29.556          -2.285          -6.109         -13.789           34.951
   95 (vir)           29.556          -2.285          -6.109         -13.789           34.951
   96 (vir)           30.942          -2.411          -6.309         -14.146           36.369
   97 (vir)           30.942          -2.411          -6.309         -14.146           36.369
   98 (vir)           31.376          -2.477          -6.380         -14.279           36.798
   99 (vir)           31.376          -2.477          -6.380         -14.279           36.798
  100 (vir)           32.984          -2.734          -6.707         -14.850           38.393
  101 (vir)           32.984          -2.734          -6.707         -14.850           38.393
  102 (vir)           35.925          -2.660          -6.984         -15.179           41.459
  103 (vir)           35.970          -2.695          -6.896         -15.378           41.757
  104 (vir)           35.970          -2.695          -6.896         -15.378           41.757
  105 (vir)           36.973           0.478          -6.594         -15.320           46.176
  106 (vir)           36.973           0.478          -6.594         -15.320           46.176
  107 (vir)           38.042          -2.588          -6.806         -14.877           43.525
  108 (vir)           38.042          -2.588          -6.806         -14.877           43.525
  109 (vir)           38.137          -2.525          -6.999         -15.128           43.742
  110 (vir)           38.137          -2.525          -6.999         -15.128           43.742
  111 (vir)           38.192          -2.901          -7.393         -15.769           43.667
  112 (vir)           39.147          -2.641          -6.980         -15.134           44.661
  113 (vir)           39.147          -2.641          -6.980         -15.134           44.661
  114 (vir)           39.630          -2.532          -6.826         -15.441           45.713
  115 (vir)           39.630          -2.532          -6.826         -15.441           45.713
  116 (vir)           41.561          -3.198          -7.583         -16.419           47.198
  117 (vir)           41.561          -3.198          -7.583         -16.419           47.198
  118 (vir)           41.693          -2.487          -6.354         -14.901           47.753
  119 (vir)           42.493          -2.919          -6.711         -15.630           48.494
  120 (vir)           50.686          -4.321          -9.462         -19.983           56.887
  121 (vir)           66.951          -3.390         -12.175         -24.712           76.097
  122 (vir)           75.630          -3.073         -11.887         -24.948           85.618
  123 (vir)           78.658          -7.088         -12.888         -27.804           86.486
  124 (vir)           78.658          -7.088         -12.888         -27.804           86.486
  125 (vir)           78.989          -7.096         -12.791         -27.653           86.756
  126 (vir)           78.989          -7.096         -12.791         -27.653           86.756
  127 (vir)           80.068          -7.314         -12.560         -27.411           87.605
  128 (vir)           80.068          -7.314         -12.560         -27.411           87.605
  129 (vir)           80.443          -7.290         -12.482         -27.333           88.004
  130 (vir)           80.443          -7.290         -12.482         -27.333           88.004
  131 (vir)           81.926          -7.374         -12.184         -27.054           89.422
  132 (vir)           81.926          -7.374         -12.184         -27.054           89.422
  133 (vir)           83.450          -7.723         -12.047         -27.004           90.684
  134 (vir)           86.868          -7.644         -11.257         -26.113           94.080
  135 (vir)           86.868          -7.644         -11.257         -26.113           94.080
  136 (vir)           95.344          -5.525         -10.393         -25.001          104.428
  137 (vir)          121.377          -5.678         -12.247         -28.623          132.074
  138 (vir)          121.377          -5.678         -12.247         -28.623          132.074
  139 (vir)          121.625          -5.439         -12.159         -28.454          132.481
  140 (vir)          121.625          -5.439         -12.159         -28.454          132.481
  141 (vir)          122.695          -5.274         -12.084         -28.370          133.706
  142 (vir)          122.695          -5.274         -12.084         -28.370          133.706
  143 (vir)          124.835          -4.894         -11.895         -28.184          136.229
  144 (vir)          124.835          -4.894         -11.895         -28.184          136.229
  145 (vir)          125.604          -5.688         -12.169         -28.749          136.496
  146 (vir)          126.587          -5.294         -11.502         -27.715          137.506
  147 (vir)          146.879          -5.651          -9.532         -27.123          158.818
  148 (vir)          147.509          -2.236          -7.545         -24.986          162.714
  149 (vir)          147.509          -2.236          -7.545         -24.986          162.714
  150 (vir)          147.525          -3.100          -7.540         -24.985          161.871
  151 (vir)          147.525          -3.100          -7.540         -24.985          161.871
  152 (vir)          147.551          -0.912          -7.550         -24.992          164.082
  153 (vir)          147.551          -0.912          -7.550         -24.992          164.082
  154 (vir)          147.552          -1.359          -7.549         -24.992          163.636
  155 (vir)          147.552          -1.359          -7.549         -24.992          163.636
  156 (vir)          147.593          -3.639          -7.616         -25.055          161.393
  157 (vir)          147.593          -3.639          -7.616         -25.055          161.393
  158 (vir)          147.597           0.469          -7.556         -25.000          165.509
  159 (vir)          147.597           0.469          -7.556         -25.000          165.509
  160 (vir)          147.597           0.388          -7.556         -25.000          165.429
  161 (vir)          147.597           0.388          -7.556         -25.000          165.429
  162 (vir)          147.859          -4.287          -7.557         -25.016          161.031
  163 (vir)          147.859          -4.287          -7.557         -25.016          161.031
  164 (vir)          148.409          -7.550          -8.911         -26.481          158.428
  165 (vir)          149.858          -2.019         -17.232         -35.680          166.287
  166 (vir)          149.858          -2.019         -17.232         -35.680          166.287
  167 (vir)          151.125          -1.359         -17.220         -35.697          168.243
  168 (vir)          151.125          -1.359         -17.220         -35.697          168.243
  169 (vir)          151.695          -4.537         -15.297         -33.631          165.493
  170 (vir)          162.654          -3.562         -15.335         -33.956          177.714
  171 (vir)          235.475         -15.199         -13.084         -36.407          243.599
  172 (vir)          235.475         -15.199         -13.084         -36.407          243.599
  173 (vir)          235.699         -19.406         -13.081         -36.390          239.603
  174 (vir)          235.699         -19.406         -13.081         -36.390          239.603
  175 (vir)          236.474         -19.980         -13.031         -36.317          239.780
  176 (vir)          236.474         -19.980         -13.031         -36.317          239.780
  177 (vir)          236.737         -18.960         -13.015         -36.295          241.056
  178 (vir)          236.737         -18.960         -13.015         -36.295          241.056
  179 (vir)          237.833         -15.759         -12.955         -36.216          245.335
  180 (vir)          237.834         -15.759         -12.955         -36.216          245.335
  181 (vir)          239.319         -14.169         -12.874         -36.118          248.394
  182 (vir)          241.581         -15.839         -12.755         -35.934          248.922
  183 (vir)          241.581         -15.839         -12.755         -35.934          248.922
  184 (vir)          246.794         -16.074         -12.568         -35.621          253.773
  185 (vir)          359.685           9.217         -24.274         -50.055          394.683
  186 (vir)          369.671           5.693         -23.935         -49.886          401.315
  187 (vir)          385.598           3.296         -27.170         -57.753          419.478
  188 (vir)          385.599           3.296         -27.170         -57.752          419.478
  189 (vir)          385.655           2.387         -27.176         -57.763          418.630
  190 (vir)          385.655           2.387         -27.176         -57.763          418.630
  191 (vir)          386.379           3.901         -27.139         -57.720          420.861
  192 (vir)          386.380           3.901         -27.139         -57.719          420.861
  193 (vir)          388.025           4.163         -27.092         -57.673          422.769
  194 (vir)          388.025           4.163         -27.092         -57.673          422.769
  195 (vir)          389.317           4.541         -26.995         -57.574          424.437
  196 (vir)          390.272           2.355         -26.959         -57.474          423.144
  197 (vir)         1321.440           1.142         -39.026         -87.706         1371.260
  198 (vir)         1330.437           1.167         -38.872         -87.596         1380.328
  199 (vir)         4241.082           1.337         -59.869        -145.525         4328.076
  200 (vir)         4249.381           1.390         -59.791        -145.478         4336.458
  201 (vir)        13935.016           0.306         -99.740        -256.747        14092.330
  202 (vir)        13942.853           0.311         -99.705        -256.729        14100.188
  203 (vir)        81444.496           0.013        -174.493        -590.885        81860.901
  204 (vir)        81459.189           0.013        -174.481        -590.897        81875.619
