 
  kpoint:     0.0000    0.0000    0.0000
 
    n          ϵ_nk^DFT (eV)     Σ^c_nk (eV)     Σ^x_nk (eV)     v_n^xc (eV)   ϵ_nk^G0W0 (eV)
 
    1 (occ)         -661.634           2.945        -150.689         -94.982         -714.396
    2 (occ)         -661.634           2.945        -150.689         -94.982         -714.396
    3 (occ)         -661.634           2.945        -150.689         -94.982         -714.396
    4 (occ)         -661.634           2.945        -150.689         -94.982         -714.396
    5 (occ)         -661.634           2.945        -150.689         -94.982         -714.396
    6 (occ)         -661.634           2.945        -150.689         -94.982         -714.396
    7 (occ)         -272.572           3.885         -96.873         -61.525         -304.034
    8 (occ)         -272.567           3.850         -96.866         -61.529         -304.054
    9 (occ)         -272.567           3.850         -96.866         -61.529         -304.054
   10 (occ)         -272.557           3.828         -96.851         -61.538         -304.042
   11 (occ)         -272.557           3.827         -96.851         -61.538         -304.042
   12 (occ)         -272.552           3.841         -96.843         -61.542         -304.012
   13 (occ)          -32.347           8.241         -38.375         -24.549          -37.932
   14 (occ)          -32.168           8.247         -38.628         -24.800          -37.749
   15 (occ)          -32.168           8.247         -38.628         -24.800          -37.748
   16 (occ)          -31.825           8.248         -39.087         -25.252          -37.413
   17 (occ)          -31.825           8.248         -39.087         -25.252          -37.412
   18 (occ)          -31.651           8.249         -39.331         -25.488          -37.246
   19 (occ)          -22.768           6.225         -27.391         -17.886          -26.048
   20 (occ)          -19.765           5.532         -28.068         -19.169          -23.133
   21 (occ)          -19.765           5.532         -28.068         -19.169          -23.133
   22 (occ)          -17.041           4.485         -28.021         -19.971          -20.606
   23 (occ)          -17.041           4.485         -28.021         -19.971          -20.606
   24 (occ)          -15.432           3.687         -28.950         -21.573          -19.122
   25 (occ)          -15.295           3.888         -25.648         -18.294          -18.761
   26 (occ)          -15.018           3.940         -30.701         -22.925          -18.854
   27 (occ)          -14.090           3.162         -28.634         -21.820          -17.743
   28 (occ)          -14.090           3.162         -28.634         -21.820          -17.742
   29 (occ)          -13.626           3.485         -28.739         -21.543          -17.336
   30 (occ)          -13.626           3.485         -28.739         -21.543          -17.336
   31 (occ)          -13.407           4.198         -25.391         -18.051          -16.549
   32 (occ)          -12.554           4.382         -28.101         -20.331          -15.941
   33 (occ)          -12.554           4.382         -28.101         -20.331          -15.941
   34 (occ)          -11.766           4.551         -30.516         -22.370          -15.360
   35 (occ)          -11.766           4.551         -30.516         -22.370          -15.360
   36 (occ)          -11.516           4.620         -31.200         -22.963          -15.133
   37 (occ)          -11.028           4.582         -32.035         -23.540          -14.941
   38 (occ)          -11.028           4.582         -32.035         -23.540          -14.941
   39 (occ)          -10.726           4.604         -32.816         -24.262          -14.677
   40 (occ)          -10.126           3.450         -29.610         -22.426          -13.859
   41 (occ)          -10.126           3.450         -29.609         -22.426          -13.859
   42 (occ)           -9.351           3.059         -28.615         -21.887          -13.021
   43 (occ)           -8.765           2.713         -24.679         -18.958          -11.772
   44 (occ)           -6.630           0.585         -21.012         -17.599           -9.456
   45 (occ)           -6.629           0.585         -21.011         -17.599           -9.456
   46 (vir)           -1.988          -3.105         -10.047         -15.784            0.643
   47 (vir)           -1.811          -2.694         -11.227         -16.232            0.500
   48 (vir)           -1.811          -2.694         -11.227         -16.232            0.500
   49 (vir)            0.267          -2.657          -5.961         -10.921            2.570
   50 (vir)            0.267          -2.657          -5.961         -10.920            2.570
   51 (vir)            2.133          -1.354          -1.277          -4.366            3.867
   52 (vir)            2.289          -5.439          -9.202         -16.962            4.610
   53 (vir)            2.315          -1.556          -2.626          -6.142            4.275
   54 (vir)            2.315          -1.556          -2.626          -6.142            4.275
   55 (vir)            2.482          -2.255          -4.081          -8.478            4.624
   56 (vir)            2.873          -3.121          -6.717         -12.144            5.180
   57 (vir)            3.131          -3.164          -6.682         -12.330            5.615
   58 (vir)            3.131          -3.164          -6.682         -12.330            5.615
   59 (vir)            3.541          -1.262          -1.380          -4.405            5.304
   60 (vir)            3.541          -1.262          -1.380          -4.405            5.304
   61 (vir)            3.549          -1.563          -2.585          -6.349            5.750
   62 (vir)            5.144          -3.051          -6.501         -11.726            7.317
   63 (vir)            5.149          -1.491          -1.884          -5.397            7.171
   64 (vir)            5.149          -1.491          -1.883          -5.396            7.171
   65 (vir)            5.156          -4.478          -9.445         -16.446            7.679
   66 (vir)            5.157          -4.478          -9.446         -16.447            7.679
   67 (vir)            5.157          -1.240          -1.233          -4.330            7.013
   68 (vir)            5.157          -1.240          -1.233          -4.330            7.014
   69 (vir)            5.362          -1.247          -2.406          -5.759            7.469
   70 (vir)            6.839          -1.413          -1.774          -5.315            8.966
   71 (vir)            6.839          -1.413          -1.774          -5.314            8.966
   72 (vir)            7.209          -0.920          -1.125          -3.918            9.082
   73 (vir)            7.745          -2.273          -3.804          -8.517           10.185
   74 (vir)            7.756          -4.993          -8.240         -16.058           10.581
   75 (vir)            7.757          -4.993          -8.239         -16.058           10.582
   76 (vir)            8.349          -3.755          -6.080         -12.418           10.932
   77 (vir)            8.349          -3.756          -6.079         -12.417           10.931
   78 (vir)            8.846          -1.954          -2.284          -6.593           11.201
   79 (vir)            8.846          -1.949          -2.284          -6.593           11.206
   80 (vir)            9.431          -1.708          -1.636          -5.794           11.881
   81 (vir)            9.730          -0.457          -0.653          -3.126           11.747
   82 (vir)           10.275          -1.491          -1.245          -5.058           12.597
   83 (vir)           10.896          -2.747          -3.497          -8.889           13.540
   84 (vir)           10.896          -2.748          -3.498          -8.889           13.540
   85 (vir)           11.008          -1.561          -2.026          -6.054           13.475
   86 (vir)           11.008          -1.560          -2.026          -6.054           13.476
   87 (vir)           11.050          -2.493          -2.470          -7.556           13.643
   88 (vir)           11.110          -3.018          -3.423          -9.136           13.806
   89 (vir)           11.248          -1.909          -2.363          -6.393           13.369
   90 (vir)           11.248          -1.900          -2.363          -6.393           13.379
   91 (vir)           13.040          -1.798          -2.087          -6.431           15.587
   92 (vir)           13.041          -1.793          -2.087          -6.431           15.591
   93 (vir)           13.045          -2.309          -3.117          -7.677           15.295
   94 (vir)           13.045          -2.319          -3.117          -7.677           15.285
   95 (vir)           13.497          -1.294          -1.474          -5.163           15.891
   96 (vir)           13.646          -1.888          -2.245          -6.584           16.096
   97 (vir)           13.646          -1.866          -2.245          -6.584           16.119
   98 (vir)           13.994          -7.075          -8.203         -18.115           16.831
   99 (vir)           14.337          -2.237          -2.327          -6.030           15.802
  100 (vir)           14.708          -1.358          -1.262          -4.932           17.020
  101 (vir)           14.709          -1.388          -1.262          -4.932           16.990
  102 (vir)           15.548          -2.828          -2.633          -7.999           18.087
  103 (vir)           15.630          -8.060          -8.493         -19.430           18.508
  104 (vir)           15.872          -3.685          -5.134         -11.517           18.571
  105 (vir)           16.179          -4.260          -3.955         -10.772           18.735
  106 (vir)           16.239          -1.268          -1.678          -5.477           18.770
  107 (vir)           16.753          -3.385          -3.293          -9.213           19.288
  108 (vir)           16.753          -3.385          -3.293          -9.213           19.289
  109 (vir)           16.811          -3.283          -2.636          -8.517           19.409
  110 (vir)           16.811          -3.284          -2.636          -8.517           19.408
  111 (vir)           17.597          -4.016          -2.601          -8.792           19.772
  112 (vir)           19.196          -3.739          -3.417          -9.732           21.773
  113 (vir)           19.197          -3.739          -3.417          -9.732           21.774
  114 (vir)           19.740          -3.950          -2.451          -8.917           22.257
  115 (vir)           19.740          -3.949          -2.451          -8.917           22.258
  116 (vir)           20.757          -4.068          -3.664         -10.402           23.428
  117 (vir)           20.758          -4.046          -3.664         -10.402           23.450
  118 (vir)           20.970          -4.491          -3.728         -10.954           23.705
  119 (vir)           21.146          -1.274          -2.423          -7.034           24.483
  120 (vir)           21.293          -3.924          -2.782          -9.107           23.693
  121 (vir)           21.293          -3.923          -2.782          -9.106           23.694
  122 (vir)           22.830          -3.186          -2.728          -8.546           25.462
  123 (vir)           22.830          -3.186          -2.728          -8.546           25.462
  124 (vir)           23.223          -4.162          -2.817          -9.547           25.790
  125 (vir)           23.492          -3.053          -2.563          -8.398           26.274
  126 (vir)           23.492          -3.009          -2.563          -8.398           26.319
  127 (vir)           23.605          -3.045          -3.018          -9.540           27.081
  128 (vir)           23.605          -3.045          -3.018          -9.540           27.081
  129 (vir)           24.745          -2.602          -1.598          -7.034           27.579
  130 (vir)           24.745          -2.338          -1.597          -7.033           27.843
  131 (vir)           25.141          -3.339          -3.185         -10.016           28.632
  132 (vir)           25.141          -3.340          -3.185         -10.016           28.631
  133 (vir)           25.225          -2.929          -3.679          -9.844           28.461
  134 (vir)           25.726          -2.852          -2.564          -8.314           28.623
  135 (vir)           26.851          -2.958          -3.424          -9.565           30.034
  136 (vir)           26.851          -2.975          -3.424          -9.565           30.018
  137 (vir)           27.073          -2.655          -2.883          -9.256           30.791
  138 (vir)           28.852          -3.374          -2.091          -8.857           32.244
  139 (vir)           29.241          -1.755          -3.297          -9.292           33.482
  140 (vir)           30.261          -2.605          -2.174          -8.161           33.642
  141 (vir)           30.261          -2.803          -2.174          -8.161           33.445
  142 (vir)           30.444          -3.032          -3.694          -9.911           33.629
  143 (vir)           30.444          -2.802          -3.694          -9.911           33.859
  144 (vir)           30.755          -1.904          -1.691          -7.259           34.418
  145 (vir)           33.987          -3.182          -4.927         -13.432           39.310
  146 (vir)           34.454          -4.358          -4.931         -13.611           38.777
  147 (vir)           34.455          -4.355          -4.931         -13.611           38.780
  148 (vir)           34.980          -3.082          -2.808          -9.678           38.769
  149 (vir)           35.740          -4.495          -3.656         -11.625           39.215
  150 (vir)           36.381          -2.990          -2.461          -9.244           40.175
  151 (vir)           37.088          -3.611          -4.412         -12.698           41.763
  152 (vir)           37.088          -3.623          -4.412         -12.698           41.751
  153 (vir)           37.521          -3.697          -3.495         -11.868           42.196
  154 (vir)           39.149          -4.806          -4.616         -14.189           43.915
  155 (vir)           39.150          -4.264          -4.404         -13.642           44.123
  156 (vir)           39.150          -3.416          -3.717         -11.862           43.879
  157 (vir)           39.150          -3.271          -3.570         -11.481           43.790
  158 (vir)           39.229          -2.746          -4.213         -11.886           44.157
  159 (vir)           39.735          -3.121          -4.188         -12.816           45.242
  160 (vir)           39.736          -3.122          -4.188         -12.816           45.242
  161 (vir)           40.365          -2.983          -4.331         -13.008           46.059
  162 (vir)           40.563          -3.167          -3.493         -11.775           45.678
  163 (vir)           41.765          -2.474          -3.418         -11.849           47.723
  164 (vir)           41.975          -3.169          -4.082         -12.656           47.380
  165 (vir)           41.975          -3.169          -4.082         -12.656           47.380
  166 (vir)           42.771          -3.696          -3.898         -12.516           47.693
  167 (vir)           42.854          -2.859          -4.598         -13.345           48.742
  168 (vir)           43.205          -3.865          -4.895         -13.873           48.317
  169 (vir)           43.388          -3.180          -4.288         -12.972           48.893
  170 (vir)           43.389          -3.180          -4.288         -12.973           48.893
  171 (vir)           43.509          -3.048          -3.902         -12.223           48.783
  172 (vir)           43.510          -3.081          -3.902         -12.223           48.750
  173 (vir)           43.619          -2.912          -3.487         -11.561           48.782
  174 (vir)           44.288          -3.384          -2.811         -11.253           49.345
  175 (vir)           44.288          -3.399          -2.811         -11.253           49.330
  176 (vir)           44.736          -3.355          -3.720         -12.292           49.953
  177 (vir)           44.736          -3.381          -3.720         -12.292           49.927
  178 (vir)           45.071          -2.998          -4.426         -12.851           50.498
  179 (vir)           45.071          -3.028          -4.426         -12.851           50.468
  180 (vir)           45.332          -2.449          -3.500         -12.153           51.536
  181 (vir)           45.332          -2.510          -3.500         -12.153           51.475
  182 (vir)           45.604          -3.129          -3.423         -11.658           50.709
  183 (vir)           45.605          -3.405          -3.424         -11.658           50.434
  184 (vir)           46.682          -2.614          -3.146         -11.244           52.167
  185 (vir)           46.682          -2.618          -3.146         -11.244           52.162
  186 (vir)           46.987          -3.390          -3.896         -12.845           52.546
  187 (vir)           46.987          -3.434          -3.896         -12.845           52.503
  188 (vir)           47.494          -3.232          -4.398         -13.626           53.490
  189 (vir)           47.552          -3.218          -4.378         -12.845           52.802
  190 (vir)           48.695          -3.415          -4.250         -13.607           54.636
  191 (vir)           48.695          -3.412          -4.250         -13.607           54.640
  192 (vir)           48.729          -0.128          -3.192         -11.876           57.285
  193 (vir)           49.265          -2.487          -3.864         -12.552           55.466
  194 (vir)           49.265          -2.405          -3.864         -12.553           55.548
  195 (vir)           50.163          -2.224          -3.702         -12.398           56.636
  196 (vir)           50.164          -2.445          -3.702         -12.398           56.415
  197 (vir)           51.222          -1.990          -2.434         -10.707           57.505
  198 (vir)           51.222          -1.907          -2.434         -10.707           57.588
  199 (vir)           51.333          -0.995          -2.600         -11.642           59.380
  200 (vir)           51.333          -0.994          -2.600         -11.643           59.381
  201 (vir)           51.540          -2.386          -2.212         -11.356           58.297
  202 (vir)           51.889          -2.609          -2.725         -10.934           57.489
  203 (vir)           51.889          -2.602          -2.725         -10.934           57.496
  204 (vir)           52.358          -2.712          -3.747         -12.611           58.511
  205 (vir)           52.505          -3.133          -2.965         -11.582           57.989
  206 (vir)           52.505          -4.341          -2.965         -11.582           56.781
  207 (vir)           52.736          -2.701          -3.079         -11.524           58.480
  208 (vir)           52.865          -2.466          -4.149         -12.627           58.876
  209 (vir)           53.487          -2.772          -4.307         -13.766           60.173
  210 (vir)           53.487          -2.720          -4.307         -13.766           60.226
  211 (vir)           54.180          -2.779          -3.408         -11.708           59.700
  212 (vir)           55.506          -3.088          -2.209         -11.580           61.789
  213 (vir)           56.121          -1.367          -2.281         -10.316           62.790
  214 (vir)           56.121          -1.407          -2.281         -10.316           62.750
  215 (vir)           56.971          -2.321          -2.247         -10.257           62.661
  216 (vir)           57.028          -1.599          -3.536         -13.700           65.592
  217 (vir)           57.787          -1.054          -2.209         -10.652           65.176
  218 (vir)           59.157           0.628          -3.246         -12.712           69.251
  219 (vir)           59.985           2.701          -4.190         -14.589           73.085
  220 (vir)           59.985           3.403          -4.190         -14.590           73.788
  221 (vir)           60.702          -1.868          -3.589         -14.101           69.347
  222 (vir)           61.080          -3.181          -2.430         -11.079           66.548
  223 (vir)           61.696           2.263          -2.714         -12.397           73.643
  224 (vir)           61.697          -9.729          -2.713         -12.396           61.651
  225 (vir)           61.753           0.871          -2.908         -12.588           72.304
  226 (vir)           61.753          -2.827          -2.908         -12.589           68.606
  227 (vir)           63.334          -4.142          -2.833         -12.808           69.166
  228 (vir)           63.334          -4.102          -2.833         -12.809           69.207
  229 (vir)           63.418          -8.856          -4.501         -14.813           64.874
  230 (vir)           63.515           1.734          -3.704         -13.517           75.062
  231 (vir)           63.515           0.361          -3.704         -13.517           73.689
  232 (vir)           64.282          -8.358          -3.486         -13.421           65.859
  233 (vir)           64.283         -15.127          -3.485         -13.420           59.090
  234 (vir)           64.616           1.147          -2.762         -12.813           75.815
  235 (vir)           64.616           0.883          -2.762         -12.814           75.550
  236 (vir)           64.905          -5.874          -2.299         -11.594           68.326
  237 (vir)           65.267          -3.436          -3.363         -12.631           71.099
  238 (vir)           65.268          -3.340          -3.363         -12.630           71.195
  239 (vir)           65.769         -14.305          -3.635         -13.701           61.530
  240 (vir)           66.948          -6.637          -2.439         -12.150           70.022
  241 (vir)           67.206          -0.389          -3.350         -13.498           76.965
  242 (vir)           67.445          -2.534          -2.855         -10.910           72.966
  243 (vir)           67.907          -0.841          -2.182         -12.251           77.135
  244 (vir)           67.907          -0.835          -2.182         -12.252           77.141
  245 (vir)           69.453         -11.045          -3.322         -13.870           68.956
  246 (vir)           70.862          -0.393          -3.683         -14.819           81.605
  247 (vir)           70.863          -0.570          -3.683         -14.819           81.429
  248 (vir)           70.952          -0.293          -2.606         -12.196           80.249
  249 (vir)           70.953          -0.439          -2.606         -12.196           80.104
  250 (vir)           72.415          -5.696          -4.442         -16.763           79.041
  251 (vir)           72.963          -2.176          -2.275         -12.493           81.004
  252 (vir)           72.963          -2.058          -2.275         -12.493           81.122
  253 (vir)           73.559          -2.643          -2.465         -11.890           80.341
  254 (vir)           74.272           3.041          -3.448         -13.829           87.694
  255 (vir)           74.272           2.330          -3.448         -13.829           86.983
  256 (vir)           74.424          -3.556          -3.527         -15.101           82.443
  257 (vir)           74.425          -3.538          -3.527         -15.101           82.461
  258 (vir)           74.740          -0.554          -3.390         -14.366           85.162
  259 (vir)           74.740          -0.605          -3.390         -14.366           85.112
  260 (vir)           76.738          -3.196          -2.668         -12.825           83.700
  261 (vir)           77.517           1.098          -3.122         -13.871           89.364
  262 (vir)           77.517           1.419          -3.122         -13.871           89.684
  263 (vir)           77.861          -1.615          -5.053         -18.693           89.886
  264 (vir)           79.889          -1.035          -4.182         -16.447           91.118
  265 (vir)           80.998          -0.286          -2.221         -12.765           91.256
  266 (vir)           80.999          -0.434          -2.221         -12.765           91.109
  267 (vir)           81.000          -1.358          -3.369         -14.278           90.551
  268 (vir)           81.001          -0.177          -3.369         -14.278           91.732
  269 (vir)           83.094          -1.516          -4.736         -16.508           93.351
  270 (vir)           85.668          -6.876          -2.745         -14.128           90.175
  271 (vir)           87.091          -1.043          -3.056         -15.044           98.036
  272 (vir)           87.092          -1.046          -3.056         -15.044           98.035
  273 (vir)           88.443          -2.143          -5.328         -18.464           99.436
  274 (vir)           89.524          -0.871          -2.577         -14.408          100.484
  275 (vir)           89.948          -0.552          -3.590         -16.153          101.959
  276 (vir)           89.950          -0.549          -3.590         -16.153          101.963
  277 (vir)           91.663          -1.391          -5.041         -16.933          102.164
  278 (vir)           91.663          -1.805          -5.041         -16.933          101.751
  279 (vir)           92.358          -2.193          -4.149         -16.548          102.564
  280 (vir)           92.358          -2.187          -4.149         -16.548          102.570
  281 (vir)           92.710          -1.376          -2.216         -13.130          102.248
  282 (vir)           93.531          -1.740          -4.229         -16.548          104.110
  283 (vir)           93.532          -1.416          -4.229         -16.548          104.434
  284 (vir)           93.912          -1.804          -2.725         -12.926          102.309
  285 (vir)           97.283          -1.261          -3.363         -15.289          107.948
  286 (vir)           97.284          -1.260          -3.363         -15.289          107.950
  287 (vir)           98.741          -0.887          -3.552         -16.344          110.646
  288 (vir)           99.876          -2.184          -2.550         -12.668          107.809
  289 (vir)          102.052          -1.666          -3.383         -15.622          112.625
  290 (vir)          102.054          -1.707          -3.383         -15.621          112.586
  291 (vir)          104.167          -2.583          -4.454         -17.178          114.308
  292 (vir)          104.168          -2.583          -4.454         -17.178          114.309
  293 (vir)          106.756          -2.473          -3.021         -15.827          117.089
  294 (vir)          107.381          -1.340          -2.739         -14.858          118.159
  295 (vir)          107.817          -1.902          -3.465         -16.363          118.813
  296 (vir)          108.516          -3.002          -3.252         -16.059          118.321
  297 (vir)          108.972          -3.096          -3.275         -16.040          118.641
  298 (vir)          109.755          -1.644          -4.660         -17.898          121.350
  299 (vir)          109.755          -1.631          -4.660         -17.899          121.363
  300 (vir)          110.290          -3.288          -3.226         -15.998          119.774
  301 (vir)          110.290          -3.288          -3.226         -15.998          119.774
  302 (vir)          111.407          -3.039          -3.191         -16.032          121.209
  303 (vir)          111.407          -3.039          -3.191         -16.031          121.209
  304 (vir)          111.627          -3.615          -5.462         -19.259          121.808
  305 (vir)          112.183          -3.131          -3.770         -16.728          122.010
  306 (vir)          112.183          -3.130          -3.770         -16.728          122.011
  307 (vir)          113.218          -2.408          -3.831         -17.043          124.023
  308 (vir)          113.320          -2.509          -3.991         -17.307          124.129
  309 (vir)          113.393          -2.868          -3.631         -16.681          123.575
  310 (vir)          113.394          -2.875          -3.632         -16.681          123.569
  311 (vir)          115.656          -1.568          -2.892         -15.647          126.843
  312 (vir)          117.425          -2.563          -3.985         -17.428          128.304
  313 (vir)          117.426          -2.563          -3.985         -17.427          128.304
  314 (vir)          117.787          -2.275          -3.569         -16.864          128.808
  315 (vir)          117.787          -2.275          -3.569         -16.864          128.808
  316 (vir)          118.342          -2.578          -3.542         -16.429          128.651
  317 (vir)          118.343          -2.577          -3.542         -16.429          128.652
  318 (vir)          118.630          -1.926          -5.749         -20.563          131.519
  319 (vir)          118.936          -2.985          -4.578         -18.040          129.414
  320 (vir)          118.937          -2.987          -4.578         -18.040          129.411
  321 (vir)          120.641          -2.408          -3.078         -15.959          131.115
  322 (vir)          121.849          -1.842          -4.017         -17.788          133.777
  323 (vir)          121.849          -1.846          -4.017         -17.788          133.774
  324 (vir)          122.184          -3.281          -5.420         -19.130          132.613
  325 (vir)          123.905          -1.297          -2.653         -15.714          135.669
  326 (vir)          123.919          -1.955          -3.157         -16.318          135.126
  327 (vir)          124.274          -2.369          -3.563         -16.973          135.315
  328 (vir)          124.275          -2.369          -3.563         -16.973          135.316
  329 (vir)          125.043          -0.915          -2.426         -15.053          136.755
  330 (vir)          126.870          -2.676          -4.149         -17.773          137.818
  331 (vir)          126.871          -2.676          -4.150         -17.773          137.818
  332 (vir)          127.238          -2.736          -3.978         -18.066          138.591
  333 (vir)          128.195          -1.942          -3.841         -17.313          139.725
  334 (vir)          128.196          -1.941          -3.841         -17.311          139.725
  335 (vir)          128.221          -1.797          -3.296         -16.740          139.868
  336 (vir)          128.223          -1.794          -3.297         -16.741          139.872
  337 (vir)          129.621          -2.491          -3.565         -16.945          140.510
  338 (vir)          129.622          -2.492          -3.564         -16.943          140.509
  339 (vir)          129.750          -2.840          -5.332         -19.631          141.210
  340 (vir)          130.557          -1.973          -2.933         -16.078          141.729
  341 (vir)          130.557          -1.973          -2.933         -16.078          141.729
  342 (vir)          131.021          -2.372          -3.479         -16.683          141.853
  343 (vir)          131.293          -1.059          -2.256         -15.192          143.170
  344 (vir)          133.613          -3.054          -5.098         -19.412          144.873
  345 (vir)          133.613          -3.054          -5.097         -19.412          144.874
  346 (vir)          134.396          -3.184          -5.641         -20.181          145.753
  347 (vir)          134.638          -2.985          -4.873         -19.312          146.093
  348 (vir)          134.638          -2.984          -4.872         -19.312          146.094
  349 (vir)          134.650          -2.604          -4.005         -17.437          145.479
  350 (vir)          135.820          -2.350          -3.407         -16.988          147.051
  351 (vir)          135.820          -2.342          -3.408         -16.989          147.060
  352 (vir)          137.119          -2.995          -4.550         -18.498          148.072
  353 (vir)          137.197          -0.682          -2.016         -14.578          149.077
  354 (vir)          137.198          -0.682          -2.016         -14.577          149.077
  355 (vir)          137.417          -3.315          -5.558         -20.190          148.734
  356 (vir)          137.417          -3.316          -5.557         -20.189          148.733
  357 (vir)          137.973          -3.147          -5.353         -19.767          149.241
  358 (vir)          137.974          -3.147          -5.352         -19.766          149.241
  359 (vir)          138.222          -0.991          -2.468         -15.565          150.329
  360 (vir)          138.549          -3.143          -5.352         -19.814          149.868
  361 (vir)          139.204          -3.314          -5.201         -20.133          150.822
  362 (vir)          139.205          -3.317          -5.201         -20.133          150.820
  363 (vir)          141.435          -2.875          -4.017         -17.717          152.260
  364 (vir)          141.789          -2.347          -4.397         -18.840          153.885
  365 (vir)          141.789          -2.345          -4.398         -18.840          153.887
  366 (vir)          141.927          -1.175          -2.368         -15.333          153.716
  367 (vir)          141.928          -1.176          -2.369         -15.333          153.717
  368 (vir)          142.000          -0.779          -2.339         -15.580          154.462
  369 (vir)          142.144          -2.098          -2.559         -15.881          153.369
  370 (vir)          142.605          -3.325          -6.010         -21.175          154.445
  371 (vir)          142.885          -2.739          -4.150         -18.202          154.199
  372 (vir)          142.886          -2.738          -4.149         -18.201          154.200
  373 (vir)          144.437          -3.531          -5.705         -21.125          156.325
  374 (vir)          145.145          -2.679          -3.905         -17.925          156.487
  375 (vir)          145.146          -2.679          -3.905         -17.925          156.487
  376 (vir)          145.186          -3.510          -5.317         -20.179          156.538
  377 (vir)          145.963          -2.477          -3.732         -17.829          157.584
  378 (vir)          145.964          -2.477          -3.732         -17.829          157.584
  379 (vir)          146.572          -2.685          -4.001         -18.347          158.234
  380 (vir)          146.572          -2.684          -4.001         -18.348          158.234
  381 (vir)          148.297          -2.835          -4.400         -19.066          160.128
  382 (vir)          148.298          -2.834          -4.400         -19.065          160.129
  383 (vir)          148.609          -1.966          -3.308         -17.253          160.588
  384 (vir)          148.609          -1.962          -3.308         -17.254          160.594
  385 (vir)          150.275          -1.087          -2.564         -16.242          162.866
  386 (vir)          150.414          -3.743          -5.904         -21.828          162.595
  387 (vir)          150.676          -1.065          -3.847         -18.713          164.477
  388 (vir)          151.616          -2.681          -4.264         -19.209          163.881
  389 (vir)          151.617          -2.681          -4.264         -19.210          163.881
  390 (vir)          152.447          -3.221          -5.623         -20.696          164.299
  391 (vir)          153.131          -1.465          -2.806         -16.426          165.286
  392 (vir)          153.763          -0.849          -2.369         -15.634          166.179
  393 (vir)          153.765          -0.847          -2.369         -15.633          166.181
  394 (vir)          154.172          -0.982          -2.093         -15.225          166.321
  395 (vir)          155.262          -1.899          -3.446         -17.695          167.612
  396 (vir)          155.263          -1.899          -3.445         -17.694          167.612
  397 (vir)          155.507          -1.611          -2.908         -16.643          167.631
  398 (vir)          155.509          -1.615          -2.908         -16.644          167.629
  399 (vir)          156.214          -1.588          -4.788         -20.687          170.524
  400 (vir)          156.214          -1.601          -4.788         -20.686          170.512
  401 (vir)          156.473          -2.393          -5.235         -21.302          170.147
  402 (vir)          157.254          -0.750          -2.111         -16.020          170.413
  403 (vir)          157.419          -0.708          -2.095         -16.059          170.675
  404 (vir)          157.818          -1.409          -3.397         -17.882          170.894
  405 (vir)          157.819          -1.409          -3.398         -17.884          170.896
  406 (vir)          160.148          -0.818          -2.275         -15.567          172.622
  407 (vir)          160.148          -0.819          -2.275         -15.567          172.622
  408 (vir)          161.292          -1.259          -3.450         -17.835          174.418
  409 (vir)          161.293          -1.256          -3.450         -17.834          174.422
  410 (vir)          161.900          -1.966          -3.497         -18.184          174.620
  411 (vir)          162.415          -1.240          -3.988         -18.966          176.153
  412 (vir)          163.163          -1.005          -2.879         -17.512          176.790
  413 (vir)          163.166          -1.006          -2.881         -17.512          176.790
  414 (vir)          163.422          -1.137          -3.282         -18.080          177.082
  415 (vir)          163.423          -1.132          -3.282         -18.080          177.088
  416 (vir)          163.522          -3.489          -5.217         -21.071          175.887
  417 (vir)          163.639          -0.307          -1.925         -15.428          176.835
  418 (vir)          163.785          -7.428          -8.073         -26.151          174.434
  419 (vir)          164.954          -1.564          -3.662         -18.251          177.979
  420 (vir)          164.955          -1.573          -3.662         -18.250          177.971
  421 (vir)          165.503          -0.678          -1.932         -15.395          178.288
  422 (vir)          166.044          -0.792          -2.419         -16.060          178.892
  423 (vir)          166.116          -0.765          -2.317         -16.281          179.314
  424 (vir)          166.116          -0.760          -2.318         -16.280          179.319
  425 (vir)          166.531          -0.830          -2.768         -16.786          179.719
  426 (vir)          166.586          -1.698          -5.279         -21.325          180.934
  427 (vir)          166.587          -1.701          -5.278         -21.322          180.930
  428 (vir)          167.315          -0.927          -3.757         -18.910          181.541
  429 (vir)          167.316          -0.927          -3.758         -18.910          181.541
  430 (vir)          168.987          -0.529          -4.890         -19.708          183.277
  431 (vir)          169.191          -0.886          -3.020         -17.631          182.916
  432 (vir)          169.193          -0.886          -3.021         -17.631          182.916
  433 (vir)          169.900          -1.199          -4.136         -19.605          184.169
  434 (vir)          169.902          -1.196          -4.135         -19.601          184.173
  435 (vir)          171.057          -1.403          -5.739         -22.366          186.282
  436 (vir)          171.058          -1.808          -5.737         -22.364          185.876
  437 (vir)          171.061          -0.227          -1.442         -14.144          183.537
  438 (vir)          171.706           0.597          -6.559         -23.699          189.443
  439 (vir)          172.190          -1.104          -3.995         -19.173          186.263
  440 (vir)          172.191          -1.101          -3.995         -19.171          186.266
  441 (vir)          172.335          -0.504          -2.268         -16.319          185.881
  442 (vir)          172.827          -0.915          -3.918         -19.311          187.305
  443 (vir)          172.827          -1.286          -3.918         -19.310          186.934
  444 (vir)          174.612           0.667          -2.026         -16.337          189.589
  445 (vir)          174.619          -1.506          -3.593         -18.085          187.605
  446 (vir)          174.771          -0.461          -3.988         -19.424          189.747
  447 (vir)          175.918          -1.926          -3.303         -18.520          189.209
  448 (vir)          175.921          -1.936          -3.307         -18.524          189.203
  449 (vir)          176.526          -1.819          -4.637         -20.191          190.262
  450 (vir)          176.527          -1.805          -4.632         -20.182          190.273
  451 (vir)          178.029           0.947          -4.156         -19.716          194.536
  452 (vir)          178.725          -0.652          -2.029         -16.471          192.516
  453 (vir)          178.726          -0.653          -2.029         -16.471          192.514
  454 (vir)          179.427          -1.228          -3.092         -17.783          192.890
  455 (vir)          179.429          -1.190          -3.092         -17.782          192.928
  456 (vir)          179.785          -3.556          -4.644         -20.215          191.800
  457 (vir)          179.786          -2.928          -4.642         -20.211          192.427
  458 (vir)          180.509          -5.272          -6.744         -24.008          192.501
  459 (vir)          180.509          -5.420          -6.744         -24.009          192.354
  460 (vir)          180.549          -5.176          -7.104         -25.102          193.371
  461 (vir)          180.778          -0.297          -1.826         -15.847          194.501
  462 (vir)          180.780          -0.298          -1.826         -15.846          194.502
  463 (vir)          183.862          -0.464          -2.013         -16.259          197.643
  464 (vir)          183.915          -0.725          -2.506         -16.928          197.613
  465 (vir)          184.149           1.059          -1.871         -15.988          199.325
  466 (vir)          184.150           1.078          -1.871         -15.987          199.344
  467 (vir)          185.029          -2.706          -3.925         -19.131          197.529
  468 (vir)          185.842          -0.366          -3.945         -18.726          200.256
  469 (vir)          185.846          -0.151          -3.945         -18.724          200.473
  470 (vir)          188.080          -0.464          -2.350         -17.212          202.479
  471 (vir)          190.077          -2.245          -4.388         -21.022          204.466
  472 (vir)          191.767          -0.718          -2.693         -17.967          206.322
  473 (vir)          191.768          -0.716          -2.693         -17.967          206.326
  474 (vir)          191.993          -0.467          -3.393         -18.316          206.450
  475 (vir)          192.006           0.150          -3.106         -18.851          207.900
  476 (vir)          192.055          -0.867          -2.696         -17.867          206.359
  477 (vir)          193.503          -1.286          -3.756         -19.074          207.534
  478 (vir)          193.504          -1.792          -3.756         -19.073          207.030
  479 (vir)          193.517           0.191          -1.754         -15.941          207.895
  480 (vir)          193.519           0.184          -1.754         -15.941          207.889
  481 (vir)          195.766           0.328          -2.799         -17.212          210.507
  482 (vir)          195.769           0.333          -2.798         -17.210          210.513
  483 (vir)          198.421          -1.209          -2.805         -18.127          212.534
  484 (vir)          198.422          -1.095          -2.805         -18.128          212.650
  485 (vir)          198.870          -1.233          -2.379         -17.077          212.334
  486 (vir)          200.539           0.221          -2.667         -18.128          216.220
  487 (vir)          200.854           0.230          -3.772         -18.968          216.280
  488 (vir)          200.855           0.233          -3.771         -18.967          216.285
  489 (vir)          202.840          -2.823          -5.067         -22.001          216.951
  490 (vir)          205.913           0.244          -1.610         -16.043          220.589
  491 (vir)          207.015           3.950          -2.618         -17.926          226.272
  492 (vir)          207.225          -0.900          -2.541         -17.428          221.211
  493 (vir)          207.324          -0.533          -2.687         -17.773          221.877
  494 (vir)          207.326          -0.538          -2.687         -17.770          221.872
  495 (vir)          209.069          -0.119          -2.332         -17.935          224.553
  496 (vir)          209.070          -0.117          -2.332         -17.933          224.553
  497 (vir)          213.198           0.192          -3.623         -18.533          228.300
  498 (vir)          214.527          -0.474          -4.442         -20.891          230.502
  499 (vir)          214.528          -0.425          -4.442         -20.892          230.552
  500 (vir)          216.323          -0.029          -2.522         -18.240          232.011
  501 (vir)          216.325          -0.027          -2.522         -18.239          232.014
  502 (vir)          218.547          -0.377          -1.957         -17.012          233.226
  503 (vir)          218.553          -0.377          -1.957         -17.011          233.230
  504 (vir)          221.557          -0.242          -1.705         -16.460          236.069
  505 (vir)          221.561          -0.242          -1.705         -16.459          236.073
  506 (vir)          223.748          -0.538          -2.165         -17.574          238.619
  507 (vir)          227.615          -0.188          -3.324         -18.752          242.855
  508 (vir)          229.930           0.014          -2.314         -18.042          245.673
  509 (vir)          229.932           0.014          -2.314         -18.042          245.675
  510 (vir)          231.805          -0.048          -1.472         -15.958          246.242
  511 (vir)          233.064          -0.270          -2.594         -17.968          248.168
  512 (vir)          233.064          -0.268          -2.593         -17.968          248.171
  513 (vir)          235.701          -0.045          -2.137         -17.835          251.353
  514 (vir)          235.704          -0.048          -2.137         -17.834          251.353
  515 (vir)          247.638          -1.061          -5.842         -24.992          265.727
  516 (vir)          249.833          -0.151          -2.217         -18.129          265.593
  517 (vir)          250.995          -0.972          -5.627         -24.857          269.253
  518 (vir)          250.996          -1.003          -5.627         -24.855          269.222
  519 (vir)          252.251          -0.061          -2.054         -18.185          268.321
  520 (vir)          253.746          -1.041          -5.506         -24.764          271.963
  521 (vir)          253.749          -1.061          -5.506         -24.762          271.944
  522 (vir)          261.268          -0.970          -4.955         -23.727          279.069
  523 (vir)          268.912          -0.242          -4.616         -22.504          286.558
  524 (vir)          268.920          -0.239          -4.616         -22.503          286.568
  525 (vir)          273.143          -0.032          -4.885         -22.771          290.996
  526 (vir)          273.149          -0.032          -4.885         -22.771          291.004
  527 (vir)          274.196          -0.371          -4.522         -22.961          292.265
  528 (vir)          283.027          -0.020          -4.837         -22.832          301.002
  529 (vir)          304.620          -3.132          -3.020         -22.071          320.539
  530 (vir)          304.626          -2.553          -3.020         -22.071          321.123
  531 (vir)          304.637          -3.169          -3.020         -22.070          320.519
  532 (vir)          304.637          -3.237          -3.020         -22.070          320.450
  533 (vir)          304.677          -3.270          -3.019         -22.069          320.457
  534 (vir)          304.677          -3.339          -3.019         -22.069          320.388
  535 (vir)          304.747          -2.648          -3.020         -22.070          321.150
  536 (vir)          304.747          -2.571          -3.020         -22.070          321.227
  537 (vir)          304.765          -2.873          -3.018         -22.069          320.942
  538 (vir)          304.765          -2.790          -3.018         -22.069          321.025
  539 (vir)          304.820          -3.418          -3.015         -22.064          320.450
  540 (vir)          305.057          -2.703          -2.970         -21.985          321.369
  541 (vir)          305.201          -2.827          -3.018         -22.066          321.423
  542 (vir)          305.432          -2.646          -2.964         -21.979          321.801
  543 (vir)          305.432          -2.652          -2.964         -21.979          321.796
  544 (vir)          305.603          -2.696          -2.964         -21.978          321.921
  545 (vir)          306.441          -2.472          -2.949         -21.958          322.979
  546 (vir)          306.441          -2.479          -2.949         -21.958          322.972
  547 (vir)          306.633          -2.543          -2.952         -21.960          323.098
  548 (vir)          306.633          -2.538          -2.952         -21.960          323.102
  549 (vir)          307.033          -2.244          -2.944         -21.941          323.786
  550 (vir)          307.033          -2.246          -2.944         -21.941          323.785
  551 (vir)          307.249          -2.128          -2.940         -21.919          324.100
  552 (vir)          307.715          -2.325          -2.929         -21.927          324.387
  553 (vir)          310.938          -2.098          -2.935         -22.036          327.941
  554 (vir)          312.595          -1.290          -2.920         -22.021          330.406
  555 (vir)          312.698          -3.491          -2.918         -22.024          328.314
  556 (vir)          312.699          -3.240          -2.918         -22.023          328.565
  557 (vir)          314.873          -6.892          -2.912         -22.013          327.082
  558 (vir)          314.874          -6.987          -2.912         -22.013          326.987
  559 (vir)          316.116          -5.349          -2.875         -21.978          329.870
  560 (vir)          316.118          -5.562          -2.875         -21.976          329.658
  561 (vir)          318.506          -4.780          -2.955         -22.078          332.850
  562 (vir)          318.507          -4.618          -2.955         -22.077          333.012
  563 (vir)          319.660          -1.966          -2.827         -21.914          336.781
  564 (vir)          321.820           0.177          -3.088         -22.317          341.225
  565 (vir)          323.013          -0.825          -3.006         -22.393          341.575
  566 (vir)          323.018          -0.694          -3.004         -22.415          341.736
  567 (vir)          323.299          -0.847          -3.011         -22.413          341.854
  568 (vir)          323.301          -0.847          -3.011         -22.411          341.854
  569 (vir)          325.283          -0.845          -2.986         -22.385          343.836
  570 (vir)          325.286          -0.844          -2.986         -22.382          343.837
  571 (vir)          325.905          -0.668          -3.403         -23.040          344.875
  572 (vir)          328.512          -0.742          -3.321         -22.924          347.373
  573 (vir)          328.516          -0.753          -3.321         -22.920          347.362
  574 (vir)          328.598          -0.832          -2.935         -22.307          347.138
  575 (vir)          328.868          -0.715          -2.979         -22.420          347.594
  576 (vir)          328.869          -0.714          -2.979         -22.418          347.595
  577 (vir)          331.358          -0.709          -3.257         -22.860          350.252
  578 (vir)          331.361          -0.715          -3.257         -22.857          350.247
  579 (vir)          337.132          -0.520          -3.109         -22.588          356.091
  580 (vir)          338.272          -0.873          -2.930         -22.424          356.894
  581 (vir)          338.273          -0.874          -2.930         -22.423          356.893
  582 (vir)          349.174          -1.015          -2.834         -22.326          367.651
  583 (vir)          390.172          -2.336          -4.675         -27.760          410.921
  584 (vir)          390.473          -2.335          -4.669         -27.751          411.219
  585 (vir)          390.473          -2.335          -4.669         -27.751          411.219
  586 (vir)          390.711          -2.326          -4.665         -27.742          411.462
  587 (vir)          390.739          -2.326          -4.664         -27.742          411.492
  588 (vir)          390.739          -2.326          -4.664         -27.742          411.492
  589 (vir)          391.826          -2.312          -4.645         -27.712          412.580
  590 (vir)          391.832          -2.310          -4.645         -27.712          412.589
  591 (vir)          391.868          -2.316          -4.660         -27.735          412.627
  592 (vir)          391.869          -2.316          -4.660         -27.735          412.628
  593 (vir)          392.242          -2.311          -4.653         -27.718          412.997
  594 (vir)          392.243          -2.311          -4.653         -27.718          412.997
  595 (vir)          396.240          -2.110          -4.417         -27.380          417.093
  596 (vir)          397.537          -2.097          -4.399         -27.354          418.395
  597 (vir)          397.538          -2.097          -4.399         -27.353          418.395
  598 (vir)          397.813          -2.249          -5.893         -29.139          418.810
  599 (vir)          398.990          -2.112          -4.559         -27.532          419.851
  600 (vir)          398.992          -2.112          -4.559         -27.530          419.851
  601 (vir)          399.261          -2.190          -7.178         -30.658          420.551
  602 (vir)          399.861          -2.073          -4.363         -27.297          420.722
  603 (vir)          399.862          -2.073          -4.363         -27.296          420.722
  604 (vir)          401.307          -2.061          -4.386         -27.297          422.157
  605 (vir)          401.309          -2.061          -4.386         -27.295          422.157
  606 (vir)          401.896          -2.132          -8.500         -32.231          423.495
  607 (vir)          401.897          -2.132          -8.501         -32.230          423.495
  608 (vir)          402.387          -2.045          -4.312         -27.206          423.236
  609 (vir)          403.020          -2.152          -8.125         -31.794          424.537
  610 (vir)          403.021          -2.152          -8.124         -31.793          424.537
  611 (vir)          406.541          -2.023          -4.316         -27.173          427.375
  612 (vir)          409.414          -2.217          -7.518         -31.259          430.938
  613 (vir)          413.871          -1.832          -4.049         -26.804          434.794
  614 (vir)          416.174          -1.823          -4.042         -26.816          437.125
  615 (vir)          416.177          -1.823          -4.042         -26.812          437.125
  616 (vir)          419.044          -1.881          -4.151         -27.105          440.117
  617 (vir)          419.071          -1.810          -4.028         -26.810          440.043
  618 (vir)          419.074          -1.810          -4.028         -26.807          440.043
  619 (vir)          421.608          -1.781          -3.967         -26.699          442.558
  620 (vir)          421.744          -1.895          -4.169         -27.147          442.827
  621 (vir)          421.747          -1.895          -4.169         -27.143          442.826
  622 (vir)          423.779          -2.999          -5.926         -30.810          445.665
  623 (vir)          425.283          -3.006          -5.868         -30.710          447.119
  624 (vir)          425.284          -3.006          -5.868         -30.709          447.119
  625 (vir)          425.891          -2.078          -4.529         -27.906          447.191
  626 (vir)          425.892          -2.078          -4.528         -27.905          447.191
  627 (vir)          425.999          -3.038          -5.871         -30.729          447.819
  628 (vir)          426.000          -3.038          -5.871         -30.728          447.819
  629 (vir)          427.648          -2.908          -5.763         -30.507          449.484
  630 (vir)          427.650          -2.908          -5.763         -30.505          449.483
  631 (vir)          428.051          -3.040          -5.838         -30.684          449.858
  632 (vir)          428.224          -2.987          -5.814         -30.631          450.055
  633 (vir)          429.676          -2.592          -5.298         -29.560          451.346
  634 (vir)          429.677          -2.591          -5.297         -29.557          451.346
  635 (vir)          430.365          -2.669          -5.416         -30.088          452.368
  636 (vir)          431.748          -2.706          -5.375         -30.014          453.681
  637 (vir)          431.751          -2.706          -5.375         -30.011          453.681
  638 (vir)          433.104          -1.726          -3.807         -26.403          453.974
  639 (vir)          433.891          -2.920          -5.699         -30.295          455.567
  640 (vir)          434.171          -2.694          -5.338         -29.968          456.108
  641 (vir)          434.174          -2.694          -5.338         -29.965          456.107
  642 (vir)          437.079          -2.698          -5.297         -29.915          458.999
  643 (vir)          437.235          -2.902          -5.247         -29.770          458.857
  644 (vir)          439.491          -2.899          -5.266         -29.805          461.131
  645 (vir)          439.493          -2.900          -5.266         -29.802          461.130
  646 (vir)          441.287          -2.913          -5.193         -29.717          462.897
  647 (vir)          441.290          -2.912          -5.193         -29.714          462.899
  648 (vir)          443.016          -1.920          -7.180         -30.803          464.719
  649 (vir)          447.808          -2.181          -6.199         -29.904          469.332
  650 (vir)          447.810          -2.184          -6.201         -29.903          469.328
  651 (vir)          448.240          -2.133          -5.601         -30.409          470.915
  652 (vir)          449.745          -2.806          -5.164         -29.733          471.508
  653 (vir)          450.800          -1.957          -6.430         -31.154          473.567
  654 (vir)          450.804          -1.956          -6.432         -31.152          473.568
  655 (vir)          451.531          -2.490          -5.312         -29.548          473.278
  656 (vir)          451.537          -2.489          -5.311         -29.542          473.279
  657 (vir)          453.512          -1.737          -7.648         -31.986          476.113
  658 (vir)          453.517          -1.744          -7.647         -31.980          476.107
  659 (vir)          454.652          -2.489          -5.064         -29.448          476.547
  660 (vir)          457.684          -1.586          -8.407         -32.717          480.408
  661 (vir)          739.410          -0.480         -13.193         -46.432          772.169
  662 (vir)          759.022          -0.664         -12.917         -46.194          791.634
  663 (vir)          759.026          -0.662         -12.917         -46.192          791.639
  664 (vir)          768.833          -0.714         -12.742         -46.030          801.407
  665 (vir)          768.835          -0.714         -12.742         -46.032          801.411
  666 (vir)          781.267          -0.858         -12.555         -45.855          813.710
  667 (vir)         1470.860          -1.367         -20.156         -67.365         1516.702
  668 (vir)         1474.026          -1.370         -20.124         -67.342         1519.873
  669 (vir)         1474.026          -1.370         -20.124         -67.342         1519.874
  670 (vir)         1478.370          -1.368         -20.078         -67.314         1524.237
  671 (vir)         1478.370          -1.368         -20.078         -67.314         1524.238
  672 (vir)         1487.414          -1.362         -19.987         -67.246         1533.311
  673 (vir)         3969.688          -1.816         -14.834         -94.607         4047.644
  674 (vir)         3990.015          -1.807         -14.749         -94.528         4067.987
  675 (vir)         3990.018          -1.807         -14.749         -94.528         4067.990
  676 (vir)         3997.888          -1.804         -14.714         -94.500         4075.869
  677 (vir)         3997.893          -1.804         -14.714         -94.500         4075.874
  678 (vir)         4010.340          -1.799         -14.660         -94.450         4088.331
  679 (vir)         7742.315          -1.907         -24.248        -138.420         7854.579
  680 (vir)         7746.135          -1.906         -24.237        -138.413         7858.405
  681 (vir)         7746.136          -1.906         -24.237        -138.413         7858.406
  682 (vir)         7751.155          -1.905         -24.222        -138.407         7863.434
  683 (vir)         7751.155          -1.905         -24.222        -138.407         7863.435
  684 (vir)         7762.345          -1.902         -24.189        -138.387         7874.641
