 
  kpoint:     0.0000    0.0000    0.0000
 
    n          ϵ_nk^DFT (eV)     Σ^c_nk (eV)     Σ^x_nk (eV)     v_n^xc (eV)   ϵ_nk^G0W0 (eV)
 
    1 (occ)       -10094.001          -0.390        -568.397        -351.023       -10311.765
    2 (occ)        -2738.570          -6.244        -300.470        -187.110        -2858.173
    3 (occ)        -1233.742          -3.479        -205.825        -126.183        -1316.863
    4 (occ)        -1093.428          -8.350        -199.331        -133.555        -1167.554
    5 (occ)        -1093.428          -8.350        -199.331        -133.555        -1167.554
    6 (occ)        -1093.365          -8.391        -199.388        -133.573        -1167.571
    7 (occ)         -249.033          -8.993         -97.745         -60.452         -295.319
    8 (occ)         -189.669          15.869         -89.919         -62.030         -201.690
    9 (occ)         -189.609          16.840         -89.983         -62.051         -200.701
   10 (occ)         -189.609          16.840         -89.983         -62.051         -200.701
   11 (occ)         -143.607          -4.646         -85.711         -53.788         -180.175
   12 (occ)          -98.090         -10.296         -77.177         -51.792         -133.771
   13 (occ)          -98.090         -10.296         -77.177         -51.792         -133.771
   14 (occ)          -97.913          30.385         -77.309         -51.822          -93.015
   15 (occ)          -20.464           8.191         -47.238         -35.025          -24.486
   16 (occ)          -20.151           7.324         -57.212         -43.713          -26.327
   17 (occ)          -20.151           7.324         -57.212         -43.713          -26.327
   18 (occ)          -20.029           7.897         -57.225         -43.693          -25.664
   19 (occ)          -20.029           7.897         -57.225         -43.693          -25.664
   20 (occ)          -19.107           7.962         -37.480         -27.049          -21.576
   21 (occ)          -10.218           1.600         -18.828         -14.430          -13.016
   22 (occ)           -7.578           1.560         -19.829         -15.339          -10.508
   23 (occ)           -7.578           1.560         -19.829         -15.339          -10.508
   24 (occ)           -6.512          -0.066         -16.082         -13.125           -9.536
   25 (vir)           -2.420          -1.421          -4.373          -8.174           -0.040
   26 (vir)           -2.420          -1.421          -4.373          -8.174           -0.040
   27 (vir)           -0.287          -1.184          -3.665          -6.876            1.739
   28 (vir)            1.163          -0.937          -1.864          -4.601            2.963
   29 (vir)            2.241          -0.879          -1.440          -3.974            3.897
   30 (vir)            2.241          -0.879          -1.440          -3.974            3.897
   31 (vir)            2.875          -1.412          -3.647          -7.225            5.041
   32 (vir)            3.580          -1.183          -1.812          -4.877            5.463
   33 (vir)            4.038          -1.392          -1.980          -5.678            6.344
   34 (vir)            4.038          -1.392          -1.980          -5.678            6.344
   35 (vir)            4.831          -1.822          -3.018          -7.157            7.149
   36 (vir)            4.831          -1.822          -3.018          -7.157            7.149
   37 (vir)            5.651          -1.377          -2.430          -6.059            7.904
   38 (vir)            5.651          -1.377          -2.430          -6.059            7.904
   39 (vir)            7.997          -1.778          -2.466          -6.798           10.551
   40 (vir)            8.345          -2.769          -4.230          -9.961           11.307
   41 (vir)            8.345          -2.769          -4.230          -9.961           11.307
   42 (vir)            9.802          -2.665          -4.254          -9.465           12.348
   43 (vir)           11.068          -2.650          -3.495          -9.241           14.163
   44 (vir)           11.068          -2.650          -3.495          -9.241           14.163
   45 (vir)           14.045          -0.964          -0.547          -4.895           17.428
   46 (vir)           14.045          -0.964          -0.547          -4.895           17.428
   47 (vir)           14.587          -2.014          -3.709          -8.811           17.675
   48 (vir)           15.454          -2.062          -1.379          -6.592           18.606
   49 (vir)           15.454          -2.062          -1.379          -6.592           18.606
   50 (vir)           16.609          -1.969          -2.870          -8.104           19.875
   51 (vir)           17.377          -1.952          -4.137         -10.337           21.625
   52 (vir)           17.377          -1.952          -4.137         -10.337           21.625
   53 (vir)           17.721          -1.999          -3.923          -9.870           21.669
   54 (vir)           19.994          -1.520          -2.030          -7.454           23.897
   55 (vir)           19.994          -1.520          -2.030          -7.454           23.897
   56 (vir)           20.376          -1.595          -4.441         -10.581           24.921
   57 (vir)           20.376          -1.595          -4.441         -10.581           24.921
   58 (vir)           21.044          -2.238          -4.855         -11.746           25.697
   59 (vir)           21.044          -2.238          -4.855         -11.746           25.697
   60 (vir)           21.106          -2.500          -3.275          -9.716           25.048
   61 (vir)           26.045          -2.424          -5.180         -12.424           30.865
   62 (vir)           29.970          -1.475          -4.062         -11.598           36.032
   63 (vir)           29.970          -1.475          -4.062         -11.598           36.032
   64 (vir)           30.486          -2.616          -4.143         -13.332           37.059
   65 (vir)           30.486          -2.616          -4.143         -13.332           37.059
   66 (vir)           32.125           0.211          -3.359         -11.830           40.807
   67 (vir)           32.170          -2.604          -3.413         -11.911           38.063
   68 (vir)           32.170          -2.604          -3.413         -11.911           38.063
   69 (vir)           34.410           0.924          -2.258         -10.440           43.515
   70 (vir)           34.410           0.924          -2.258         -10.440           43.515
   71 (vir)           35.554          -1.084          -2.273         -10.495           42.692
   72 (vir)           35.554          -1.084          -2.273         -10.495           42.692
   73 (vir)           38.476          -0.942          -3.493         -11.548           45.589
   74 (vir)           41.212          -2.638          -2.959         -11.803           47.418
   75 (vir)           41.212          -2.638          -2.959         -11.803           47.418
   76 (vir)           44.855          -1.913          -2.009          -9.791           50.725
   77 (vir)           44.855          -1.913          -2.009          -9.791           50.725
   78 (vir)           45.182          -2.738          -2.173         -10.249           50.520
   79 (vir)           45.182          -2.738          -2.173         -10.249           50.520
   80 (vir)           46.033          -0.425          -0.729          -7.713           52.593
   81 (vir)           46.033          -0.425          -0.729          -7.713           52.593
   82 (vir)           46.608          -2.960          -0.923          -8.300           51.025
   83 (vir)           46.608          -2.960          -0.923          -8.300           51.025
   84 (vir)           46.843          -2.665          -3.139         -11.872           52.912
   85 (vir)           49.811          -0.834          -2.147         -10.679           57.508
   86 (vir)           49.811          -0.834          -2.147         -10.679           57.508
   87 (vir)           52.189          -1.333          -1.210          -9.250           58.896
   88 (vir)           52.189          -1.333          -1.210          -9.250           58.896
   89 (vir)           52.198          -1.345          -3.553         -12.342           59.642
   90 (vir)           58.518          -8.774          -3.634         -12.874           58.983
   91 (vir)           59.058         -11.171          -6.419         -16.747           58.215
   92 (vir)           59.354           0.428          -2.971         -11.878           68.689
   93 (vir)           59.354           0.428          -2.971         -11.878           68.689
   94 (vir)           70.102           1.838         -10.482         -22.982           84.440
   95 (vir)           70.102           1.838         -10.482         -22.982           84.440
   96 (vir)           74.711           1.772          -8.859         -21.202           88.826
   97 (vir)           74.711           1.772          -8.859         -21.202           88.826
   98 (vir)           79.176           1.540          -9.230         -21.951           93.436
   99 (vir)           85.766         -13.504          -5.597         -18.728           85.393
  100 (vir)           85.766         -13.504          -5.597         -18.728           85.393
  101 (vir)           89.643         -12.732          -5.387         -18.438           89.961
  102 (vir)           89.643         -12.732          -5.387         -18.438           89.961
  103 (vir)           90.485          -8.120          -6.253         -19.302           95.415
  104 (vir)           95.523           3.110          -2.125         -14.289          110.798
  105 (vir)           95.523           3.110          -2.125         -14.289          110.798
  106 (vir)           95.739           3.157          -2.134         -14.319          111.081
  107 (vir)           95.739           3.157          -2.134         -14.319          111.081
  108 (vir)           96.285           1.420          -7.569         -20.718          110.855
  109 (vir)           97.855           3.117          -2.260         -14.626          113.338
  110 (vir)           97.855           3.117          -2.260         -14.626          113.338
  111 (vir)          100.916           3.378          -2.717         -15.519          117.096
  112 (vir)          100.916           3.378          -2.717         -15.519          117.096
  113 (vir)          103.578           6.048          -9.162         -23.674          124.137
  114 (vir)          103.578           6.048          -9.162         -23.674          124.137
  115 (vir)          103.733           3.462          -6.097         -19.753          120.852
  116 (vir)          104.330           6.723          -2.968         -16.534          124.620
  117 (vir)          104.330           6.723          -2.968         -16.534          124.620
  118 (vir)          107.892           4.522          -2.746         -16.125          125.793
  119 (vir)          107.892           4.522          -2.746         -16.125          125.793
  120 (vir)          111.777           3.179          -8.150         -22.558          129.365
  121 (vir)          117.618           3.193          -3.084         -16.320          134.047
  122 (vir)          117.618           3.193          -3.084         -16.320          134.047
  123 (vir)          125.213           3.616          -6.008         -20.497          143.318
  124 (vir)          157.239           2.133         -21.752         -43.099          180.720
  125 (vir)          157.239           2.133         -21.752         -43.099          180.720
  126 (vir)          181.004           2.165         -18.714         -39.586          204.042
  127 (vir)          223.760           1.281         -12.727         -30.940          243.254
  128 (vir)          285.182           1.233         -14.980         -37.652          309.086
  129 (vir)          285.182           1.233         -14.980         -37.652          309.086
  130 (vir)          287.932           1.193         -14.847         -37.505          311.783
  131 (vir)          287.932           1.193         -14.847         -37.505          311.783
  132 (vir)          291.342           1.537         -14.712         -37.371          315.537
  133 (vir)          417.740           1.225         -22.030         -49.880          446.814
  134 (vir)          770.660           1.674         -21.040         -55.452          806.747
  135 (vir)         1125.533           2.763         -37.593         -90.528         1181.232
  136 (vir)         1125.533           2.763         -37.593         -90.528         1181.232
  137 (vir)         1126.825           2.819         -37.398         -90.292         1182.539
  138 (vir)         1456.840           1.749         -34.297         -83.627         1507.918
  139 (vir)         2656.391           2.647         -35.517        -100.804         2724.325
  140 (vir)         4824.799           0.178         -41.164        -126.682         4910.495
  141 (vir)         4824.799           0.178         -41.164        -126.682         4910.495
  142 (vir)         4872.989           0.197         -41.993        -128.250         4959.443
  143 (vir)         4951.098           0.403         -59.260        -151.854         5044.096
  144 (vir)        14256.034           1.213         -55.473        -224.074        14425.849
  145 (vir)        30602.161           0.023        -114.956        -372.330        30859.558
