 
  kpoint:     0.0000    0.0000    0.0000
 
    n          ϵ_nk^DFT (eV)     Σ^c_nk (eV)     Σ^x_nk (eV)     v_n^xc (eV)   ϵ_nk^G0W0 (eV)
 
    1 (occ)       -13085.843           3.239        -645.674        -398.174       -13330.105
    2 (occ)        -3506.143           2.014        -338.661        -210.461        -3632.329
    3 (occ)        -1678.517           3.900        -238.776        -145.989        -1767.403
    4 (occ)        -1512.862           0.486        -232.569        -154.721        -1590.223
    5 (occ)        -1512.857           0.440        -232.575        -154.723        -1590.269
    6 (occ)        -1512.857           0.440        -232.575        -154.723        -1590.269
    7 (occ)         -350.971           1.615        -112.586         -69.415         -392.528
    8 (occ)         -280.454          -0.439        -105.114         -72.036         -313.971
    9 (occ)         -280.454          -0.439        -105.114         -72.036         -313.971
   10 (occ)         -280.441          -0.461        -105.121         -72.033         -313.990
   11 (occ)         -225.550          11.977        -103.616         -64.372         -252.818
   12 (occ)         -167.570          10.006         -95.194         -63.021         -189.737
   13 (occ)         -167.551           9.998         -95.203         -63.025         -189.732
   14 (occ)         -167.551           9.998         -95.203         -63.025         -189.732
   15 (occ)          -64.251           9.897         -77.955         -58.382          -73.926
   16 (occ)          -64.244           9.928         -77.958         -58.384          -73.890
   17 (occ)          -64.244           9.928         -77.958         -58.384          -73.890
   18 (occ)          -64.228           9.929         -77.964         -58.389          -73.875
   19 (occ)          -64.228           9.929         -77.964         -58.389          -73.875
   20 (occ)          -35.254           8.693         -35.715         -23.509          -38.767
   21 (occ)          -19.094           2.182         -27.686         -20.851          -23.748
   22 (occ)          -19.094           2.182         -27.686         -20.851          -23.748
   23 (occ)          -19.046           2.439         -27.690         -20.713          -23.583
   24 (occ)          -15.745           5.541         -26.483         -18.524          -18.163
   25 (occ)           -4.977           1.545         -18.458         -14.544           -7.346
   26 (occ)           -4.709           1.439         -18.145         -14.130           -7.286
   27 (occ)           -4.709           1.439         -18.145         -14.130           -7.286
   28 (vir)           -1.896          -0.630          -1.322          -3.531           -0.317
   29 (vir)           -0.336          -0.328          -0.566          -1.976            0.745
   30 (vir)           -0.336          -0.328          -0.566          -1.976            0.745
   31 (vir)           -0.091          -0.441          -0.751          -2.494            1.211
   32 (vir)            0.658          -0.245          -0.451          -1.453            1.415
   33 (vir)            1.101          -0.267          -0.601          -1.821            2.054
   34 (vir)            1.101          -0.267          -0.601          -1.821            2.054
   35 (vir)            1.141          -0.741          -1.694          -4.775            3.481
   36 (vir)            1.141          -0.741          -1.694          -4.775            3.481
   37 (vir)            1.254          -0.429          -0.912          -2.720            2.633
   38 (vir)            1.729          -0.838          -2.494          -5.649            4.046
   39 (vir)            1.729          -0.838          -2.494          -5.649            4.046
   40 (vir)            2.987          -0.618          -1.496          -3.801            4.674
   41 (vir)            4.512          -0.776          -1.933          -4.791            6.594
   42 (vir)            4.870          -0.553          -1.011          -3.025            6.330
   43 (vir)            4.870          -0.553          -1.011          -3.025            6.330
   44 (vir)            5.284          -1.201          -3.454          -7.860            8.488
   45 (vir)            5.284          -1.201          -3.454          -7.860            8.488
   46 (vir)            5.330          -1.198          -3.832          -8.515            8.815
   47 (vir)            5.330          -1.198          -3.832          -8.514            8.815
   48 (vir)            5.369          -1.015          -2.420          -5.686            7.620
   49 (vir)            5.785          -1.084          -3.238          -7.143            8.605
   50 (vir)            7.040          -1.067          -2.668          -6.201            9.507
   51 (vir)            7.040          -1.067          -2.668          -6.201            9.507
   52 (vir)            7.329          -1.433          -3.306          -7.074            9.665
   53 (vir)           10.133          -2.202          -5.228         -10.592           13.294
   54 (vir)           10.133          -2.202          -5.228         -10.592           13.294
   55 (vir)           11.126          -2.193          -5.118         -10.707           14.521
   56 (vir)           11.126          -2.193          -5.118         -10.707           14.521
   57 (vir)           11.875          -1.905          -4.236          -9.208           14.942
   58 (vir)           14.548          -1.734          -3.833          -8.861           17.843
   59 (vir)           16.695          -1.713          -3.549          -8.704           20.138
   60 (vir)           16.695          -1.713          -3.549          -8.704           20.138
   61 (vir)           18.668          -2.360          -4.520         -11.048           22.836
   62 (vir)           20.153          -2.293          -1.321          -7.028           23.567
   63 (vir)           20.153          -2.293          -1.321          -7.028           23.567
   64 (vir)           20.307          -1.983          -0.920          -6.306           23.711
   65 (vir)           20.307          -1.983          -0.920          -6.306           23.711
   66 (vir)           20.688          -2.614          -4.239         -11.541           25.376
   67 (vir)           20.688          -2.614          -4.239         -11.540           25.376
   68 (vir)           20.853          -2.623          -3.705         -10.752           25.276
   69 (vir)           20.853          -2.623          -3.705         -10.752           25.276
   70 (vir)           20.975          -2.363          -2.458          -8.657           24.811
   71 (vir)           22.101          -3.027          -2.552          -9.243           25.765
   72 (vir)           22.101          -3.027          -2.552          -9.243           25.765
   73 (vir)           25.623          -2.664          -3.915         -10.787           29.829
   74 (vir)           27.902          -4.830          -2.369          -9.946           30.648
   75 (vir)           27.902          -4.830          -2.369          -9.946           30.648
   76 (vir)           27.971          -2.561          -4.698         -12.087           32.799
   77 (vir)           28.830          -3.221          -2.327          -9.895           33.177
   78 (vir)           28.830          -3.221          -2.327          -9.895           33.177
   79 (vir)           29.854          -3.104          -4.881         -12.470           34.338
   80 (vir)           29.854          -3.104          -4.881         -12.470           34.338
   81 (vir)           31.012          -3.489          -3.442         -10.824           34.906
   82 (vir)           33.205          -3.100          -3.655         -11.615           38.065
   83 (vir)           33.205          -3.100          -3.655         -11.615           38.065
   84 (vir)           38.890          -2.139          -5.997         -14.831           45.585
   85 (vir)           39.891          -2.387          -7.432         -17.028           47.101
   86 (vir)           39.891          -2.387          -7.432         -17.028           47.101
   87 (vir)           43.377          -1.612          -6.366         -15.825           51.224
   88 (vir)           43.377          -1.612          -6.366         -15.825           51.224
   89 (vir)           51.243          -1.075          -6.386         -15.959           59.741
   90 (vir)           53.344          -1.054          -5.667         -15.159           61.783
   91 (vir)           73.632           1.037          -2.308         -13.394           85.754
   92 (vir)           73.632           1.037          -2.308         -13.394           85.754
   93 (vir)           73.660           1.196          -2.175         -13.172           85.853
   94 (vir)           73.660           1.196          -2.175         -13.172           85.853
   95 (vir)           73.775           1.001          -2.156         -13.140           85.760
   96 (vir)           73.775           1.001          -2.156         -13.140           85.760
   97 (vir)           73.806           0.829          -2.613         -13.755           85.777
   98 (vir)           73.806           0.829          -2.613         -13.755           85.777
   99 (vir)           73.874           0.891          -2.660         -13.805           85.910
  100 (vir)           74.718          -1.010          -3.993         -15.655           85.370
  101 (vir)           74.718          -1.010          -3.993         -15.655           85.370
  102 (vir)           74.890          -0.022          -4.085         -15.933           86.717
  103 (vir)           74.890          -0.022          -4.085         -15.933           86.717
  104 (vir)           76.235           0.425          -4.722         -17.338           89.276
  105 (vir)           76.939           1.062          -4.587         -17.532           90.946
  106 (vir)           76.939           1.061          -4.587         -17.532           90.946
  107 (vir)           76.981           1.346          -4.814         -18.018           91.530
  108 (vir)           76.981           1.346          -4.814         -18.018           91.530
  109 (vir)           78.859           0.283          -3.949         -15.975           91.169
  110 (vir)           78.859           0.283          -3.949         -15.975           91.169
  111 (vir)           83.599           0.475          -4.527         -17.101           96.647
  112 (vir)          106.757          -0.143          -9.989         -23.996          120.620
  113 (vir)          106.757          -0.143          -9.989         -23.996          120.620
  114 (vir)          108.069          -0.028          -9.152         -22.441          121.330
  115 (vir)          113.214          -0.972          -9.227         -23.079          126.094
  116 (vir)          133.632          -2.224         -14.533         -32.392          149.267
  117 (vir)          133.632          -2.224         -14.533         -32.392          149.267
  118 (vir)          135.626          -2.338         -14.374         -32.225          151.139
  119 (vir)          135.626          -2.338         -14.374         -32.225          151.139
  120 (vir)          141.123          -2.302         -13.773         -31.495          156.543
  121 (vir)          209.288          -1.210         -16.635         -35.964          227.407
  122 (vir)          366.583          -1.731         -24.910         -53.839          393.781
  123 (vir)          366.583          -1.731         -24.910         -53.839          393.781
  124 (vir)          370.510          -1.912         -24.760         -53.712          397.550
  125 (vir)          385.162          -0.424         -16.146         -39.979          408.571
  126 (vir)          778.751          -0.309         -28.910         -66.387          815.918
  127 (vir)         1336.812          -0.382         -31.154         -78.478         1383.753
  128 (vir)         2560.971          -1.674         -44.110        -109.687         2624.874
  129 (vir)         8721.834          -1.501         -75.093        -197.749         8842.990
  130 (vir)         9281.081          -0.987         -70.554        -213.804         9423.345
  131 (vir)        49414.222          -1.688        -124.949        -446.135        49733.720
