 
  kpoint:     0.0000    0.0000    0.0000
 
    n          ϵ_nk^DFT (eV)     Σ^c_nk (eV)     Σ^x_nk (eV)     v_n^xc (eV)   ϵ_nk^G0W0 (eV)
 
    1 (occ)       -13089.196          -0.225        -645.679        -398.176       -13336.925
    2 (occ)        -1681.930          -5.182        -238.779        -145.990        -1779.901
    3 (occ)        -1516.310         -13.696        -232.529        -154.710        -1607.824
    4 (occ)        -1516.247         -13.828        -232.598        -154.730        -1607.942
    5 (occ)        -1516.229         -13.849        -232.617        -154.736        -1607.959
    6 (occ)         -270.110          -4.981         -96.927         -61.563         -310.455
    7 (occ)         -268.963           1.409         -96.908         -61.554         -302.908
    8 (occ)         -229.084          -5.596        -103.617         -64.367         -273.931
    9 (occ)         -171.271          22.001         -95.100         -62.984         -181.387
   10 (occ)         -171.027          22.051         -95.241         -63.029         -181.188
   11 (occ)         -170.979          22.188         -95.279         -63.038         -181.033
   12 (occ)          -67.955          10.334         -77.854         -58.285          -77.189
   13 (occ)          -67.868          10.296         -77.906         -58.340          -77.137
   14 (occ)          -67.836          10.288         -77.913         -58.348          -77.113
   15 (occ)          -67.643          10.350         -77.996         -58.406          -76.883
   16 (occ)          -67.642          10.348         -77.998         -58.407          -76.885
   17 (occ)          -22.509           6.289         -27.611         -18.484          -25.347
   18 (occ)          -18.029           5.244         -25.823         -17.464          -21.145
   19 (occ)          -14.343           3.213         -22.654         -15.942          -17.841
   20 (occ)          -12.115           2.198         -21.056         -15.400          -15.572
   21 (occ)          -11.084           1.667         -21.619         -16.422          -14.615
   22 (occ)           -9.448           1.334         -18.962         -14.479          -12.597
   23 (occ)           -9.108           1.131         -19.790         -14.989          -12.779
   24 (occ)           -6.917           0.771         -19.538         -15.400          -10.283
   25 (occ)           -5.842          -0.095         -17.301         -14.271           -8.967
   26 (vir)           -1.315          -2.331          -7.372         -12.379            1.361
   27 (vir)            0.309          -1.355          -2.986          -6.474            2.441
   28 (vir)            0.909          -1.524          -3.780          -7.484            3.089
   29 (vir)            1.038          -1.322          -2.636          -6.057            3.136
   30 (vir)            1.559          -1.035          -1.816          -4.769            3.476
   31 (vir)            3.017          -1.177          -1.595          -4.744            4.990
   32 (vir)            3.073          -1.151          -1.777          -4.849            4.995
   33 (vir)            3.406          -1.212          -1.864          -5.142            5.472
   34 (vir)            3.745          -1.481          -2.571          -6.370            6.062
   35 (vir)            4.356          -1.350          -2.077          -5.532            6.461
   36 (vir)            4.509          -1.340          -2.955          -6.697            6.910
   37 (vir)            5.109          -1.449          -2.673          -6.449            7.436
   38 (vir)            5.511          -1.987          -4.498          -8.932            7.958
   39 (vir)            5.904          -1.698          -3.097          -7.079            8.188
   40 (vir)            6.859          -2.103          -3.879          -8.515            9.391
   41 (vir)            7.233          -2.245          -4.191          -9.176            9.973
   42 (vir)            7.445          -1.898          -2.732          -6.723            9.537
   43 (vir)            8.456          -1.460          -1.786          -5.258           10.468
   44 (vir)            8.854          -2.614          -4.827         -10.424           11.837
   45 (vir)            8.889          -2.044          -2.700          -6.907           11.051
   46 (vir)            9.535          -2.872          -4.664         -10.370           12.369
   47 (vir)           10.553          -2.084          -2.627          -6.971           12.814
   48 (vir)           11.134          -2.454          -3.335          -8.313           13.658
   49 (vir)           12.163          -2.971          -3.099          -8.601           14.695
   50 (vir)           12.425          -1.854          -2.585          -6.814           14.800
   51 (vir)           13.338          -2.796          -3.418          -8.765           15.889
   52 (vir)           13.431          -2.510          -2.736          -8.257           16.442
   53 (vir)           14.653          -2.621          -2.844          -7.953           17.141
   54 (vir)           16.375          -2.675          -2.334          -7.468           18.834
   55 (vir)           17.479          -3.009          -2.151          -7.624           19.943
   56 (vir)           17.851          -3.451          -2.505          -8.700           20.595
   57 (vir)           18.351          -4.459          -3.495         -10.383           20.779
   58 (vir)           18.803          -3.893          -3.943         -10.654           21.620
   59 (vir)           19.231          -3.827          -2.527          -9.087           21.964
   60 (vir)           19.405          -2.781          -1.411          -6.842           22.056
   61 (vir)           20.174          -3.201          -3.243          -9.171           22.901
   62 (vir)           20.217          -3.041          -1.472          -7.065           22.768
   63 (vir)           20.890          -3.273          -2.432          -8.497           23.682
   64 (vir)           21.387          -2.791          -2.170          -7.737           24.163
   65 (vir)           21.885          -3.167          -1.447          -7.208           24.479
   66 (vir)           21.952          -3.065          -2.040          -8.089           24.937
   67 (vir)           22.539          -2.948          -1.705          -7.555           25.441
   68 (vir)           22.571          -3.102          -2.559          -8.543           25.453
   69 (vir)           24.444          -3.306          -2.622          -8.969           27.486
   70 (vir)           25.128          -2.983          -2.766          -8.932           28.310
   71 (vir)           25.989          -3.234          -2.945         -10.047           29.858
   72 (vir)           26.439          -2.641          -2.435          -8.317           29.680
   73 (vir)           27.005          -3.396          -2.013          -8.548           30.144
   74 (vir)           27.075          -3.436          -2.489          -9.768           30.918
   75 (vir)           27.427          -2.998          -2.031          -8.131           30.529
   76 (vir)           27.998          -2.766          -3.710         -10.446           31.968
   77 (vir)           28.764          -3.321          -3.080          -9.756           32.119
   78 (vir)           30.214          -3.158          -1.841          -8.220           33.435
   79 (vir)           31.871          -3.774          -2.750         -10.274           35.621
   80 (vir)           32.042          -2.870          -1.946          -8.173           35.400
   81 (vir)           32.428          -3.612          -2.700         -10.324           36.441
   82 (vir)           32.647          -2.790          -2.286          -8.568           36.139
   83 (vir)           33.984          -3.194          -3.713         -11.294           38.371
   84 (vir)           34.554          -3.156          -2.456          -9.180           38.121
   85 (vir)           37.097          -3.575          -4.244         -12.410           41.689
   86 (vir)           37.208          -3.079          -6.253         -15.350           43.225
   87 (vir)           38.497          -3.265          -2.459          -9.555           42.329
   88 (vir)           39.006          -3.752          -5.178         -13.677           43.754
   89 (vir)           39.945          -3.636          -6.237         -15.634           45.706
   90 (vir)           41.201          -2.626          -4.423         -13.015           47.167
   91 (vir)           41.246          -3.141          -3.019         -10.855           45.942
   92 (vir)           43.546          -2.488          -2.397         -10.245           48.906
   93 (vir)           44.018          -8.400          -3.150         -11.691           44.159
   94 (vir)           44.694          -2.937          -3.270         -12.022           50.508
   95 (vir)           45.157          -1.993          -2.677         -10.687           51.174
   96 (vir)           45.871          -2.327          -2.934         -10.910           51.519
   97 (vir)           47.039          -4.402          -3.177         -11.710           51.170
   98 (vir)           47.081          -2.068          -2.544         -10.602           53.071
   99 (vir)           48.169          -7.174          -2.269         -10.923           49.648
  100 (vir)           49.258          -8.318          -2.093         -10.385           49.232
  101 (vir)           49.279          -6.122          -2.791         -10.860           51.227
  102 (vir)           49.834          -3.743          -2.837         -11.515           54.768
  103 (vir)           50.395          -7.951          -2.191         -10.775           51.027
  104 (vir)           51.466          -3.118          -2.641         -11.430           57.137
  105 (vir)           52.533          -0.808          -3.035         -11.864           60.554
  106 (vir)           52.540          -9.589          -2.065         -10.777           51.663
  107 (vir)           54.783          -5.887          -1.419          -9.704           57.181
  108 (vir)           55.316          -7.315          -2.344         -11.064           56.720
  109 (vir)           55.490           0.525          -1.575         -10.058           64.497
  110 (vir)           55.963          -7.306          -2.126         -10.882           57.413
  111 (vir)           56.397          -9.856          -2.722         -11.855           55.675
  112 (vir)           59.633         -10.221          -1.894         -10.723           58.241
  113 (vir)           60.079          -2.810          -2.547         -11.643           66.365
  114 (vir)           60.604          -9.769          -3.437         -12.626           60.024
  115 (vir)           61.922         -12.508          -2.640         -11.939           58.713
  116 (vir)           63.094         -11.232          -1.724         -10.516           60.653
  117 (vir)           63.719           6.881          -1.875         -10.643           79.368
  118 (vir)           63.760           5.357          -1.410          -9.815           77.522
  119 (vir)           64.314         -13.082          -3.012         -13.487           61.707
  120 (vir)           65.707          -6.554          -2.112         -11.184           68.225
  121 (vir)           66.347          -9.060          -2.171         -11.041           66.157
  122 (vir)           66.403          -6.119          -1.372          -9.945           68.857
  123 (vir)           66.915          -6.124          -2.028         -10.994           69.758
  124 (vir)           67.512           0.840          -1.722         -10.819           77.448
  125 (vir)           69.092          -2.824          -1.704         -10.579           75.143
  126 (vir)           69.332          -2.769          -2.467         -12.257           76.353
  127 (vir)           69.357          -4.692          -3.599         -14.886           75.953
  128 (vir)           70.985          -0.231          -2.365         -12.892           81.281
  129 (vir)           71.020           0.765          -2.114         -12.824           82.496
  130 (vir)           71.167          -5.761          -1.703         -10.636           74.339
  131 (vir)           71.537          -2.471          -3.330         -14.523           80.259
  132 (vir)           72.402          -6.149          -2.301         -11.688           75.640
  133 (vir)           73.088          -2.868          -2.399         -12.275           80.096
  134 (vir)           73.560          -3.987          -2.403         -12.406           79.577
  135 (vir)           73.848          -4.069          -2.386         -12.262           79.655
  136 (vir)           74.343          -2.172          -2.840         -13.663           82.995
  137 (vir)           75.635         -10.503          -2.625         -12.431           74.937
  138 (vir)           76.391          -3.546          -2.449         -12.182           82.578
  139 (vir)           76.871          -3.522          -2.863         -13.513           83.999
  140 (vir)           77.522          -3.579          -3.358         -14.186           84.770
  141 (vir)           77.874          -1.747          -2.545         -13.142           86.724
  142 (vir)           78.048          -5.797          -2.021         -11.775           82.005
  143 (vir)           82.985          -1.990          -2.670         -12.697           91.022
  144 (vir)           83.812          -2.297          -2.188         -12.479           91.806
  145 (vir)           84.909          -1.088          -2.649         -12.902           94.074
  146 (vir)           86.461          -0.367          -2.327         -12.537           96.304
  147 (vir)           88.453          -0.172          -2.555         -13.149           98.874
  148 (vir)           88.790          -2.049          -2.006         -12.751           97.484
  149 (vir)           89.656           0.146          -2.298         -12.594          100.098
  150 (vir)           91.509          -2.021          -1.750         -11.880           99.618
  151 (vir)           91.526           1.476          -2.885         -14.024          104.140
  152 (vir)           92.653           0.895          -2.715         -13.799          104.632
  153 (vir)           94.722          -0.854          -2.071         -12.341          104.138
  154 (vir)           95.753           1.118          -2.926         -14.460          108.406
  155 (vir)           95.881          -0.853          -2.957         -14.682          106.753
  156 (vir)           98.128           0.791          -2.975         -14.265          110.209
  157 (vir)           99.619           0.546          -2.628         -13.964          111.500
  158 (vir)          100.071           1.021          -4.284         -16.159          112.967
  159 (vir)          101.137           1.103          -2.990         -14.008          113.258
  160 (vir)          102.682           2.017          -3.193         -14.899          116.405
  161 (vir)          103.262           2.491          -3.789         -15.414          117.377
  162 (vir)          103.711           2.072          -3.611         -15.473          117.645
  163 (vir)          106.138           0.612          -3.022         -14.496          118.225
  164 (vir)          106.766           3.040          -7.828         -21.335          123.313
  165 (vir)          107.472           2.348          -6.297         -19.247          122.771
  166 (vir)          109.659           1.980          -3.553         -15.403          123.488
  167 (vir)          116.880           2.251          -3.062         -14.659          130.727
  168 (vir)          118.530           0.598          -5.967         -19.182          132.343
  169 (vir)          124.207           2.771          -5.459         -18.890          140.408
  170 (vir)          129.598           4.240          -4.569         -18.370          147.638
  171 (vir)          130.314          -0.605         -10.463         -26.577          145.822
  172 (vir)          131.031           3.895          -2.565         -15.395          147.757
  173 (vir)          132.190           1.910          -8.526         -23.862          149.436
  174 (vir)          132.534           3.722          -3.336         -16.613          149.533
  175 (vir)          134.814           2.868          -2.563         -15.296          150.415
  176 (vir)          134.924           1.821          -9.225         -24.928          152.448
  177 (vir)          136.056           3.054          -6.026         -20.473          153.557
  178 (vir)          136.211           3.380          -3.665         -17.006          152.932
  179 (vir)          137.664           1.968          -3.959         -17.501          153.175
  180 (vir)          143.178           3.473          -7.810         -23.341          162.182
  181 (vir)          143.671           0.525          -1.745         -14.116          156.567
  182 (vir)          146.093           1.842          -1.874         -14.629          160.690
  183 (vir)          146.976           0.934          -2.052         -14.806          160.664
  184 (vir)          147.908           2.227          -2.466         -15.677          163.345
  185 (vir)          149.783           1.405          -1.886         -14.637          163.939
  186 (vir)          149.837           2.194          -2.007         -14.578          164.603
  187 (vir)          151.993          -0.111          -2.432         -15.970          165.421
  188 (vir)          152.542           2.164          -4.203         -18.564          169.067
  189 (vir)          154.237           1.514          -1.752         -14.526          168.525
  190 (vir)          154.775           1.862          -2.250         -15.495          169.881
  191 (vir)          157.076           1.438          -1.945         -14.489          171.058
  192 (vir)          158.330           1.772          -2.093         -14.846          172.854
  193 (vir)          159.037           1.317          -3.187         -17.013          174.179
  194 (vir)          160.687           1.363          -1.110         -12.533          173.473
  195 (vir)          160.913          -2.164          -3.240         -16.846          172.356
  196 (vir)          161.833           0.519          -2.431         -15.589          175.511
  197 (vir)          162.376           1.860          -1.471         -13.298          176.063
  198 (vir)          163.120           0.603          -1.157         -12.611          175.177
  199 (vir)          164.347          -0.495          -2.024         -15.303          177.132
  200 (vir)          165.497           0.706          -1.641         -14.505          179.067
  201 (vir)          166.046           1.971          -1.658         -14.242          180.601
  202 (vir)          166.839           1.380          -1.765         -14.377          180.831
  203 (vir)          166.853           1.415          -1.661         -14.564          181.171
  204 (vir)          168.246           1.404          -1.928         -14.262          181.984
  205 (vir)          168.530           0.875          -1.801         -14.802          182.408
  206 (vir)          172.361           0.655          -2.224         -15.694          186.485
  207 (vir)          172.702           0.939          -2.288         -15.895          187.248
  208 (vir)          173.519           0.509          -1.919         -15.856          187.964
  209 (vir)          174.266           1.479          -2.407         -16.169          189.507
  210 (vir)          175.694           0.668          -1.886         -14.967          189.443
  211 (vir)          179.539           0.714          -2.433         -15.935          193.755
  212 (vir)          180.820           0.483          -1.940         -15.800          195.163
  213 (vir)          183.756          -3.110          -1.670         -15.366          194.343
  214 (vir)          184.624           0.901          -2.253         -16.068          199.340
  215 (vir)          185.076           0.870          -1.679         -15.212          199.478
  216 (vir)          185.661           1.035          -2.927         -16.469          200.238
  217 (vir)          187.969           1.437          -2.436         -16.510          203.480
  218 (vir)          190.496           0.598          -2.704         -16.354          204.744
  219 (vir)          190.704          -0.096          -2.150         -16.390          204.849
  220 (vir)          195.604          -2.696          -2.620         -16.465          206.753
  221 (vir)          197.224           4.909          -1.090         -13.521          214.564
  222 (vir)          198.293          -2.244          -1.505         -14.230          208.774
  223 (vir)          199.378           0.602          -1.788         -14.883          213.075
  224 (vir)          199.968           0.870          -1.080         -13.447          213.205
  225 (vir)          203.072           1.946          -0.970         -13.126          217.173
  226 (vir)          203.310           2.485          -1.001         -13.296          218.091
  227 (vir)          204.466          -0.073          -2.003         -15.172          217.561
  228 (vir)          204.721           2.661          -0.900         -12.855          219.336
  229 (vir)          204.842          -0.241          -1.389         -14.174          217.385
  230 (vir)          206.025          -1.255          -2.094         -15.075          217.749
  231 (vir)          208.233          -5.228          -1.998         -14.924          215.931
  232 (vir)          211.454          -0.526          -2.289         -15.663          224.302
  233 (vir)          213.458           0.890          -3.413         -17.804          228.739
  234 (vir)          214.050           2.310          -0.940         -13.159          228.579
  235 (vir)          215.826           0.342          -2.379         -15.612          229.400
  236 (vir)          217.182          -0.646          -1.765         -14.721          229.491
  237 (vir)          219.180           3.373          -0.939         -13.622          235.236
  238 (vir)          219.684          -0.567          -1.515         -14.097          231.699
  239 (vir)          220.037          -0.360          -1.281         -14.199          232.595
  240 (vir)          220.641          -0.956          -1.599         -14.509          232.594
  241 (vir)          221.728           3.103          -0.818         -13.013          237.026
  242 (vir)          223.626           0.774          -2.554         -16.939          238.785
  243 (vir)          226.219           1.645          -2.457         -17.199          242.606
  244 (vir)          226.520          -5.867          -0.908         -13.303          233.047
  245 (vir)          226.881           3.339          -1.027         -13.780          242.974
  246 (vir)          228.028           1.076          -2.498         -16.622          243.228
  247 (vir)          229.590          -6.554          -0.904         -13.346          235.477
  248 (vir)          232.980           1.163          -1.403         -15.468          248.209
  249 (vir)          235.751           0.490          -9.869         -27.662          254.033
  250 (vir)          236.229           1.557          -1.274         -15.101          251.613
  251 (vir)          237.824           3.111          -0.978         -14.019          253.977
  252 (vir)          240.477           1.625          -1.916         -15.763          255.948
  253 (vir)          243.898           1.702          -1.742         -15.547          259.405
  254 (vir)          247.194           2.103          -1.254         -14.582          262.626
  255 (vir)          256.185           2.454          -1.899         -17.001          273.741
  256 (vir)          262.695           0.047          -1.064         -14.913          276.591
  257 (vir)          263.157           2.529          -1.276         -15.280          279.691
  258 (vir)          264.236           1.087          -1.501         -16.131          279.953
  259 (vir)          267.894           0.057          -1.012         -14.801          281.739
  260 (vir)          269.876           2.279          -1.590         -16.565          287.130
  261 (vir)          272.251           2.410          -1.350         -15.934          289.245
  262 (vir)          273.524           0.357          -1.029         -14.878          287.730
  263 (vir)          283.445           1.781          -3.974         -21.117          302.369
  264 (vir)          296.907           1.706          -1.653         -16.725          313.685
  265 (vir)          297.176           1.977          -1.305         -16.114          313.961
  266 (vir)          314.223           1.719          -1.550         -16.571          330.962
  267 (vir)          343.840           1.816          -2.203         -18.272          361.724
  268 (vir)          350.353           1.996          -2.569         -19.027          368.808
  269 (vir)          364.484           1.549         -24.899         -53.803          394.937
  270 (vir)          367.012           1.482         -24.724         -53.578          397.348
  271 (vir)          381.469           0.118         -24.185         -53.225          410.627
  272 (vir)          761.800           1.246         -13.049         -46.368          796.366
  273 (vir)          786.514           1.251         -13.665         -47.221          821.321
  274 (vir)          796.369           1.579         -27.238         -64.492          835.201
  275 (vir)         2575.809           1.349         -43.937        -109.577         2642.798
  276 (vir)         3992.597           1.367         -14.767         -94.567         4073.764
  277 (vir)         4018.189           1.399         -14.662         -94.470         4099.396
  278 (vir)         8735.663           0.197         -75.014        -197.701         8858.548
  279 (vir)        49442.606           0.007        -124.919        -446.168        49763.862
