 
  kpoint:     0.0000    0.0000    0.0000
 
    n          ϵ_nk^DFT (eV)     Σ^c_nk (eV)     Σ^x_nk (eV)     v_n^xc (eV)   ϵ_nk^G0W0 (eV)
 
    1 (occ)         -269.022           2.992         -96.867         -61.535         -301.361
    2 (occ)         -269.016           3.030         -96.855         -61.539         -301.302
    3 (occ)         -269.012           2.852         -96.854         -61.539         -301.475
    4 (occ)          -21.003           5.985         -26.240         -16.998          -24.260
    5 (occ)          -14.603           3.510         -23.059         -15.586          -18.567
    6 (occ)          -14.594           3.512         -23.056         -15.585          -18.553
    7 (occ)          -12.026           1.938         -20.125         -14.215          -15.997
    8 (occ)          -11.380           1.462         -20.536         -15.161          -15.293
    9 (occ)           -8.680           0.950         -19.499         -14.461          -12.768
   10 (occ)           -8.668           0.947         -19.496         -14.465          -12.752
   11 (occ)           -7.045           0.501         -18.789         -14.776          -10.558
   12 (occ)           -7.042           0.497         -18.786         -14.772          -10.559
   13 (vir)            0.376          -1.159          -2.024          -5.241            2.434
   14 (vir)            0.814          -1.249          -2.330          -5.753            2.989
   15 (vir)            0.913          -0.990          -1.738          -4.596            2.781
   16 (vir)            0.918          -0.991          -1.737          -4.598            2.789
   17 (vir)            2.370          -2.299          -5.937         -11.009            5.143
   18 (vir)            2.594          -1.010          -1.242          -4.247            4.589
   19 (vir)            2.899          -0.945          -1.454          -4.256            4.757
   20 (vir)            2.911          -0.944          -1.443          -4.247            4.771
   21 (vir)            3.419          -1.088          -1.640          -4.711            5.402
   22 (vir)            3.422          -1.089          -1.641          -4.713            5.405
   23 (vir)            4.403          -1.018          -1.269          -4.342            6.458
   24 (vir)            4.408          -1.021          -1.279          -4.359            6.467
   25 (vir)            5.140          -1.716          -3.266          -7.385            7.543
   26 (vir)            5.315          -1.052          -1.210          -4.410            7.464
   27 (vir)            5.334          -1.048          -1.194          -4.390            7.482
   28 (vir)            6.719          -1.841          -2.764          -7.080            9.194
   29 (vir)            6.975          -1.814          -2.627          -6.695            9.228
   30 (vir)            6.982          -1.490          -2.018          -5.646            9.120
   31 (vir)            7.525          -2.798          -5.072         -10.376           10.031
   32 (vir)            7.537          -2.781          -5.035         -10.320           10.041
   33 (vir)            8.782          -2.498          -3.629          -8.630           11.286
   34 (vir)            8.788          -2.498          -3.624          -8.624           11.290
   35 (vir)            8.981          -1.991          -2.589          -6.846           11.248
   36 (vir)            9.582          -2.656          -3.542          -8.780           12.164
   37 (vir)            9.598          -2.644          -3.519          -8.729           12.164
   38 (vir)           12.020          -2.194          -1.891          -6.290           14.225
   39 (vir)           12.026          -2.195          -1.892          -6.292           14.230
   40 (vir)           14.014          -2.550          -2.507          -7.547           16.504
   41 (vir)           15.296          -2.667          -1.711          -6.934           17.851
   42 (vir)           15.829          -2.534          -2.483          -7.635           18.447
   43 (vir)           15.863          -2.530          -2.481          -7.625           18.477
   44 (vir)           16.164          -2.641          -2.190          -7.266           18.598
   45 (vir)           16.628          -2.697          -2.136          -7.070           18.865
   46 (vir)           16.771          -2.858          -2.564          -7.948           19.297
   47 (vir)           16.818          -2.828          -2.454          -7.717           19.254
   48 (vir)           17.336          -2.893          -1.497          -6.581           19.527
   49 (vir)           17.391          -2.905          -1.511          -6.613           19.588
   50 (vir)           18.282          -2.957          -1.240          -6.418           20.502
   51 (vir)           18.307          -2.992          -1.246          -6.436           20.504
   52 (vir)           19.668          -4.651          -2.981          -9.799           21.835
   53 (vir)           19.711          -4.388          -2.737          -9.302           21.888
   54 (vir)           19.869          -3.530          -2.115          -7.921           22.145
   55 (vir)           20.019          -3.226          -2.114          -7.578           22.257
   56 (vir)           21.255          -4.620          -2.506          -9.165           23.294
   57 (vir)           22.317          -3.846          -2.316          -8.070           24.224
   58 (vir)           22.353          -3.896          -2.310          -8.098           24.246
   59 (vir)           22.539          -4.300          -2.449          -7.974           23.763
   60 (vir)           22.557          -4.126          -2.369          -7.908           23.971
   61 (vir)           22.735          -3.552          -1.648          -7.111           24.645
   62 (vir)           24.465          -3.668          -1.207          -6.760           26.350
   63 (vir)           24.478          -3.672          -1.219          -6.781           26.368
   64 (vir)           24.985          -4.003          -0.997          -6.301           26.286
   65 (vir)           25.239          -3.919          -1.384          -6.794           26.730
   66 (vir)           25.252          -3.849          -1.391          -6.808           26.820
   67 (vir)           27.070          -4.037          -1.186          -6.927           28.774
   68 (vir)           27.088          -4.100          -1.187          -6.931           28.732
   69 (vir)           28.181          -6.311          -2.109          -8.193           27.954
   70 (vir)           28.835          -4.613          -1.368          -6.735           29.589
   71 (vir)           28.898          -4.600          -1.354          -6.703           29.647
   72 (vir)           30.750          -5.458          -1.988          -8.875           32.179
   73 (vir)           31.994          -4.778          -1.204          -6.966           32.978
   74 (vir)           32.672          -3.268          -0.570          -5.454           34.288
   75 (vir)           33.032          -4.448          -0.997          -6.635           34.222
   76 (vir)           33.054          -4.047          -1.119          -7.041           34.929
   77 (vir)           33.148          -5.377          -1.017          -6.735           33.488
   78 (vir)           33.215          -3.320          -0.972          -6.626           35.549
   79 (vir)           33.983          -2.736          -1.784          -8.125           37.588
   80 (vir)           34.262          -4.461          -0.838          -6.072           35.036
   81 (vir)           34.375           1.924          -0.876          -6.192           41.614
   82 (vir)           35.075           0.880          -1.559          -7.389           41.784
   83 (vir)           38.783          -1.479          -3.274         -11.392           45.422
   84 (vir)           39.063           0.179          -1.847          -8.319           45.714
   85 (vir)           39.088           0.192          -1.872          -8.386           45.794
   86 (vir)           42.437           0.499          -2.256          -9.876           50.556
   87 (vir)           42.486           0.451          -2.282          -9.954           50.609
   88 (vir)           43.465           0.585          -2.110          -9.582           51.521
   89 (vir)           46.080          -0.436          -3.357         -12.389           54.676
   90 (vir)           46.085          -0.365          -3.368         -12.404           54.756
   91 (vir)           47.521           0.645          -2.256         -10.431           56.341
   92 (vir)           47.726           0.819          -2.168         -10.213           56.590
   93 (vir)           47.902           0.341          -2.352         -10.729           56.620
   94 (vir)           47.996           0.806          -2.305         -10.600           57.097
   95 (vir)           48.301           0.727          -2.896         -11.685           57.816
   96 (vir)           48.738          -0.282          -2.010         -10.043           56.489
   97 (vir)           49.381           0.105          -2.391         -10.743           57.839
   98 (vir)           49.458          -0.133          -2.412         -10.787           57.699
   99 (vir)           51.203           0.515          -2.115          -9.841           59.444
  100 (vir)           53.368           0.165          -1.493          -9.085           61.125
  101 (vir)           53.688           0.918          -2.515         -11.449           63.539
  102 (vir)           54.065           0.037          -2.742         -11.754           63.114
  103 (vir)           54.243          -0.220          -2.418         -11.050           62.655
  104 (vir)           54.685           0.800          -2.137         -10.707           64.055
  105 (vir)           55.041           0.435          -2.005         -10.522           63.993
  106 (vir)           55.110           0.605          -2.063         -10.619           64.270
  107 (vir)           56.139           0.610          -2.044         -10.639           65.344
  108 (vir)           56.164           0.696          -2.010         -10.583           65.433
  109 (vir)           56.393           0.075          -1.884         -10.451           65.036
  110 (vir)           56.874           0.658          -1.372          -9.187           65.347
  111 (vir)           57.224           0.444          -1.535          -9.767           65.900
  112 (vir)           57.234           0.521          -1.516          -9.734           65.973
  113 (vir)           60.109          -0.506          -2.704         -12.371           69.270
  114 (vir)           60.763           0.039          -1.656         -10.596           69.742
  115 (vir)           61.010          -0.062          -1.907         -10.366           69.407
  116 (vir)           61.118           0.027          -2.002         -10.483           69.626
  117 (vir)           62.400          -0.305          -1.563          -9.865           70.397
  118 (vir)           62.574          -0.180          -1.660         -10.011           70.745
  119 (vir)           64.504          -0.393          -1.623         -10.181           72.668
  120 (vir)           64.645           0.005          -2.445         -11.822           74.027
  121 (vir)           64.688           0.088          -2.606         -12.164           74.334
  122 (vir)           65.662           0.155          -1.316          -9.535           74.036
  123 (vir)           65.758           0.081          -1.405          -9.717           74.151
  124 (vir)           66.465          -0.062          -1.541         -10.148           75.010
  125 (vir)           66.493          -0.030          -1.282          -9.564           74.745
  126 (vir)           67.738          -0.404          -1.532          -9.963           75.765
  127 (vir)           68.971          -0.774          -2.149         -11.155           77.203
  128 (vir)           70.016          -0.273          -1.487         -10.100           78.357
  129 (vir)           70.050          -0.290          -1.486         -10.096           78.371
  130 (vir)           70.406          -0.245          -1.646         -10.313           78.829
  131 (vir)           70.516          -0.306          -1.520         -10.090           78.781
  132 (vir)           71.030          -0.612          -1.292          -9.548           78.673
  133 (vir)           71.097          -0.555          -1.384          -9.720           78.879
  134 (vir)           71.641          -0.590          -1.453          -9.876           79.474
  135 (vir)           71.716          -0.479          -1.450          -9.907           79.693
  136 (vir)           72.517          -0.185          -1.451          -9.945           80.826
  137 (vir)           72.654          -0.198          -1.471          -9.997           80.982
  138 (vir)           73.286          -0.382          -1.578         -10.132           81.457
  139 (vir)           74.437          -0.297          -1.185          -9.612           82.566
  140 (vir)           74.564          -0.238          -1.160          -9.396           82.562
  141 (vir)           74.834          -0.497          -1.154          -9.539           82.723
  142 (vir)           75.300          -0.915          -2.499         -12.349           84.236
  143 (vir)           78.593          -0.305          -1.277          -9.729           86.740
  144 (vir)           79.241          -0.261          -2.198         -12.072           88.854
  145 (vir)           79.282          -0.284          -2.158         -11.963           88.803
  146 (vir)           81.161          -1.061          -0.995          -9.453           88.558
  147 (vir)           81.614          -0.207          -1.659         -10.950           90.698
  148 (vir)           81.646          -0.196          -1.614         -10.868           90.704
  149 (vir)           82.030          -0.345          -1.364         -10.447           90.769
  150 (vir)           82.043          -0.315          -1.325         -10.357           90.760
  151 (vir)           82.728          -0.458          -2.517         -12.740           92.493
  152 (vir)           83.729          -0.291          -1.979         -11.732           93.191
  153 (vir)           84.048          -0.264          -1.916         -11.609           93.477
  154 (vir)           86.405          -0.170          -2.214         -12.283           96.303
  155 (vir)           86.892          -0.276          -1.814         -11.335           96.136
  156 (vir)           87.284          -0.333          -1.543         -10.746           96.154
  157 (vir)           88.161          -0.440          -2.091         -11.828           97.458
  158 (vir)           91.738          -0.600          -1.704         -11.522          100.957
  159 (vir)           91.917          -0.646          -1.714         -11.587          101.145
  160 (vir)           93.428          -0.805          -1.815         -11.354          102.161
  161 (vir)           93.681          -0.707          -1.822         -11.421          102.573
  162 (vir)           95.044          -0.861          -1.394         -11.133          103.921
  163 (vir)           96.589          -0.848          -2.077         -12.471          106.135
  164 (vir)           97.746          -0.792          -1.818         -12.072          107.209
  165 (vir)           98.015          -0.998          -2.259         -13.116          107.873
  166 (vir)           98.554          -0.633          -1.526         -11.515          107.910
  167 (vir)           99.630          -0.787          -2.345         -13.636          110.134
  168 (vir)           99.963          -0.726          -2.338         -13.620          110.519
  169 (vir)          101.761          -0.579          -1.886         -12.369          111.666
  170 (vir)          101.825          -0.650          -1.896         -12.371          111.650
  171 (vir)          104.361          -0.959          -1.717         -12.217          113.903
  172 (vir)          104.438          -0.889          -1.644         -11.985          113.891
  173 (vir)          104.544          -0.644          -1.915         -12.686          114.671
  174 (vir)          106.867          -0.842          -2.164         -13.376          117.237
  175 (vir)          107.168          -0.676          -1.947         -12.661          117.206
  176 (vir)          109.289          -0.817          -1.327         -11.513          118.658
  177 (vir)          109.933          -0.850          -1.567         -12.010          119.526
  178 (vir)          110.844          -0.745          -1.746         -12.898          121.251
  179 (vir)          116.337          -0.938          -3.345         -16.398          128.452
  180 (vir)          116.691          -0.778          -1.865         -13.271          127.319
  181 (vir)          116.861          -0.768          -1.865         -13.272          127.500
  182 (vir)          124.458          -0.837          -3.104         -16.645          137.162
  183 (vir)          124.513          -0.859          -3.104         -16.638          137.188
  184 (vir)          130.999          -0.667          -1.829         -14.185          142.689
  185 (vir)          133.534          -0.913          -1.911         -14.402          145.111
  186 (vir)          133.598          -0.955          -1.918         -14.422          145.147
  187 (vir)          135.483          -0.959          -1.982         -14.807          147.349
  188 (vir)          137.329          -0.760          -1.754         -14.223          149.038
  189 (vir)          137.436          -0.733          -1.764         -14.244          149.182
  190 (vir)          138.586          -0.689          -1.926         -14.572          150.543
  191 (vir)          141.474          -0.734          -1.792         -14.431          153.380
  192 (vir)          141.520          -0.714          -1.796         -14.443          153.453
  193 (vir)          142.105          -1.005          -2.184         -15.318          154.233
  194 (vir)          144.114          -0.901          -1.648         -13.755          155.320
  195 (vir)          146.920          -0.756          -1.824         -14.427          158.767
  196 (vir)          146.965          -0.779          -1.817         -14.415          158.784
  197 (vir)          149.787          -0.665          -1.721         -14.315          161.715
  198 (vir)          153.844          -1.147          -1.697         -14.451          165.450
  199 (vir)          154.033          -0.725          -1.534         -13.902          165.676
  200 (vir)          154.316          -1.177          -1.915         -15.209          166.432
  201 (vir)          154.452          -1.104          -1.770         -14.736          166.313
  202 (vir)          155.363          -0.724          -1.816         -14.601          167.424
  203 (vir)          155.663          -1.475          -1.661         -14.337          166.864
  204 (vir)          155.814          -1.443          -1.638         -14.257          166.989
  205 (vir)          157.701          -1.076          -1.681         -14.432          169.376
  206 (vir)          158.261          -1.153          -0.968         -12.016          168.157
  207 (vir)          158.283          -0.959          -1.054         -12.443          168.713
  208 (vir)          158.315          -0.843          -1.062         -12.453          168.863
  209 (vir)          158.889          -1.158          -1.321         -13.217          169.628
  210 (vir)          159.461          -0.663          -1.575         -14.076          171.300
  211 (vir)          159.694          -0.657          -1.538         -13.970          171.469
  212 (vir)          162.355          -0.896          -1.776         -14.757          174.440
  213 (vir)          162.558          -0.768          -1.600         -14.134          174.324
  214 (vir)          162.607          -0.769          -1.598         -14.126          174.367
  215 (vir)          163.810          -0.855          -1.097         -12.365          174.223
  216 (vir)          164.213          -0.948          -1.357         -13.277          175.185
  217 (vir)          164.481          -1.023          -1.406         -13.448          175.499
  218 (vir)          166.176          -0.937          -1.361         -13.464          177.341
  219 (vir)          166.321          -0.990          -1.305         -13.297          177.322
  220 (vir)          166.910          -1.030          -1.345         -13.789          178.324
  221 (vir)          167.106          -0.873          -1.395         -13.894          178.731
  222 (vir)          167.200          -0.941          -1.476         -14.221          179.003
  223 (vir)          168.193          -0.797          -1.525         -14.348          180.218
  224 (vir)          168.474          -0.867          -1.702         -14.089          179.993
  225 (vir)          169.267          -0.805          -1.601         -14.403          181.265
  226 (vir)          169.367          -0.791          -1.594         -14.620          181.602
  227 (vir)          170.184          -1.003          -1.556         -14.164          181.788
  228 (vir)          170.629          -2.467          -1.231         -13.608          180.539
  229 (vir)          171.801          -0.932          -1.504         -14.157          183.523
  230 (vir)          172.410          -0.963          -1.279         -13.457          183.626
  231 (vir)          172.592          -0.838          -1.272         -13.424          183.906
  232 (vir)          172.744          -1.113          -1.638         -14.552          184.545
  233 (vir)          172.878          -0.847          -1.652         -14.918          185.298
  234 (vir)          172.967          -1.025          -1.670         -14.763          185.036
  235 (vir)          173.122          -1.046          -1.372         -13.815          184.520
  236 (vir)          173.153          -0.961          -1.389         -13.994          184.798
  237 (vir)          174.210          -0.969          -1.478         -13.938          185.701
  238 (vir)          175.495          -0.923          -1.578         -14.413          187.408
  239 (vir)          177.362          -2.075          -1.529         -14.476          188.234
  240 (vir)          177.595          -1.177          -1.806         -15.240          189.852
  241 (vir)          182.199          -1.317          -1.457         -14.409          193.834
  242 (vir)          182.249          -1.162          -1.466         -14.453          194.074
  243 (vir)          183.363          -1.134          -1.679         -15.209          195.760
  244 (vir)          183.438          -1.202          -1.658         -15.109          195.687
  245 (vir)          188.008          -1.315          -1.976         -15.349          200.066
  246 (vir)          188.597          -1.342          -2.057         -15.635          200.834
  247 (vir)          188.727          -1.366          -1.907         -15.461          200.915
  248 (vir)          189.257          -1.443          -2.399         -16.132          201.547
  249 (vir)          189.488          -1.195          -2.152         -15.795          201.936
  250 (vir)          190.031          -1.243          -1.938         -15.553          202.403
  251 (vir)          190.316          -1.297          -1.869         -15.508          202.659
  252 (vir)          190.627          -1.148          -1.432         -14.313          202.361
  253 (vir)          193.226          -1.822          -2.686         -16.388          205.105
  254 (vir)          193.361          -1.851          -2.686         -16.368          205.191
  255 (vir)          194.741          -1.425          -2.178         -15.844          206.982
  256 (vir)          195.196          -1.067          -1.534         -14.967          207.562
  257 (vir)          198.478          -3.101          -1.278         -13.995          208.094
  258 (vir)          198.893          -3.599          -1.244         -13.830          207.881
  259 (vir)          199.531          -1.257          -1.297         -13.672          210.649
  260 (vir)          199.666          -4.731          -1.103         -13.570          207.401
  261 (vir)          201.024          -3.526          -1.026         -13.275          209.747
  262 (vir)          201.247          -3.607          -1.004         -13.188          209.824
  263 (vir)          202.022          -1.029          -1.187         -13.542          213.347
  264 (vir)          202.183          -1.936          -1.225         -13.689          212.710
  265 (vir)          203.400          -1.235          -1.262         -14.251          215.153
  266 (vir)          204.090           1.044          -1.155         -13.495          217.474
  267 (vir)          205.275          -1.954          -1.123         -13.890          216.088
  268 (vir)          205.828          -1.797          -0.986         -13.167          216.211
  269 (vir)          206.213          -3.837          -0.952         -13.148          214.572
  270 (vir)          206.287          -2.966          -1.039         -13.415          215.697
  271 (vir)          207.633          -1.504          -1.276         -14.389          219.241
  272 (vir)          207.768          -1.797          -1.286         -14.426          219.111
  273 (vir)          208.777          -3.835          -1.020         -13.191          217.113
  274 (vir)          208.914          -3.111          -1.054         -13.299          218.048
  275 (vir)          210.097          -1.898          -1.015         -13.402          220.586
  276 (vir)          210.103          -1.904          -1.000         -13.349          220.548
  277 (vir)          211.036          -2.314          -1.114         -13.593          221.201
  278 (vir)          211.306          -3.866          -0.980         -13.052          219.512
  279 (vir)          211.773          -1.127          -1.271         -14.053          223.429
  280 (vir)          211.917          -1.205          -1.163         -13.670          223.218
  281 (vir)          216.035          -2.356          -0.871         -12.839          225.647
  282 (vir)          217.248          -2.301          -1.084         -13.351          227.214
  283 (vir)          218.101          -2.640          -1.576         -14.822          228.707
  284 (vir)          219.018          -4.370          -2.048         -15.758          228.358
  285 (vir)          220.717          -2.594          -0.903         -12.979          230.198
  286 (vir)          221.393          -2.828          -1.447         -14.855          231.973
  287 (vir)          222.084           4.307          -1.333         -14.323          239.380
  288 (vir)          222.152          -2.420          -1.486         -14.641          232.886
  289 (vir)          222.562           3.010          -1.292         -14.124          238.404
  290 (vir)          222.655           3.111          -1.209         -14.073          238.630
  291 (vir)          223.691          -5.941          -1.320         -13.950          230.380
  292 (vir)          224.015           2.511          -1.544         -14.329          239.310
  293 (vir)          224.757           4.058          -1.194         -13.911          241.533
  294 (vir)          226.021           1.995          -0.828         -12.996          240.184
  295 (vir)          226.149           3.217          -1.086         -13.898          242.178
  296 (vir)          226.163           2.070          -1.244         -14.201          241.189
  297 (vir)          227.842           2.865          -2.122         -15.961          244.546
  298 (vir)          228.257          -1.250          -1.817         -16.061          241.251
  299 (vir)          228.315          -1.427          -1.717         -15.573          240.744
  300 (vir)          228.532           2.204          -0.893         -13.109          242.953
  301 (vir)          228.698           6.875          -0.938         -13.492          248.128
  302 (vir)          231.347          -2.961          -1.068         -14.015          241.333
  303 (vir)          231.397          -3.069          -1.078         -14.019          241.269
  304 (vir)          235.380           2.604          -1.145         -14.070          250.908
  305 (vir)          235.429           2.563          -0.999         -13.596          250.589
  306 (vir)          236.210           2.697          -1.127         -13.976          251.755
  307 (vir)          236.339           2.858          -1.012         -13.611          251.796
  308 (vir)          238.759           2.420          -0.851         -13.216          253.544
  309 (vir)          240.985          -3.793          -1.220         -14.717          250.689
  310 (vir)          241.539           0.330          -1.220         -14.917          255.567
  311 (vir)          242.148           3.086          -1.134         -14.297          258.397
  312 (vir)          242.510           2.880          -1.101         -14.133          258.422
  313 (vir)          245.540          -0.699          -1.250         -14.857          258.448
  314 (vir)          246.207          -2.440          -3.286         -18.932          259.414
  315 (vir)          246.276          -2.381          -3.254         -18.869          259.510
  316 (vir)          249.657           2.438          -1.061         -14.755          265.788
  317 (vir)          252.299          -2.762          -2.017         -16.227          263.747
  318 (vir)          252.592          -2.931          -2.029         -16.264          263.895
  319 (vir)          255.021          -1.047          -1.999         -17.362          269.338
  320 (vir)          255.985          -2.109          -1.490         -15.839          268.225
  321 (vir)          256.198          -2.526          -1.446         -15.731          267.956
  322 (vir)          256.469           1.259          -1.706         -16.666          272.688
  323 (vir)          260.039           1.629          -1.147         -14.775          275.296
  324 (vir)          263.459           2.224          -1.308         -15.572          279.947
  325 (vir)          263.531           1.962          -1.377         -15.885          280.001
  326 (vir)          265.616           1.997          -1.116         -14.947          281.444
  327 (vir)          265.700           1.755          -1.132         -14.944          281.267
  328 (vir)          267.854           1.845          -1.495         -16.353          284.557
  329 (vir)          269.015          -1.542          -1.328         -15.704          281.849
  330 (vir)          269.372          -0.887          -1.366         -15.805          282.925
  331 (vir)          269.946          -4.367          -1.079         -14.981          279.481
  332 (vir)          270.187          -2.745          -1.063         -14.936          281.314
  333 (vir)          273.982          -2.196          -0.982         -14.776          285.581
  334 (vir)          280.004          -3.439          -1.118         -15.109          290.556
  335 (vir)          281.878          -3.360          -1.161         -15.569          292.927
  336 (vir)          287.517           2.313          -1.337         -15.900          304.393
  337 (vir)          287.751           2.317          -1.342         -15.900          304.625
  338 (vir)          292.004           2.816          -1.209         -15.754          309.365
  339 (vir)          292.051           2.950          -1.210         -15.756          309.547
  340 (vir)          312.495           2.572          -1.233         -15.634          329.468
  341 (vir)          329.505           2.327          -1.458         -16.566          346.940
  342 (vir)          329.619           2.371          -1.461         -16.580          347.108
  343 (vir)          352.627           2.421          -2.722         -19.284          371.609
  344 (vir)          359.192           2.230          -2.505         -19.092          378.009
  345 (vir)          359.266           2.195          -2.505         -19.095          378.051
  346 (vir)          775.390         -13.435         -12.623         -45.770          795.102
  347 (vir)          779.374         -12.150         -12.586         -45.798          800.437
  348 (vir)          779.540         -12.616         -12.584         -45.798          800.138
  349 (vir)         4006.756           1.192         -14.689         -94.473         4087.733
  350 (vir)         4009.537           2.454         -14.672         -94.456         4091.775
  351 (vir)         4009.741           2.427         -14.671         -94.455         4091.952
