 
  kpoint:     0.0000    0.0000    0.0000
 
    n          ϵ_nk^DFT (eV)     Σ^c_nk (eV)     Σ^x_nk (eV)     v_n^xc (eV)   ϵ_nk^G0W0 (eV)
 
    1 (occ)         -509.389           2.845        -132.582         -83.740         -555.385
    2 (occ)         -382.441           3.291        -114.617         -72.596         -421.172
    3 (occ)         -382.262           3.236        -114.622         -72.596         -421.051
    4 (occ)         -381.847           3.196        -114.616         -72.596         -420.671
    5 (occ)         -380.789           3.139        -114.632         -72.590         -419.692
    6 (occ)         -380.460           3.083        -114.637         -72.585         -419.429
    7 (occ)         -272.573           3.886         -96.864         -61.529         -304.022
    8 (occ)         -271.804           3.949         -96.868         -61.528         -303.194
    9 (occ)         -271.118           4.063         -96.882         -61.540         -302.398
   10 (occ)         -270.797           3.819         -96.885         -61.540         -302.322
   11 (occ)         -269.731           4.095         -96.890         -61.547         -300.978
   12 (occ)          -26.268           8.096         -30.481         -19.364          -29.289
   13 (occ)          -25.668           7.960         -30.665         -19.728          -28.645
   14 (occ)          -25.170           7.726         -30.588         -19.788          -28.245
   15 (occ)          -22.925           6.707         -28.804         -18.977          -26.046
   16 (occ)          -22.681           7.032         -29.476         -19.554          -25.571
   17 (occ)          -21.917           6.742         -28.931         -19.276          -24.829
   18 (occ)          -18.893           5.526         -26.623         -18.130          -21.861
   19 (occ)          -16.801           4.189         -24.802         -17.604          -19.810
   20 (occ)          -16.426           4.106         -25.222         -18.065          -19.477
   21 (occ)          -15.548           3.866         -24.475         -17.543          -18.613
   22 (occ)          -14.968           3.259         -23.580         -17.254          -18.035
   23 (occ)          -13.634           2.855         -23.554         -17.548          -16.785
   24 (occ)          -13.503           2.780         -23.566         -17.677          -16.612
   25 (occ)          -12.773           2.532         -23.141         -17.243          -16.139
   26 (occ)          -12.028           2.791         -23.469         -17.690          -15.016
   27 (occ)          -11.791           3.406         -20.684         -14.998          -14.071
   28 (occ)          -11.373           2.207         -23.225         -17.999          -14.392
   29 (occ)          -10.606           2.694         -21.336         -16.050          -13.197
   30 (occ)          -10.547           2.360         -22.012         -16.760          -13.438
   31 (occ)           -9.990           3.838         -26.833         -20.055          -12.931
   32 (occ)           -9.610           2.702         -21.097         -16.057          -11.947
   33 (occ)           -7.801           1.795         -20.194         -15.904          -10.296
   34 (occ)           -7.618           2.690         -22.630         -17.198          -10.360
   35 (occ)           -7.056           1.193         -20.023         -16.350           -9.536
   36 (occ)           -7.016           2.031         -22.194         -17.651           -9.528
   37 (occ)           -6.319           2.456         -23.194         -17.915           -9.141
   38 (occ)           -5.969           3.067         -25.187         -19.418           -8.671
   39 (occ)           -5.268           0.054         -18.400         -15.940           -7.673
   40 (vir)           -1.359          -2.958         -10.122         -15.173            0.734
   41 (vir)           -1.264          -3.006         -10.278         -15.412            0.865
   42 (vir)           -0.740          -1.663          -3.106          -6.593            1.083
   43 (vir)           -0.212          -1.498          -2.501          -5.736            1.526
   44 (vir)           -0.121          -3.537          -9.358         -14.980            1.964
   45 (vir)            0.378          -1.615          -2.783          -6.245            2.226
   46 (vir)            1.038          -1.636          -2.511          -5.950            2.841
   47 (vir)            1.143          -1.728          -2.756          -6.310            2.969
   48 (vir)            1.487          -1.731          -2.221          -5.676            3.210
   49 (vir)            2.232          -1.553          -1.700          -4.892            3.872
   50 (vir)            2.267          -1.805          -2.819          -6.425            4.067
   51 (vir)            2.490          -1.621          -2.523          -5.986            4.332
   52 (vir)            2.628          -1.647          -2.006          -5.440            4.415
   53 (vir)            2.811          -4.819          -8.177         -14.923            4.738
   54 (vir)            3.114          -1.617          -1.678          -4.850            4.669
   55 (vir)            3.440          -2.073          -3.249          -7.311            5.428
   56 (vir)            3.746          -2.606          -4.603          -9.337            5.874
   57 (vir)            3.898          -2.897          -5.501         -10.646            6.145
   58 (vir)            4.228          -1.567          -1.613          -4.844            5.892
   59 (vir)            4.460          -1.747          -2.337          -5.883            6.259
   60 (vir)            4.586          -2.830          -5.357         -10.377            6.776
   61 (vir)            4.694          -2.043          -2.925          -6.885            6.611
   62 (vir)            5.094          -2.823          -5.118         -10.060            7.213
   63 (vir)            5.276          -2.351          -3.571          -7.948            7.302
   64 (vir)            5.439          -2.244          -3.151          -7.342            7.387
   65 (vir)            5.572          -2.191          -3.446          -7.558            7.493
   66 (vir)            5.774          -2.117          -2.933          -6.981            7.706
   67 (vir)            5.918          -2.373          -3.892          -8.366            8.018
   68 (vir)            6.097          -2.838          -4.788          -9.759            8.230
   69 (vir)            6.125          -1.948          -2.607          -6.455            8.025
   70 (vir)            6.458          -2.504          -3.621          -8.189            8.522
   71 (vir)            6.537          -2.023          -2.760          -6.764            8.518
   72 (vir)            6.566          -1.851          -2.080          -5.727            8.362
   73 (vir)            7.110          -2.401          -3.308          -7.807            9.209
   74 (vir)            7.388          -2.209          -2.978          -7.232            9.432
   75 (vir)            7.433          -3.219          -5.094         -10.498            9.618
   76 (vir)            7.929          -3.098          -4.642          -9.913           10.102
   77 (vir)            8.053          -2.586          -3.390          -8.036           10.113
   78 (vir)            8.208          -2.462          -2.542          -6.948           10.151
   79 (vir)            8.416          -2.349          -2.619          -6.920           10.369
   80 (vir)            8.476          -2.502          -3.207          -7.814           10.581
   81 (vir)            8.851          -2.184          -2.323          -6.553           10.897
   82 (vir)            8.933          -2.017          -2.194          -6.135           10.858
   83 (vir)            9.112          -3.416          -4.750         -10.374           11.320
   84 (vir)            9.223          -3.221          -4.586         -10.069           11.486
   85 (vir)            9.848          -3.181          -4.160          -9.462           11.970
   86 (vir)           10.013          -2.689          -3.153          -8.010           12.181
   87 (vir)           10.066          -3.135          -3.733          -9.023           12.221
   88 (vir)           10.214          -2.560          -2.579          -7.338           12.413
   89 (vir)           10.482          -2.035          -1.869          -5.881           12.459
   90 (vir)           10.638          -2.545          -2.828          -7.482           12.748
   91 (vir)           11.279          -3.011          -3.737          -8.958           13.490
   92 (vir)           11.661          -2.476          -2.695          -7.256           13.746
   93 (vir)           11.823          -2.470          -2.535          -7.069           13.887
   94 (vir)           11.892          -2.424          -2.465          -6.951           13.954
   95 (vir)           12.001          -2.410          -2.458          -6.932           14.066
   96 (vir)           12.385          -2.452          -2.436          -6.946           14.443
   97 (vir)           12.436          -2.596          -2.676          -7.346           14.510
   98 (vir)           12.709          -2.603          -2.438          -7.263           14.931
   99 (vir)           13.037          -3.683          -4.201         -10.141           15.294
  100 (vir)           13.509          -4.023          -4.680         -11.003           15.809
  101 (vir)           13.982          -2.466          -2.258          -6.892           16.150
  102 (vir)           14.135          -2.750          -2.664          -7.473           16.194
  103 (vir)           14.455          -3.675          -3.947          -9.842           16.675
  104 (vir)           14.899          -2.828          -2.548          -7.638           17.162
  105 (vir)           15.092          -2.991          -2.694          -8.239           17.645
  106 (vir)           15.344          -3.476          -3.699          -9.451           17.620
  107 (vir)           15.414          -2.609          -2.237          -6.868           17.436
  108 (vir)           15.596          -3.704          -3.786          -9.722           17.828
  109 (vir)           16.070          -3.854          -3.546          -9.735           18.404
  110 (vir)           16.226          -3.259          -2.741          -8.239           18.464
  111 (vir)           16.453          -3.097          -2.688          -8.139           18.807
  112 (vir)           16.623          -2.937          -2.614          -7.733           18.806
  113 (vir)           16.896          -4.360          -4.685         -11.407           19.258
  114 (vir)           17.228          -3.615          -3.044          -8.991           19.560
  115 (vir)           17.591          -3.218          -2.731          -8.470           20.113
  116 (vir)           18.028          -3.079          -2.272          -7.639           20.316
  117 (vir)           18.141          -3.817          -3.057          -9.215           20.481
  118 (vir)           18.496          -3.572          -2.557          -8.457           20.824
  119 (vir)           18.550          -3.346          -2.299          -7.965           20.869
  120 (vir)           18.798          -3.418          -2.310          -7.991           21.060
  121 (vir)           19.025          -3.347          -2.681          -8.240           21.237
  122 (vir)           19.263          -3.579          -2.537          -8.322           21.469
  123 (vir)           19.599          -3.796          -2.928          -8.918           21.793
  124 (vir)           19.729          -3.236          -2.290          -7.784           21.988
  125 (vir)           19.831          -3.729          -2.108          -7.971           21.964
  126 (vir)           20.331          -3.573          -2.494          -8.395           22.659
  127 (vir)           20.519          -3.623          -2.271          -8.158           22.783
  128 (vir)           20.829          -3.410          -2.184          -7.859           23.094
  129 (vir)           21.149          -3.308          -2.688          -8.421           23.575
  130 (vir)           21.414          -3.357          -2.552          -8.359           23.864
  131 (vir)           21.530          -3.317          -2.289          -8.109           24.033
  132 (vir)           21.791          -3.605          -2.293          -8.085           23.977
  133 (vir)           22.408          -3.924          -2.764          -9.104           24.825
  134 (vir)           22.520          -3.723          -2.471          -8.474           24.799
  135 (vir)           22.642          -3.730          -2.820          -8.878           24.970
  136 (vir)           22.946          -3.849          -2.490          -8.652           25.259
  137 (vir)           23.259          -3.617          -2.326          -8.257           25.573
  138 (vir)           23.677          -3.619          -2.515          -8.648           26.190
  139 (vir)           23.765          -3.957          -2.398          -8.438           25.848
  140 (vir)           23.837          -3.847          -2.162          -8.281           26.109
  141 (vir)           24.514          -3.095          -1.838          -7.278           26.859
  142 (vir)           24.687          -3.537          -2.316          -8.307           27.140
  143 (vir)           25.003          -3.607          -2.536          -8.621           27.480
  144 (vir)           25.337          -3.936          -2.648          -9.071           27.825
  145 (vir)           25.439          -3.814          -2.519          -8.581           27.687
  146 (vir)           26.147          -3.979          -2.914          -9.609           28.863
  147 (vir)           26.245          -3.128          -2.004          -7.638           28.751
  148 (vir)           26.473          -3.705          -2.478          -8.819           29.108
  149 (vir)           26.754          -3.904          -2.736          -9.145           29.260
  150 (vir)           26.792          -3.736          -2.589          -8.997           29.463
  151 (vir)           27.066          -3.316          -2.131          -8.094           29.714
  152 (vir)           27.158          -3.567          -2.336          -8.402           29.656
  153 (vir)           27.737          -3.801          -2.313          -8.642           30.265
  154 (vir)           27.985          -4.231          -2.806          -9.576           30.524
  155 (vir)           28.064          -3.884          -2.847          -9.752           31.086
  156 (vir)           28.353          -3.810          -2.686          -9.381           31.239
  157 (vir)           28.622          -3.708          -2.604          -9.056           31.367
  158 (vir)           28.916          -3.942          -2.771          -9.566           31.770
  159 (vir)           29.444          -4.215          -2.691          -9.586           32.124
  160 (vir)           29.576          -4.155          -2.582          -9.462           32.302
  161 (vir)           29.808          -3.831          -2.698          -9.592           32.871
  162 (vir)           29.963          -3.595          -2.195          -8.535           32.709
  163 (vir)           30.208          -3.926          -2.626          -9.466           33.122
  164 (vir)           30.374          -4.160          -2.785          -9.914           33.344
  165 (vir)           30.486          -3.869          -2.455          -9.163           33.324
  166 (vir)           30.769          -3.499          -1.979          -8.225           33.516
  167 (vir)           31.094          -4.133          -2.643          -9.666           33.984
  168 (vir)           31.476          -4.166          -2.528          -9.261           34.044
  169 (vir)           32.258          -4.039          -2.610          -9.676           35.286
  170 (vir)           32.473          -4.226          -2.829         -10.109           35.526
  171 (vir)           32.622          -3.118          -1.813          -7.757           35.448
  172 (vir)           32.972          -3.752          -2.323          -9.044           35.941
  173 (vir)           33.449          -3.580          -2.854         -10.236           37.251
  174 (vir)           34.068          -2.941          -2.467          -9.088           37.748
  175 (vir)           34.260          -4.124          -2.922         -10.217           37.431
  176 (vir)           34.768          -3.781          -2.731          -9.818           38.074
  177 (vir)           35.501          -3.709          -2.555          -9.644           38.882
  178 (vir)           35.669          -3.774          -2.516          -9.519           38.898
  179 (vir)           36.077          -3.791          -2.681         -10.115           39.719
  180 (vir)           36.225          -3.814          -2.464          -9.572           39.519
  181 (vir)           36.558          -4.165          -2.936         -10.665           40.123
  182 (vir)           37.436          -3.746          -2.638         -10.064           41.115
  183 (vir)           37.624          -3.580          -2.608          -9.898           41.334
  184 (vir)           37.891          -3.825          -3.327         -11.014           41.752
  185 (vir)           38.275          -3.709          -2.648          -9.822           41.741
  186 (vir)           38.536          -3.938          -2.730         -10.199           42.067
  187 (vir)           38.779          -4.113          -2.840         -10.534           42.361
  188 (vir)           39.186          -3.249          -2.970         -10.300           43.267
  189 (vir)           39.350          -3.825          -3.008         -10.486           43.003
  190 (vir)           39.760          -4.422          -3.156         -11.325           43.507
  191 (vir)           39.957          -3.804          -2.568         -10.116           43.702
  192 (vir)           40.005          -4.203          -2.768         -10.493           43.528
  193 (vir)           40.270          -3.560          -2.873         -10.418           44.255
  194 (vir)           40.816          -3.435          -2.458          -9.974           44.897
  195 (vir)           41.741          -3.487          -2.478         -10.184           45.959
  196 (vir)           42.079          -3.525          -2.429         -10.328           46.453
  197 (vir)           42.379          -3.672          -2.725         -10.585           46.568
  198 (vir)           42.776          -4.096          -2.836         -10.624           46.468
  199 (vir)           42.983          -3.480          -2.826         -10.952           47.630
  200 (vir)           43.884          -3.628          -3.096         -11.298           48.458
  201 (vir)           44.084          -3.272          -2.701         -10.839           48.950
  202 (vir)           44.461          -3.290          -2.652         -10.600           49.120
  203 (vir)           45.064          -3.589          -2.264          -9.976           49.188
  204 (vir)           45.610          -3.441          -2.310         -10.112           49.971
  205 (vir)           45.760          -3.390          -2.636         -11.136           50.870
  206 (vir)           46.136          -4.065          -2.631         -10.876           50.316
  207 (vir)           46.431          -3.099          -2.475         -10.456           51.313
  208 (vir)           46.545          -4.121          -2.601         -11.135           50.958
  209 (vir)           46.588          -3.524          -2.731         -11.177           51.509
  210 (vir)           47.226          -2.932          -2.474         -10.669           52.489
  211 (vir)           47.444          -3.176          -2.392         -10.574           52.450
  212 (vir)           48.097          -3.272          -2.480         -10.923           53.267
  213 (vir)           48.343          -3.383          -2.127         -10.210           53.043
  214 (vir)           48.877          -3.265          -2.589         -11.097           54.120
  215 (vir)           49.266          -3.676          -2.862         -11.067           53.795
  216 (vir)           49.524          -3.473          -2.255         -10.290           54.086
  217 (vir)           49.918          -3.012          -2.323         -10.848           55.431
  218 (vir)           50.305          -2.977          -2.700         -11.070           55.699
  219 (vir)           50.522          -2.821          -2.570         -11.098           56.228
  220 (vir)           50.699          -3.341          -2.514         -11.047           55.891
  221 (vir)           51.013          -2.979          -2.530         -11.129           56.633
  222 (vir)           51.408          -2.730          -2.586         -11.304           57.397
  223 (vir)           51.444          -3.093          -2.566         -11.308           57.093
  224 (vir)           51.799          -2.743          -2.471         -11.183           57.769
  225 (vir)           52.217          -2.472          -2.663         -11.434           58.516
  226 (vir)           52.599          -2.926          -2.216         -10.642           58.099
  227 (vir)           52.903          -3.107          -2.344         -10.813           58.264
  228 (vir)           53.073          -2.668          -2.508         -11.097           58.995
  229 (vir)           53.230          -2.580          -2.248         -10.858           59.259
  230 (vir)           53.677          -2.816          -2.688         -11.563           59.736
  231 (vir)           53.965          -2.876          -2.553         -11.435           59.971
  232 (vir)           54.480          -2.805          -2.694         -11.399           60.380
  233 (vir)           54.580          -2.535          -2.501         -11.325           60.870
  234 (vir)           54.621          -2.464          -2.318         -10.919           60.758
  235 (vir)           55.038          -0.069          -2.515         -11.395           63.850
  236 (vir)           55.298          -2.893          -2.034         -10.601           60.971
  237 (vir)           55.605          -2.590          -2.308         -10.949           61.655
  238 (vir)           55.932          -2.614          -2.337         -10.974           61.956
  239 (vir)           55.961          -2.669          -2.229         -10.911           61.974
  240 (vir)           56.196          -2.521          -2.520         -11.454           62.609
  241 (vir)           56.755          -2.175          -2.463         -11.305           63.421
  242 (vir)           56.997          -2.738          -2.488         -11.144           62.915
  243 (vir)           57.489          -2.392          -2.142         -10.697           63.653
  244 (vir)           57.564          -2.296          -2.261         -11.007           64.014
  245 (vir)           57.883          -2.571          -2.132         -10.871           64.051
  246 (vir)           58.237          -2.193          -2.322         -11.030           64.752
  247 (vir)           58.643          -2.300          -2.153         -11.003           65.193
  248 (vir)           58.782          -2.284          -2.128         -10.986           65.356
  249 (vir)           59.039          -2.575          -2.710         -12.056           65.809
  250 (vir)           59.369          -2.257          -2.079         -10.799           65.833
  251 (vir)           59.782          -2.098          -2.269         -11.079           66.494
  252 (vir)           60.011          -2.178          -2.237         -10.952           66.547
  253 (vir)           60.291          -2.061          -2.326         -11.290           67.193
  254 (vir)           60.681          -1.992          -2.708         -12.064           68.045
  255 (vir)           60.901          -2.094          -2.599         -11.696           67.904
  256 (vir)           61.392          -1.604          -1.904         -10.508           68.392
  257 (vir)           61.646          -2.051          -2.131         -11.045           68.510
  258 (vir)           61.788          -2.066          -2.475         -11.508           68.755
  259 (vir)           62.210          -2.114          -2.739         -11.925           69.282
  260 (vir)           62.823          -2.059          -2.353         -11.597           70.008
  261 (vir)           63.191          -1.916          -2.357         -11.541           70.460
  262 (vir)           63.218          -1.934          -2.358         -11.396           70.322
  263 (vir)           63.579          -1.715          -2.237         -11.235           70.862
  264 (vir)           63.977          -1.881          -2.551         -11.944           71.489
  265 (vir)           64.203          -1.963          -2.374         -11.550           71.415
  266 (vir)           64.379          -1.688          -2.389         -11.813           72.115
  267 (vir)           64.455          -1.696          -2.233         -11.223           71.750
  268 (vir)           64.623          -1.581          -2.318         -11.424           72.148
  269 (vir)           65.053          -1.921          -2.482         -11.791           72.441
  270 (vir)           65.569          -1.821          -2.459         -11.858           73.148
  271 (vir)           66.029          -1.765          -2.299         -11.367           73.332
  272 (vir)           66.114          -1.212          -2.254         -11.265           73.913
  273 (vir)           66.481          -1.649          -2.264         -11.375           73.943
  274 (vir)           66.879          -1.646          -2.217         -11.382           74.398
  275 (vir)           67.283          -1.424          -2.487         -11.843           75.214
  276 (vir)           67.365          -1.773          -2.256         -11.057           74.393
  277 (vir)           67.926          -2.228          -2.605         -12.400           75.493
  278 (vir)           68.125          -1.681          -2.424         -11.804           75.825
  279 (vir)           68.899          -1.619          -2.323         -11.470           76.428
  280 (vir)           69.211          -1.641          -2.271         -11.517           76.816
  281 (vir)           69.411          -1.386          -1.995         -11.176           77.206
  282 (vir)           69.463          -1.564          -2.323         -11.497           77.073
  283 (vir)           69.577          -1.393          -2.223         -11.498           77.459
  284 (vir)           70.061          -1.600          -2.402         -11.712           77.771
  285 (vir)           70.189          -1.394          -2.385         -11.849           78.260
  286 (vir)           70.567          -1.614          -2.323         -11.723           78.352
  287 (vir)           70.920          -1.518          -2.665         -11.966           78.704
  288 (vir)           71.405          -1.419          -2.326         -11.548           79.207
  289 (vir)           71.832          -1.399          -2.210         -11.616           79.839
  290 (vir)           72.049          -1.558          -2.362         -11.746           79.876
  291 (vir)           72.424          -1.766          -2.737         -12.661           80.582
  292 (vir)           72.550          -1.352          -2.093         -11.197           80.302
  293 (vir)           73.244          -1.594          -2.587         -12.413           81.476
  294 (vir)           73.343          -1.467          -2.783         -12.804           81.897
  295 (vir)           73.698          -1.569          -2.380         -11.851           81.600
  296 (vir)           73.778          -1.524          -2.508         -12.235           81.981
  297 (vir)           74.298          -1.290          -2.560         -12.318           82.765
  298 (vir)           74.473          -1.200          -2.758         -12.731           83.247
  299 (vir)           74.824          -1.619          -2.959         -13.032           83.278
  300 (vir)           75.156          -1.490          -2.634         -12.638           83.671
  301 (vir)           75.518          -1.405          -2.438         -12.188           83.863
  302 (vir)           75.822          -1.301          -2.771         -12.997           84.746
  303 (vir)           76.120          -1.399          -2.765         -12.736           84.693
  304 (vir)           76.638          -1.376          -2.533         -12.455           85.184
  305 (vir)           76.685          -1.593          -2.616         -12.602           85.078
  306 (vir)           77.191          -1.505          -2.502         -12.667           85.851
  307 (vir)           77.573          -1.299          -2.192         -11.682           85.764
  308 (vir)           77.902          -1.285          -2.878         -13.307           87.045
  309 (vir)           78.646          -1.277          -2.636         -12.723           87.455
  310 (vir)           79.166          -1.579          -2.788         -12.968           87.767
  311 (vir)           79.452          -1.050          -2.667         -12.600           88.335
  312 (vir)           80.062          -1.651          -3.013         -13.674           89.072
  313 (vir)           80.539          -1.326          -3.301         -14.176           90.088
  314 (vir)           80.921          -1.365          -2.939         -13.680           90.297
  315 (vir)           81.050          -1.390          -2.695         -13.336           90.301
  316 (vir)           81.549          -1.552          -3.004         -13.995           90.988
  317 (vir)           81.947          -1.645          -3.029         -13.838           91.112
  318 (vir)           82.382          -1.376          -2.641         -13.092           91.457
  319 (vir)           82.548          -1.490          -3.102         -14.039           91.995
  320 (vir)           82.927          -1.112          -2.469         -12.598           91.943
  321 (vir)           83.449          -1.517          -3.085         -14.050           92.897
  322 (vir)           83.733          -1.544          -2.769         -13.774           93.195
  323 (vir)           83.927          -1.511          -2.783         -13.367           93.000
  324 (vir)           84.532          -1.484          -2.707         -13.431           93.771
  325 (vir)           84.808          -3.906          -3.110         -14.154           91.946
  326 (vir)           85.161          -1.374          -2.806         -13.659           94.640
  327 (vir)           85.483          -1.395          -2.884         -13.865           95.068
  328 (vir)           86.157          -1.212          -2.733         -13.509           95.722
  329 (vir)           86.611          -1.256          -2.993         -13.921           96.282
  330 (vir)           86.756          -1.290          -2.702         -13.655           96.419
  331 (vir)           87.307          -1.428          -2.828         -14.070           97.120
  332 (vir)           87.664          -1.288          -2.666         -13.229           96.939
  333 (vir)           87.961          -1.040          -2.375         -12.756           97.302
  334 (vir)           88.457          -1.283          -2.549         -13.324           97.949
  335 (vir)           88.685          -1.175          -2.816         -13.661           98.355
  336 (vir)           88.962          -1.061          -2.372         -13.148           98.677
  337 (vir)           89.713          -1.263          -2.828         -13.835           99.457
  338 (vir)           90.156          -1.364          -2.370         -13.341           99.763
  339 (vir)           90.370          -0.903          -2.839         -13.908          100.536
  340 (vir)           90.547          -1.350          -3.216         -14.632          100.612
  341 (vir)           91.463          -1.148          -2.812         -13.955          101.458
  342 (vir)           91.839          -1.363          -3.017         -14.434          101.893
  343 (vir)           92.051          -1.161          -2.845         -14.052          102.097
  344 (vir)           92.264          -1.238          -2.549         -13.530          102.008
  345 (vir)           92.530          -1.357          -2.789         -14.102          102.486
  346 (vir)           92.838          -1.011          -2.647         -13.911          103.090
  347 (vir)           93.126          -0.914          -2.891         -14.019          103.340
  348 (vir)           94.001          -1.058          -2.665         -13.664          103.942
  349 (vir)           94.239          -1.321          -2.783         -14.015          104.151
  350 (vir)           94.573          -0.944          -2.659         -13.734          104.704
  351 (vir)           95.436          -1.052          -2.625         -13.837          105.596
  352 (vir)           95.886          -0.965          -2.619         -13.983          106.286
  353 (vir)           96.315          -0.988          -2.763         -14.181          106.745
  354 (vir)           96.783          -1.197          -2.785         -14.103          106.903
  355 (vir)           97.173          -1.218          -3.040         -14.619          107.534
  356 (vir)           97.482          -1.028          -2.683         -14.182          107.953
  357 (vir)           97.955          -1.235          -2.753         -14.294          108.261
  358 (vir)           98.088          -1.003          -2.940         -14.633          108.777
  359 (vir)           98.282          -1.102          -2.838         -14.257          108.599
  360 (vir)           98.908          -1.159          -2.569         -13.921          109.101
  361 (vir)           99.728          -1.003          -2.713         -14.068          110.079
  362 (vir)          100.150          -1.014          -2.679         -14.159          110.616
  363 (vir)          100.379          -1.048          -2.812         -14.050          110.570
  364 (vir)          101.402          -1.088          -2.682         -14.561          112.193
  365 (vir)          102.039          -1.097          -2.915         -14.732          112.759
  366 (vir)          102.326          -0.848          -2.792         -14.716          113.401
  367 (vir)          102.336          -0.765          -3.493         -15.447          113.526
  368 (vir)          102.939          -0.984          -2.861         -14.685          113.779
  369 (vir)          102.987          -0.995          -2.676         -14.409          113.725
  370 (vir)          103.401          -1.171          -3.100         -15.267          114.397
  371 (vir)          103.793          -1.036          -3.070         -15.006          114.693
  372 (vir)          104.131          -1.120          -3.221         -15.216          115.006
  373 (vir)          104.586          -1.483          -3.876         -16.247          115.474
  374 (vir)          105.292          -1.075          -3.243         -15.318          116.291
  375 (vir)          105.718          -1.585          -3.238         -15.403          116.298
  376 (vir)          106.661          -1.193          -3.168         -15.401          117.702
  377 (vir)          106.818          -0.953          -3.222         -15.301          117.944
  378 (vir)          107.483          -1.017          -3.276         -15.697          118.887
  379 (vir)          107.895          -1.748          -3.676         -16.188          118.659
  380 (vir)          108.051          -1.112          -3.220         -15.400          119.120
  381 (vir)          108.810          -1.158          -3.080         -15.344          119.916
  382 (vir)          108.892          -1.386          -2.965         -15.058          119.599
  383 (vir)          109.749          -0.999          -3.182         -15.425          120.993
  384 (vir)          110.013          -0.922          -2.746         -14.967          121.312
  385 (vir)          110.620          -1.055          -3.175         -15.654          122.043
  386 (vir)          111.187          -0.833          -2.937         -15.213          122.631
  387 (vir)          112.022          -0.471          -3.629         -16.495          124.418
  388 (vir)          112.846          -1.051          -3.547         -16.575          124.823
  389 (vir)          113.053          -0.949          -3.201         -15.886          124.789
  390 (vir)          113.372          -0.935          -3.180         -15.802          125.060
  391 (vir)          113.908          -0.817          -2.774         -15.083          125.399
  392 (vir)          114.235          -1.089          -4.044         -17.327          126.429
  393 (vir)          115.407          -0.991          -4.521         -18.506          128.402
  394 (vir)          115.794          -0.899          -3.525         -16.530          127.900
  395 (vir)          116.283          -0.922          -3.494         -16.351          128.218
  396 (vir)          116.790          -0.811          -3.650         -16.738          129.066
  397 (vir)          117.456          -0.844          -3.995         -17.827          130.444
  398 (vir)          117.813          -0.783          -3.160         -15.898          129.767
  399 (vir)          118.565          -0.738          -3.811         -17.330          131.345
  400 (vir)          118.695          -1.155          -3.452         -16.566          130.653
  401 (vir)          119.097          -0.245          -2.895         -15.396          131.353
  402 (vir)          120.724          -0.355          -2.854         -15.341          132.857
  403 (vir)          120.808          -1.192          -3.644         -16.890          132.861
  404 (vir)          122.308          -0.719          -3.196         -16.072          134.465
  405 (vir)          122.396          -0.874          -3.665         -17.072          134.928
  406 (vir)          122.848          -0.857          -3.761         -17.388          135.618
  407 (vir)          124.379          -1.103          -3.148         -15.956          136.084
  408 (vir)          124.568          -1.192          -3.410         -16.355          136.321
  409 (vir)          125.350          -0.902          -3.156         -16.160          137.452
  410 (vir)          127.756          -0.975          -3.333         -16.793          140.242
  411 (vir)          128.638          -0.533          -2.994         -16.100          141.211
  412 (vir)          129.700          -0.686          -3.026         -15.794          141.782
  413 (vir)          130.607          -0.950          -3.324         -16.116          142.449
  414 (vir)          130.700          -0.560          -3.147         -16.536          143.529
  415 (vir)          131.355          -0.452          -2.629         -15.614          143.888
  416 (vir)          131.927          -0.475          -2.629         -15.786          144.609
  417 (vir)          132.252          -0.625          -3.297         -16.721          145.050
  418 (vir)          132.610          -0.565          -2.806         -15.894          145.134
  419 (vir)          133.588          -0.712          -2.845         -15.958          145.988
  420 (vir)          134.161          -0.587          -3.172         -16.548          146.949
  421 (vir)          135.402          -0.339          -2.921         -16.283          148.425
  422 (vir)          136.046          -0.471          -2.254         -15.154          148.475
  423 (vir)          136.529          -0.383          -2.830         -16.183          149.499
  424 (vir)          137.121          -0.768          -3.880         -18.300          150.773
  425 (vir)          137.452          -0.466          -3.147         -16.901          150.740
  426 (vir)          137.720          -0.633          -3.234         -17.047          150.899
  427 (vir)          138.595          -0.582          -3.053         -16.935          151.895
  428 (vir)          139.642          -0.323          -2.773         -16.265          152.811
  429 (vir)          141.059          -0.222          -2.969         -16.772          154.641
  430 (vir)          141.688          -0.155          -2.591         -15.922          154.864
  431 (vir)          142.026          -0.181          -2.390         -15.586          155.040
  432 (vir)          142.403          -0.267          -2.677         -16.218          155.677
  433 (vir)          142.745          -0.103          -1.876         -14.534          155.300
  434 (vir)          143.253          -0.306          -2.679         -16.172          156.440
  435 (vir)          143.773          -0.236          -2.391         -15.551          156.697
  436 (vir)          144.003          -0.009          -2.316         -15.357          157.036
  437 (vir)          144.520          -0.174          -2.407         -15.582          157.521
  438 (vir)          144.788          -0.041          -1.876         -14.700          157.570
  439 (vir)          145.214          -0.168          -2.224         -15.256          158.078
  440 (vir)          145.575          -0.087          -2.304         -15.485          158.669
  441 (vir)          146.004           0.103          -2.343         -15.527          159.290
  442 (vir)          146.028          -0.143          -2.433         -15.749          159.202
  443 (vir)          146.910          -0.232          -2.237         -15.518          159.959
  444 (vir)          147.420          -0.107          -2.472         -15.765          160.607
  445 (vir)          147.582          -0.007          -2.864         -16.638          161.349
  446 (vir)          147.826          -0.280          -2.286         -15.565          160.825
  447 (vir)          147.978          -0.131          -2.468         -15.874          161.252
  448 (vir)          148.752          -0.134          -2.476         -15.837          161.978
  449 (vir)          149.014          -0.105          -2.032         -14.904          161.780
  450 (vir)          149.140          -0.273          -2.472         -15.830          162.225
  451 (vir)          149.707          -0.212          -2.156         -15.296          162.635
  452 (vir)          149.800          -0.165          -2.605         -16.209          163.239
  453 (vir)          150.474          -0.183          -1.921         -14.879          163.249
  454 (vir)          151.643          -0.153          -2.457         -15.974          165.008
  455 (vir)          152.650          -0.092          -2.113         -15.306          165.752
  456 (vir)          153.175          -0.316          -2.014         -14.995          165.839
  457 (vir)          153.538          -0.461          -3.016         -17.119          167.182
  458 (vir)          153.742          -0.180          -1.679         -14.120          166.003
  459 (vir)          154.228          -0.110          -1.696         -14.118          166.540
  460 (vir)          155.299          -0.031          -2.889         -16.739          169.118
  461 (vir)          155.895          -0.022          -2.162         -15.165          168.876
  462 (vir)          156.245          -0.178          -1.950         -15.164          169.282
  463 (vir)          156.721           0.014          -1.817         -14.274          169.191
  464 (vir)          157.291          -0.145          -2.123         -15.098          170.121
  465 (vir)          157.894          -0.054          -2.023         -14.916          170.733
  466 (vir)          158.019          -0.351          -2.011         -15.260          170.918
  467 (vir)          158.310          -0.052          -1.691         -14.216          170.782
  468 (vir)          158.813          -0.079          -1.861         -14.439          171.313
  469 (vir)          159.317          -0.128          -2.373         -15.681          172.497
  470 (vir)          159.391          -0.187          -2.201         -15.266          172.269
  471 (vir)          159.875          -0.225          -1.822         -14.812          172.639
  472 (vir)          160.651           0.070          -1.654         -13.918          172.985
  473 (vir)          161.082          -0.156          -2.029         -15.137          174.035
  474 (vir)          161.173          -0.428          -1.827         -15.034          173.951
  475 (vir)          161.596          -0.258          -1.920         -14.960          174.379
  476 (vir)          162.000          -0.279          -2.168         -15.504          175.057
  477 (vir)          162.518          -0.305          -2.060         -15.502          175.655
  478 (vir)          162.886          -0.237          -2.171         -15.475          175.953
  479 (vir)          162.970          -0.324          -2.288         -16.068          176.426
  480 (vir)          163.399          -0.219          -2.048         -15.232          176.364
  481 (vir)          163.454          -0.292          -2.233         -15.895          176.824
  482 (vir)          164.068          -0.025          -1.803         -14.573          176.813
  483 (vir)          165.427          -0.254          -2.071         -15.636          178.739
  484 (vir)          165.759          -0.234          -2.124         -15.575          178.975
  485 (vir)          165.977          -0.260          -1.973         -15.335          179.079
  486 (vir)          166.063          -0.217          -2.389         -16.138          179.595
  487 (vir)          166.703          -0.368          -1.968         -15.394          179.762
  488 (vir)          167.395          -0.119          -2.096         -15.388          180.568
  489 (vir)          167.685          -0.336          -1.999         -15.548          180.898
  490 (vir)          167.913          -0.339          -2.062         -15.552          181.064
  491 (vir)          168.257          -0.363          -1.967         -15.439          181.366
  492 (vir)          168.680          -0.129          -1.821         -15.047          181.778
  493 (vir)          168.927          -0.249          -2.199         -15.938          182.417
  494 (vir)          169.492          -0.238          -1.967         -15.416          182.702
  495 (vir)          169.962          -0.331          -2.213         -16.042          183.460
  496 (vir)          170.117          -0.385          -2.086         -15.715          183.360
  497 (vir)          170.901          -0.291          -2.077         -15.862          184.396
  498 (vir)          171.110          -0.339          -1.963         -15.655          184.463
  499 (vir)          171.298          -0.279          -2.020         -15.589          184.589
  500 (vir)          172.063          -0.317          -1.988         -15.604          185.362
  501 (vir)          172.189          -0.259          -1.917         -15.426          185.440
  502 (vir)          172.781          -0.327          -2.200         -15.866          186.120
  503 (vir)          172.872          -0.328          -2.024         -15.856          186.376
  504 (vir)          173.903          -0.266          -2.020         -15.706          187.323
  505 (vir)          174.684          -0.216          -2.044         -15.647          188.071
  506 (vir)          175.358          -0.276          -2.240         -16.061          188.904
  507 (vir)          175.742          -0.203          -2.179         -16.165          189.525
  508 (vir)          175.921          -0.301          -2.039         -15.912          189.493
  509 (vir)          176.142          -0.354          -2.110         -15.989          189.667
  510 (vir)          176.876          -0.228          -1.798         -15.363          190.213
  511 (vir)          177.152          -0.286          -2.275         -16.308          190.899
  512 (vir)          177.313          -0.400          -2.096         -16.376          191.193
  513 (vir)          178.287          -0.305          -2.489         -16.796          192.289
  514 (vir)          178.547          -0.274          -1.959         -15.931          192.245
  515 (vir)          179.365          -0.255          -1.999         -15.953          193.064
  516 (vir)          179.670          -0.336          -2.086         -16.135          193.383
  517 (vir)          180.059          -0.156          -2.325         -16.679          194.257
  518 (vir)          180.783          -0.344          -2.038         -16.118          194.519
  519 (vir)          181.061          -0.265          -2.240         -16.278          194.833
  520 (vir)          181.551          -0.292          -2.074         -15.973          195.158
  521 (vir)          182.552          -0.272          -2.087         -15.947          196.140
  522 (vir)          182.745          -0.306          -2.368         -16.595          196.665
  523 (vir)          182.873          -0.421          -2.078         -16.523          196.896
  524 (vir)          183.499          -0.227          -2.318         -16.463          197.415
  525 (vir)          184.626          -0.372          -2.006         -16.136          198.384
  526 (vir)          185.081          -0.344          -2.077         -16.405          199.064
  527 (vir)          185.348          -0.198          -2.245         -16.443          199.347
  528 (vir)          186.392          -0.229          -1.924         -15.661          199.900
  529 (vir)          186.585          -0.267          -2.344         -16.462          200.436
  530 (vir)          186.979          -0.206          -2.176         -16.326          200.923
  531 (vir)          187.880           0.018          -1.743         -14.828          200.983
  532 (vir)          188.095          -0.265          -1.873         -15.578          201.535
  533 (vir)          188.842          -0.143          -2.284         -16.416          202.831
  534 (vir)          188.873          -0.044          -2.149         -16.031          202.711
  535 (vir)          188.977          -0.164          -1.809         -15.481          202.485
  536 (vir)          189.920           0.047          -2.285         -16.355          204.038
  537 (vir)          189.996          -0.178          -1.823         -15.381          203.376
  538 (vir)          190.117          -0.126          -2.094         -16.249          204.146
  539 (vir)          190.474          -0.277          -2.288         -16.388          204.298
  540 (vir)          191.100          -0.093          -1.856         -15.482          204.632
  541 (vir)          191.740          -0.127          -2.422         -16.786          205.978
  542 (vir)          192.585          -0.283          -1.829         -15.413          205.887
  543 (vir)          193.035          -0.263          -2.303         -16.380          206.849
  544 (vir)          193.776          -0.110          -2.045         -15.985          207.605
  545 (vir)          193.977          -0.584          -2.799         -17.324          207.918
  546 (vir)          194.294           0.043          -2.178         -15.994          208.152
  547 (vir)          194.790          -0.017          -1.606         -14.687          207.854
  548 (vir)          196.315           0.021          -1.705         -15.023          209.654
  549 (vir)          197.186           0.105          -1.736         -14.600          210.155
  550 (vir)          197.648          -0.245          -1.749         -15.135          210.789
  551 (vir)          197.667           0.009          -2.148         -15.888          211.416
  552 (vir)          197.893          -0.063          -1.628         -14.724          210.926
  553 (vir)          198.680          -0.029          -2.420         -16.410          212.641
  554 (vir)          199.329          -0.096          -1.687         -14.604          212.149
  555 (vir)          200.121          -0.364          -2.158         -15.877          213.476
  556 (vir)          200.715          -0.158          -1.674         -14.998          213.881
  557 (vir)          200.963          -0.158          -2.111         -15.991          214.685
  558 (vir)          201.216          -0.162          -1.880         -15.764          214.939
  559 (vir)          201.495          -0.028          -1.752         -15.227          214.942
  560 (vir)          202.640          -0.193          -2.071         -15.965          216.341
  561 (vir)          202.922          -0.114          -2.042         -15.922          216.689
  562 (vir)          204.034           0.014          -2.244         -16.281          218.085
  563 (vir)          204.095          -0.037          -1.649         -15.020          217.429
  564 (vir)          204.233          -0.145          -2.287         -16.298          218.098
  565 (vir)          204.626           0.376          -1.781         -14.915          218.137
  566 (vir)          205.237           0.003          -1.666         -15.376          218.950
  567 (vir)          205.955           0.129          -1.908         -15.224          219.400
  568 (vir)          206.997          -0.030          -1.633         -15.517          220.850
  569 (vir)          207.393          -0.110          -1.958         -15.764          221.088
  570 (vir)          207.804           0.006          -2.201         -16.413          222.021
  571 (vir)          208.417          -0.160          -1.495         -14.929          221.692
  572 (vir)          208.669          -0.157          -2.024         -15.777          222.265
  573 (vir)          209.007          -0.041          -1.957         -16.027          223.035
  574 (vir)          209.437          -0.154          -1.936         -16.231          223.578
  575 (vir)          209.567          -0.130          -2.101         -16.533          223.869
  576 (vir)          210.419           0.085          -1.580         -14.427          223.351
  577 (vir)          210.768          -0.123          -2.224         -16.287          224.708
  578 (vir)          211.274           0.269          -1.370         -14.226          224.398
  579 (vir)          211.707           0.070          -1.515         -15.009          225.270
  580 (vir)          211.869          -0.041          -1.703         -15.431          225.556
  581 (vir)          212.190          -0.094          -2.009         -16.507          226.594
  582 (vir)          212.716          -0.130          -1.771         -15.590          226.404
  583 (vir)          212.803          -0.142          -1.759         -15.690          226.591
  584 (vir)          213.158          -0.147          -2.131         -16.257          227.137
  585 (vir)          213.847           0.039          -1.732         -15.017          227.171
  586 (vir)          214.231          -0.147          -2.059         -16.296          228.321
  587 (vir)          214.504          -0.161          -2.019         -16.112          228.436
  588 (vir)          215.110          -0.036          -1.913         -15.762          228.923
  589 (vir)          215.779          -0.226          -1.623         -15.494          229.425
  590 (vir)          216.050          -0.088          -2.067         -16.402          230.298
  591 (vir)          216.136          -0.187          -1.982         -16.176          230.143
  592 (vir)          216.557          -0.072          -1.721         -15.689          230.454
  593 (vir)          217.047          -0.176          -1.959         -16.505          231.416
  594 (vir)          217.875          -0.229          -1.840         -16.314          232.120
  595 (vir)          218.008          -0.140          -1.941         -16.407          232.334
  596 (vir)          218.713          -0.215          -1.921         -16.383          232.960
  597 (vir)          218.756          -0.220          -1.684         -15.709          232.560
  598 (vir)          218.952          -0.179          -2.005         -16.646          233.414
  599 (vir)          219.495          -0.110          -2.044         -16.356          233.697
  600 (vir)          220.103          -0.368          -1.923         -16.791          234.603
  601 (vir)          220.508          -0.286          -1.824         -16.054          234.453
  602 (vir)          220.588          -0.229          -1.998         -16.657          235.018
  603 (vir)          220.807          -0.058          -1.592         -15.239          234.396
  604 (vir)          220.946          -0.362          -1.814         -16.203          234.973
  605 (vir)          221.401          -0.121          -1.804         -15.984          235.460
  606 (vir)          222.396          -0.228          -1.742         -15.885          236.311
  607 (vir)          222.745           0.006          -1.735         -15.919          236.935
  608 (vir)          222.973          -0.196          -1.717         -16.034          237.095
  609 (vir)          223.856          -0.057          -2.142         -16.646          238.303
  610 (vir)          224.306          -0.074          -1.823         -16.131          238.540
  611 (vir)          224.568          -0.138          -1.758         -15.998          238.670
  612 (vir)          225.655          -0.165          -1.693         -15.785          239.583
  613 (vir)          226.169          -0.241          -1.648         -15.645          239.925
  614 (vir)          226.223          -0.295          -1.879         -16.795          240.844
  615 (vir)          226.728          -0.295          -1.890         -16.798          241.340
  616 (vir)          227.571          -0.200          -1.797         -16.287          241.861
  617 (vir)          227.646          -0.248          -2.242         -17.135          242.290
  618 (vir)          228.190          -0.246          -1.885         -16.566          242.625
  619 (vir)          228.396          -0.185          -1.604         -15.720          242.326
  620 (vir)          228.870          -0.273          -2.186         -17.404          243.814
  621 (vir)          229.548          -0.618          -2.629         -18.277          244.578
  622 (vir)          230.088          -0.420          -2.073         -17.158          244.753
  623 (vir)          230.712          -0.634          -2.294         -17.689          245.473
  624 (vir)          231.058          -0.395          -2.232         -17.397          245.829
  625 (vir)          231.697          -0.389          -2.065         -17.149          246.392
  626 (vir)          232.614          -0.562          -2.187         -17.409          247.275
  627 (vir)          232.802          -0.468          -2.649         -18.220          247.905
  628 (vir)          233.116          -0.499          -2.436         -17.805          247.986
  629 (vir)          233.510          -0.528          -2.234         -17.887          248.635
  630 (vir)          233.938          -0.577          -2.077         -17.262          248.546
  631 (vir)          234.616          -0.470          -2.373         -17.804          249.577
  632 (vir)          234.916          -0.309          -1.660         -16.049          248.997
  633 (vir)          235.302          -0.405          -2.275         -17.581          250.203
  634 (vir)          236.448          -0.235          -2.240         -17.295          251.268
  635 (vir)          237.619          -0.149          -2.387         -17.565          252.647
  636 (vir)          238.310          -0.288          -1.978         -16.992          253.036
  637 (vir)          238.799          -0.087          -2.317         -18.624          255.019
  638 (vir)          239.110          -0.194          -2.304         -18.245          254.857
  639 (vir)          239.539          -0.338          -2.101         -17.357          254.457
  640 (vir)          240.470          -0.687          -2.287         -18.205          255.700
  641 (vir)          240.656          -0.583          -2.302         -18.029          255.799
  642 (vir)          241.316          -0.377          -2.259         -18.414          257.093
  643 (vir)          241.877          -0.633          -1.866         -17.037          256.415
  644 (vir)          242.375          -0.827          -2.114         -18.024          257.458
  645 (vir)          243.485          -0.347          -2.017         -17.618          258.738
  646 (vir)          243.950          -0.844          -2.242         -18.584          259.448
  647 (vir)          244.511          -0.425          -1.976         -17.647          259.758
  648 (vir)          244.673          -1.387          -2.115         -17.917          259.089
  649 (vir)          245.255          -0.703          -2.240         -18.285          260.596
  650 (vir)          245.303          -0.669          -2.246         -18.426          260.815
  651 (vir)          245.822          -0.399          -2.333         -18.337          261.427
  652 (vir)          245.977          -1.656          -2.244         -18.727          260.804
  653 (vir)          246.352          -0.471          -2.320         -18.530          262.091
  654 (vir)          246.919          -0.781          -2.267         -18.519          262.389
  655 (vir)          247.621          -0.284          -2.216         -18.248          263.370
  656 (vir)          248.103          -0.808          -2.234         -18.583          263.643
  657 (vir)          248.425          -0.572          -2.272         -18.248          263.829
  658 (vir)          249.111          -0.860          -2.174         -18.525          264.602
  659 (vir)          249.351          -0.819          -2.477         -18.851          264.906
  660 (vir)          249.509          -0.975          -2.064         -18.035          264.505
  661 (vir)          250.156          -0.505          -2.471         -18.676          265.856
  662 (vir)          250.828          -1.241          -2.156         -18.469          265.901
  663 (vir)          250.960          -0.108          -2.142         -18.025          266.736
  664 (vir)          251.883          -0.811          -2.355         -18.830          267.546
  665 (vir)          252.484          -0.791          -2.223         -18.640          268.110
  666 (vir)          253.041          -0.743          -2.943         -19.776          269.131
  667 (vir)          254.463          -0.572          -2.736         -19.150          270.306
  668 (vir)          254.602          -0.540          -2.977         -19.652          270.738
  669 (vir)          255.491          -0.436          -2.229         -18.163          270.989
  670 (vir)          255.823          -0.542          -2.839         -19.531          271.973
  671 (vir)          257.857          -0.570          -2.626         -19.104          273.764
  672 (vir)          258.647          -0.653          -2.497         -18.940          274.437
  673 (vir)          260.094          -0.583          -2.391         -18.683          275.803
  674 (vir)          260.436          -0.674          -2.832         -19.615          276.544
  675 (vir)          260.844          -0.778          -2.168         -18.321          276.219
  676 (vir)          261.400          -0.688          -2.410         -18.856          277.158
  677 (vir)          262.050          -0.694          -2.451         -19.099          278.004
  678 (vir)          262.904          -0.636          -2.352         -18.781          278.696
  679 (vir)          263.278          -0.956          -2.566         -19.706          279.461
  680 (vir)          264.116          -0.672          -2.516         -19.025          279.953
  681 (vir)          265.708          -0.471          -2.856         -19.596          281.977
  682 (vir)          266.019          -0.523          -1.773         -17.244          280.967
  683 (vir)          266.413          -0.576          -2.106         -18.227          281.959
  684 (vir)          267.617          -0.502          -2.214         -18.435          283.336
  685 (vir)          268.610          -0.525          -1.983         -17.983          284.084
  686 (vir)          269.154          -0.469          -2.498         -18.996          285.183
  687 (vir)          269.511          -0.415          -2.201         -18.353          285.247
  688 (vir)          270.002          -0.513          -2.362         -19.290          286.416
  689 (vir)          270.591          -0.370          -2.467         -19.046          286.800
  690 (vir)          272.056          -0.932          -2.734         -20.231          288.621
  691 (vir)          273.111          -0.846          -2.629         -20.013          289.648
  692 (vir)          273.489          -0.513          -2.730         -19.603          289.849
  693 (vir)          274.138          -0.500          -3.489         -20.893          291.042
  694 (vir)          274.474          -0.562          -3.069         -20.193          291.036
  695 (vir)          275.925          -0.390          -2.845         -19.971          292.662
  696 (vir)          276.716          -0.304          -2.790         -19.633          293.256
  697 (vir)          277.243          -0.758          -2.768         -20.325          294.043
  698 (vir)          277.893          -0.416          -2.627         -19.699          294.548
  699 (vir)          278.609          -0.765          -2.612         -20.195          295.427
  700 (vir)          278.899          -0.427          -2.553         -19.427          295.346
  701 (vir)          279.122          -0.673          -2.633         -20.100          295.917
  702 (vir)          280.727          -0.237          -3.150         -20.449          297.789
  703 (vir)          283.080           0.035          -3.184         -20.151          300.081
  704 (vir)          284.774          -0.073          -2.262         -18.775          301.213
  705 (vir)          284.859          -0.741          -2.448         -19.971          301.641
  706 (vir)          285.221          -0.305          -2.668         -19.651          301.899
  707 (vir)          286.143          -0.709          -2.597         -20.245          303.082
  708 (vir)          287.447          -0.068          -3.403         -20.758          304.734
  709 (vir)          290.266          -0.322          -3.000         -20.422          307.366
  710 (vir)          291.252          -0.255          -4.214         -22.059          308.842
  711 (vir)          293.274          -0.558          -2.775         -20.176          310.116
  712 (vir)          293.936          -0.467          -2.962         -20.298          310.804
  713 (vir)          296.098           1.809          -3.468         -21.354          315.794
  714 (vir)          296.457          -2.336          -3.498         -23.137          313.760
  715 (vir)          297.804          -3.271          -3.430         -22.692          313.795
  716 (vir)          299.334          -0.229          -3.909         -21.881          317.078
  717 (vir)          302.396          -0.499          -2.939         -20.502          319.459
  718 (vir)          303.792          -0.225          -2.849         -20.456          321.174
  719 (vir)          306.456          -0.314          -3.143         -20.868          323.867
  720 (vir)          307.110          -0.300          -3.220         -21.056          324.646
  721 (vir)          307.810          -1.501          -3.241         -22.705          325.773
  722 (vir)          309.270          -0.349          -3.493         -21.499          326.927
  723 (vir)          309.397          -0.344          -3.547         -21.765          327.271
  724 (vir)          311.117          -0.489          -1.811         -17.931          326.748
  725 (vir)          311.349          -0.654          -3.246         -21.455          328.904
  726 (vir)          312.767          -0.612          -2.583         -19.937          329.509
  727 (vir)          312.878          -0.384          -1.810         -18.025          328.710
  728 (vir)          313.191          -0.456          -2.509         -19.642          329.868
  729 (vir)          313.640          -1.252          -3.241         -22.111          331.258
  730 (vir)          314.635          -0.381          -2.959         -20.282          331.577
  731 (vir)          316.739          -0.747          -3.966         -22.606          334.631
  732 (vir)          318.514          -0.645          -3.691         -22.481          336.659
  733 (vir)          319.257          -0.778          -2.410         -19.814          335.882
  734 (vir)          319.283          -1.293          -3.064         -21.948          336.874
  735 (vir)          319.747          -0.509          -3.297         -21.277          337.218
  736 (vir)          320.499          -0.558          -3.164         -21.289          338.067
  737 (vir)          321.938          -0.864          -4.229         -23.830          340.674
  738 (vir)          323.912          -0.362          -2.333         -19.605          340.822
  739 (vir)          324.541          -0.466          -2.612         -20.270          341.733
  740 (vir)          326.352          -0.381          -3.478         -21.940          344.432
  741 (vir)          326.661          -1.905          -4.379         -25.616          345.993
  742 (vir)          328.001          -0.872          -3.687         -23.048          346.490
  743 (vir)          328.913          -0.335          -4.458         -23.726          347.845
  744 (vir)          329.857          -0.989          -3.562         -22.877          348.183
  745 (vir)          331.739          -1.766          -4.052         -24.771          350.691
  746 (vir)          335.965           0.027          -2.211         -19.520          353.301
  747 (vir)          343.085           0.431          -2.542         -19.086          360.060
  748 (vir)          353.850          -1.223          -3.686         -24.582          373.524
  749 (vir)          364.306          -1.091          -3.699         -24.590          384.107
  750 (vir)          382.168          -0.810          -9.406         -31.691          403.644
  751 (vir)          389.295          -1.213          -4.897         -26.840          410.025
  752 (vir)          390.182          -0.244          -2.392         -19.639          407.184
  753 (vir)          401.723          -0.112          -3.302         -21.414          419.721
  754 (vir)          402.398          -0.063          -3.316         -21.396          420.415
  755 (vir)          405.089          -0.092          -3.653         -22.002          423.347
  756 (vir)          755.819          -0.417         -13.011         -46.320          788.710
  757 (vir)          763.072          -0.450         -12.847         -46.117          795.893
  758 (vir)          769.332          -0.503         -12.786         -46.075          802.117
  759 (vir)          775.608          -0.600         -12.677         -45.950          808.281
  760 (vir)          777.647          -0.611         -12.667         -45.977          810.346
  761 (vir)         1018.388          -1.180         -15.396         -54.154         1055.966
  762 (vir)         1019.585          -1.188         -15.376         -54.171         1057.192
  763 (vir)         1026.187          -1.198         -15.234         -54.044         1063.799
  764 (vir)         1028.507          -1.195         -15.202         -54.024         1066.135
  765 (vir)         1030.788          -1.187         -15.146         -53.926         1068.381
  766 (vir)         1304.243          -1.305         -17.996         -62.258         1347.200
  767 (vir)         3986.718          -1.811         -14.780         -94.566         4064.694
  768 (vir)         3993.049          -1.809         -14.740         -94.521         4071.021
  769 (vir)         3999.846          -1.806         -14.721         -94.507         4077.826
  770 (vir)         4005.644          -1.803         -14.699         -94.492         4083.635
  771 (vir)         4007.972          -1.802         -14.689         -94.482         4085.964
  772 (vir)         5342.895          -1.840         -17.624        -110.445         5433.877
  773 (vir)         5344.309          -1.842         -17.609        -110.434         5435.292
  774 (vir)         5351.306          -1.847         -17.555        -110.385         5442.289
  775 (vir)         5353.846          -1.847         -17.544        -110.375         5444.831
  776 (vir)         5355.519          -1.844         -17.537        -110.367         5446.505
  777 (vir)         6872.100          -1.868         -20.605        -126.345         6975.972
