 
  kpoint:     0.0000    0.0000    0.0000
 
    n          ϵ_nk^DFT (eV)     Σ^c_nk (eV)     Σ^x_nk (eV)     v_n^xc (eV)   ϵ_nk^G0W0 (eV)
 
    1 (occ)       -13089.819           3.244        -645.675        -398.173       -13334.077
    2 (occ)       -13089.819           3.244        -645.675        -398.173       -13334.077
    3 (occ)       -13089.819           3.244        -645.675        -398.173       -13334.077
    4 (occ)       -13089.819           3.244        -645.675        -398.173       -13334.077
    5 (occ)        -1682.483           3.808        -238.782        -145.991        -1771.466
    6 (occ)        -1682.483           3.808        -238.782        -145.991        -1771.466
    7 (occ)        -1682.483           3.808        -238.782        -145.991        -1771.466
    8 (occ)        -1682.483           3.810        -238.782        -145.991        -1771.464
    9 (occ)        -1516.915           3.314        -232.482        -154.697        -1591.386
   10 (occ)        -1516.915           3.318        -232.482        -154.697        -1591.382
   11 (occ)        -1516.915           3.311        -232.482        -154.697        -1591.389
   12 (occ)        -1516.915           3.314        -232.482        -154.697        -1591.386
   13 (occ)        -1516.782           3.092        -232.616        -154.736        -1591.570
   14 (occ)        -1516.782           3.090        -232.616        -154.736        -1591.572
   15 (occ)        -1516.782           3.091        -232.616        -154.736        -1591.570
   16 (occ)        -1516.782           3.098        -232.616        -154.736        -1591.563
   17 (occ)        -1516.782           3.098        -232.616        -154.736        -1591.564
   18 (occ)        -1516.782           3.096        -232.616        -154.736        -1591.565
   19 (occ)        -1516.782           3.102        -232.616        -154.736        -1591.560
   20 (occ)        -1516.782           3.102        -232.616        -154.736        -1591.560
   21 (occ)         -274.824           3.616         -96.801         -61.488         -306.522
   22 (occ)         -229.536          12.379        -103.622         -64.370         -256.409
   23 (occ)         -229.536          12.387        -103.622         -64.370         -256.401
   24 (occ)         -229.536          12.367        -103.623         -64.370         -256.422
   25 (occ)         -229.536          12.352        -103.622         -64.371         -256.436
   26 (occ)         -171.802           6.102         -95.002         -62.974         -197.728
   27 (occ)         -171.802           6.217         -95.002         -62.974         -197.613
   28 (occ)         -171.802           6.721         -95.002         -62.974         -197.109
   29 (occ)         -171.802           5.485         -95.002         -62.974         -198.346
   30 (occ)         -171.413           5.934         -95.293         -63.047         -197.725
   31 (occ)         -171.413           5.181         -95.293         -63.047         -198.478
   32 (occ)         -171.413           5.434         -95.293         -63.047         -198.225
   33 (occ)         -171.413           6.034         -95.292         -63.047         -197.625
   34 (occ)         -171.413           5.498         -95.292         -63.047         -198.161
   35 (occ)         -171.413           5.240         -95.292         -63.047         -198.419
   36 (occ)         -171.413           5.736         -95.292         -63.047         -197.923
   37 (occ)         -171.413           5.738         -95.292         -63.047         -197.921
   38 (occ)          -68.419          10.246         -77.884         -58.326          -77.730
   39 (occ)          -68.417          10.190         -77.888         -58.330          -77.785
   40 (occ)          -68.417          10.195         -77.888         -58.330          -77.780
   41 (occ)          -68.417          10.232         -77.888         -58.330          -77.744
   42 (occ)          -68.321          10.128         -77.915         -58.357          -77.751
   43 (occ)          -68.321          10.155         -77.915         -58.357          -77.723
   44 (occ)          -68.321          10.158         -77.915         -58.357          -77.721
   45 (occ)          -68.320          10.136         -77.914         -58.355          -77.743
   46 (occ)          -68.320          10.136         -77.914         -58.355          -77.743
   47 (occ)          -68.320          10.117         -77.920         -58.361          -77.762
   48 (occ)          -68.320          10.145         -77.920         -58.361          -77.733
   49 (occ)          -68.320          10.148         -77.920         -58.361          -77.731
   50 (occ)          -68.032          10.036         -78.043         -58.434          -77.605
   51 (occ)          -68.032          10.060         -78.043         -58.434          -77.581
   52 (occ)          -68.032          10.062         -78.043         -58.434          -77.579
   53 (occ)          -68.032          10.058         -78.043         -58.434          -77.583
   54 (occ)          -68.032          10.058         -78.043         -58.434          -77.583
   55 (occ)          -68.032          10.033         -78.045         -58.435          -77.609
   56 (occ)          -68.032          10.057         -78.045         -58.435          -77.584
   57 (occ)          -68.032          10.059         -78.045         -58.435          -77.582
   58 (occ)          -22.874           6.339         -26.084         -17.188          -25.430
   59 (occ)          -19.985           5.786         -26.474         -18.483          -22.190
   60 (occ)          -19.985           5.749         -26.474         -18.483          -22.227
   61 (occ)          -19.985           5.592         -26.474         -18.483          -22.384
   62 (occ)          -15.260           3.318         -23.511         -17.539          -17.914
   63 (occ)          -11.624           1.398         -19.764         -15.628          -14.363
   64 (occ)          -11.624           1.398         -19.764         -15.628          -14.362
   65 (occ)          -11.624           1.400         -19.764         -15.628          -14.360
   66 (occ)           -8.414           1.714         -19.174         -14.785          -11.088
   67 (occ)           -8.414           1.716         -19.174         -14.785          -11.087
   68 (occ)           -7.824           1.072         -19.040         -15.200          -10.593
   69 (occ)           -7.824           1.072         -19.040         -15.200          -10.592
   70 (occ)           -7.824           1.071         -19.040         -15.200          -10.593
   71 (occ)           -6.974           1.082         -19.841         -15.842           -9.891
   72 (occ)           -6.974           1.085         -19.841         -15.842           -9.887
   73 (occ)           -6.974           1.086         -19.841         -15.842           -9.887
   74 (vir)           -3.510          -2.479         -10.136         -15.043           -1.083
   75 (vir)           -1.861          -3.097          -8.867         -14.324            0.498
   76 (vir)           -1.861          -3.097          -8.867         -14.324            0.498
   77 (vir)           -1.861          -3.097          -8.867         -14.324            0.499
   78 (vir)            2.548          -1.374          -2.535          -5.847            4.486
   79 (vir)            2.548          -1.374          -2.535          -5.847            4.486
   80 (vir)            2.548          -1.374          -2.535          -5.847            4.485
   81 (vir)            2.898          -1.909          -3.299          -7.362            5.053
   82 (vir)            3.786          -2.118          -3.925          -8.345            6.088
   83 (vir)            3.786          -2.117          -3.925          -8.345            6.089
   84 (vir)            3.786          -2.117          -3.925          -8.345            6.089
   85 (vir)            3.800          -1.547          -2.934          -6.771            6.090
   86 (vir)            3.800          -1.546          -2.934          -6.771            6.091
   87 (vir)            4.129          -1.617          -2.923          -6.690            6.279
   88 (vir)            4.129          -1.617          -2.923          -6.690            6.279
   89 (vir)            4.129          -1.616          -2.923          -6.690            6.281
   90 (vir)            4.807          -2.026          -3.606          -7.642            6.816
   91 (vir)            5.143          -1.406          -2.551          -6.169            7.356
   92 (vir)            5.143          -1.413          -2.551          -6.169            7.348
   93 (vir)            5.143          -1.410          -2.551          -6.169            7.352
   94 (vir)            5.209          -2.399          -5.824         -10.819            7.804
   95 (vir)            5.209          -2.401          -5.824         -10.819            7.803
   96 (vir)            5.396          -2.223          -4.725          -9.416            7.865
   97 (vir)            5.396          -2.217          -4.725          -9.416            7.871
   98 (vir)            5.396          -2.220          -4.725          -9.416            7.868
   99 (vir)            8.338          -2.992          -5.645         -11.332           11.033
  100 (vir)            8.338          -3.027          -5.645         -11.332           10.997
  101 (vir)            8.338          -3.029          -5.645         -11.332           10.996
  102 (vir)            9.544          -3.103          -5.584         -11.309           12.166
  103 (vir)            9.544          -3.102          -5.584         -11.309           12.167
  104 (vir)           10.893          -3.801          -4.538         -10.710           13.264
  105 (vir)           10.893          -3.828          -4.538         -10.710           13.238
  106 (vir)           10.893          -3.828          -4.538         -10.710           13.237
  107 (vir)           12.211          -3.596          -2.885          -8.727           14.456
  108 (vir)           12.857          -3.744          -5.458         -11.729           15.384
  109 (vir)           12.857          -3.724          -5.458         -11.729           15.404
  110 (vir)           12.857          -3.677          -5.458         -11.729           15.451
  111 (vir)           13.409          -2.731          -3.601          -8.772           15.848
  112 (vir)           13.409          -2.721          -3.601          -8.772           15.858
  113 (vir)           13.409          -2.715          -3.601          -8.772           15.864
  114 (vir)           14.979          -3.376          -4.307         -10.200           17.496
  115 (vir)           14.979          -3.359          -4.307         -10.200           17.513
  116 (vir)           14.979          -3.447          -4.307         -10.200           17.425
  117 (vir)           16.025          -3.667          -4.706         -10.833           18.484
  118 (vir)           18.504          -4.580          -3.086         -10.075           20.913
  119 (vir)           18.504          -4.566          -3.086         -10.075           20.927
  120 (vir)           18.504          -4.592          -3.086         -10.075           20.901
  121 (vir)           19.142          -4.268          -3.157         -10.310           22.028
  122 (vir)           19.142          -4.299          -3.157         -10.310           21.997
  123 (vir)           21.632          -4.653          -3.687         -11.020           24.312
  124 (vir)           21.632          -4.731          -3.687         -11.020           24.235
  125 (vir)           21.632          -4.686          -3.687         -11.020           24.279
  126 (vir)           22.316          -4.443          -3.036         -10.293           25.130
  127 (vir)           23.830          -4.571          -2.529          -9.908           26.638
  128 (vir)           23.830          -4.598          -2.529          -9.908           26.611
  129 (vir)           23.830          -4.413          -2.529          -9.908           26.797
  130 (vir)           24.130          -4.422          -4.351         -11.654           27.011
  131 (vir)           24.130          -4.423          -4.351         -11.654           27.010
  132 (vir)           25.362          -4.328          -3.349         -10.809           28.494
  133 (vir)           25.362          -4.306          -3.349         -10.809           28.516
  134 (vir)           25.362          -4.263          -3.349         -10.809           28.559
  135 (vir)           26.552          -4.635          -3.909         -11.576           29.584
  136 (vir)           26.552          -4.587          -3.909         -11.576           29.632
  137 (vir)           26.552          -4.586          -3.909         -11.576           29.633
  138 (vir)           27.189          -4.726          -2.442         -10.195           30.216
  139 (vir)           27.758          -4.601          -3.160         -11.185           31.182
  140 (vir)           27.758          -4.487          -3.160         -11.185           31.296
  141 (vir)           27.758          -3.976          -3.160         -11.185           31.807
  142 (vir)           27.923          -4.370          -3.677         -11.324           31.201
  143 (vir)           27.923          -4.417          -3.677         -11.324           31.154
  144 (vir)           27.923          -4.452          -3.677         -11.324           31.119
  145 (vir)           28.406          -4.362          -4.024         -11.849           31.869
  146 (vir)           28.406          -4.356          -4.024         -11.849           31.875
  147 (vir)           28.710          -3.874          -4.032         -11.451           32.255
  148 (vir)           28.710          -3.448          -4.032         -11.451           32.681
  149 (vir)           28.710          -3.386          -4.032         -11.451           32.743
  150 (vir)           31.914          -4.830          -5.250         -13.680           35.514
  151 (vir)           31.914          -5.006          -5.250         -13.680           35.338
  152 (vir)           31.914          -5.008          -5.250         -13.680           35.336
  153 (vir)           31.933          -4.628          -4.156         -12.491           35.639
  154 (vir)           31.933          -4.624          -4.156         -12.491           35.643
  155 (vir)           31.933          -4.641          -4.156         -12.491           35.627
  156 (vir)           33.372          -1.286          -5.188         -13.246           40.145
  157 (vir)           33.448          -3.492          -6.235         -15.358           39.079
  158 (vir)           33.448          -4.410          -6.235         -15.358           38.161
  159 (vir)           33.448          -4.434          -6.235         -15.358           38.138
  160 (vir)           34.180          -4.314          -4.124         -13.099           38.841
  161 (vir)           35.358          -3.457          -6.112         -15.053           40.843
  162 (vir)           35.358          -4.324          -6.112         -15.053           39.976
  163 (vir)           38.113          -4.774          -4.877         -13.780           42.241
  164 (vir)           38.113          -5.059          -4.877         -13.780           41.957
  165 (vir)           38.113          -5.461          -4.877         -13.780           41.555
  166 (vir)           38.547          -3.642          -4.253         -12.515           43.168
  167 (vir)           38.911          -3.496          -6.737         -16.113           44.791
  168 (vir)           38.911          -3.764          -6.737         -16.113           44.523
  169 (vir)           38.911          -3.721          -6.737         -16.113           44.566
  170 (vir)           40.628          -3.646          -6.098         -15.367           46.251
  171 (vir)           40.628          -3.538          -6.098         -15.367           46.359
  172 (vir)           40.628          -3.459          -6.098         -15.367           46.438
  173 (vir)           41.134          -4.233          -6.659         -16.305           46.547
  174 (vir)           41.134          -2.877          -6.659         -16.305           47.903
  175 (vir)           43.398          -2.911          -3.577         -13.109           50.019
  176 (vir)           43.398          -3.297          -3.577         -13.109           49.633
  177 (vir)           43.996          -2.237          -5.982         -14.915           50.692
  178 (vir)           44.924          -2.618          -4.252         -13.153           51.207
  179 (vir)           44.924          -3.685          -4.252         -13.153           50.140
  180 (vir)           44.924          -4.433          -4.252         -13.153           49.392
  181 (vir)           48.354          -3.147          -4.654         -14.051           54.604
  182 (vir)           48.354          -3.233          -4.654         -14.051           54.518
  183 (vir)           48.354          -5.455          -4.654         -14.051           52.296
  184 (vir)           49.120          -4.095          -5.397         -15.325           54.953
  185 (vir)           49.120          -2.729          -5.397         -15.325           56.318
  186 (vir)           49.120          -3.169          -5.397         -15.325           55.878
  187 (vir)           51.396          -2.751          -3.410         -13.425           58.661
  188 (vir)           51.396          -2.733          -3.410         -13.425           58.678
  189 (vir)           51.396          -2.720          -3.410         -13.425           58.692
  190 (vir)           57.122          -0.131          -2.200         -12.080           66.871
  191 (vir)           57.122          -0.107          -2.200         -12.080           66.895
  192 (vir)           57.122          -0.146          -2.200         -12.080           66.855
  193 (vir)           58.034          -3.106          -2.482         -12.137           64.583
  194 (vir)           58.034          -1.017          -2.482         -12.137           66.672
  195 (vir)           58.094          -3.611          -2.985         -12.939           64.438
  196 (vir)           61.438          -4.098          -3.597         -13.796           67.538
  197 (vir)           61.438          -4.134          -3.597         -13.796           67.503
  198 (vir)           61.438          -3.271          -3.597         -13.796           68.365
  199 (vir)           63.947          -0.710          -3.970         -15.009           74.276
  200 (vir)           63.947          -0.629          -3.970         -15.009           74.357
  201 (vir)           63.947          -1.017          -3.970         -15.009           73.969
  202 (vir)           67.962          -0.213          -2.748         -13.803           78.803
  203 (vir)           67.962          -0.284          -2.748         -13.803           78.733
  204 (vir)           67.962          -0.285          -2.748         -13.803           78.731
  205 (vir)           68.019           0.102          -4.145         -15.503           79.478
  206 (vir)           69.277           0.105          -3.314         -14.378           80.446
  207 (vir)           69.277           0.504          -3.314         -14.378           80.845
  208 (vir)           69.277           0.344          -3.314         -14.378           80.685
  209 (vir)           69.387           0.387          -2.714         -13.805           80.865
  210 (vir)           69.387           0.356          -2.714         -13.805           80.834
  211 (vir)           69.387           0.378          -2.714         -13.805           80.856
  212 (vir)           70.128           1.481          -2.617         -13.670           82.662
  213 (vir)           70.128           1.469          -2.617         -13.670           82.650
  214 (vir)           70.128           1.297          -2.617         -13.670           82.478
  215 (vir)           70.266           1.308          -2.574         -13.643           82.642
  216 (vir)           70.272           0.971          -2.337         -13.361           82.267
  217 (vir)           70.272           0.972          -2.337         -13.361           82.267
  218 (vir)           70.508           1.122          -2.682         -13.810           82.758
  219 (vir)           70.508           1.122          -2.682         -13.810           82.759
  220 (vir)           70.508           1.118          -2.682         -13.810           82.755
  221 (vir)           70.966           0.164          -3.686         -15.131           82.576
  222 (vir)           71.022           0.516          -3.013         -14.157           82.682
  223 (vir)           71.022           1.041          -3.013         -14.157           83.206
  224 (vir)           71.022           0.679          -3.013         -14.157           82.844
  225 (vir)           71.468           0.769          -3.306         -14.670           83.601
  226 (vir)           71.468           0.780          -3.306         -14.670           83.612
  227 (vir)           71.468           0.600          -3.306         -14.670           83.432
  228 (vir)           71.650          -3.592          -3.304         -14.594           79.348
  229 (vir)           71.650          -2.495          -3.304         -14.594           80.446
  230 (vir)           73.248          -2.376          -3.726         -15.209           82.355
  231 (vir)           73.248          -2.251          -3.726         -15.209           82.480
  232 (vir)           73.248           0.683          -3.726         -15.209           85.414
  233 (vir)           74.390           0.502          -3.544         -14.977           86.325
  234 (vir)           74.390          -2.908          -3.544         -14.977           82.914
  235 (vir)           74.390           0.320          -3.544         -14.977           86.142
  236 (vir)           74.429          -0.093          -3.497         -14.968           85.807
  237 (vir)           74.493           0.566          -3.107         -14.546           86.499
  238 (vir)           74.493           0.727          -3.107         -14.546           86.659
  239 (vir)           75.151           1.947          -3.253         -14.432           88.279
  240 (vir)           76.120           0.376          -3.240         -14.619           87.874
  241 (vir)           76.120           0.459          -3.240         -14.619           87.958
  242 (vir)           76.452          -0.039          -3.571         -15.145           87.986
  243 (vir)           76.452          -0.044          -3.571         -15.145           87.981
  244 (vir)           76.452          -0.048          -3.571         -15.145           87.977
  245 (vir)           79.771          -0.613          -3.930         -15.673           90.901
  246 (vir)           79.771           0.628          -3.930         -15.673           92.142
  247 (vir)           79.771          -0.623          -3.930         -15.673           90.892
  248 (vir)           81.203          -1.099          -5.012         -17.180           92.272
  249 (vir)           81.203          -1.000          -5.012         -17.180           92.371
  250 (vir)           81.203          -1.056          -5.012         -17.180           92.315
  251 (vir)           83.228           0.301          -4.258         -16.216           95.487
  252 (vir)           83.228           0.091          -4.258         -16.216           95.276
  253 (vir)           83.228           0.102          -4.258         -16.216           95.287
  254 (vir)           86.749           2.729          -2.823         -14.121          100.776
  255 (vir)           86.749           2.758          -2.823         -14.121          100.805
  256 (vir)           86.749           0.933          -2.823         -14.121           98.980
  257 (vir)           86.854          -0.376          -4.772         -16.936           98.642
  258 (vir)           93.581           1.093          -2.734         -14.497          106.437
  259 (vir)           93.581           1.178          -2.734         -14.497          106.522
  260 (vir)           93.581           1.136          -2.734         -14.497          106.480
  261 (vir)           94.369           0.922          -2.700         -14.258          106.849
  262 (vir)           94.369           0.532          -2.700         -14.258          106.460
  263 (vir)           95.204           0.586          -2.259         -13.652          107.183
  264 (vir)           95.204           0.567          -2.259         -13.652          107.163
  265 (vir)           95.204           0.603          -2.259         -13.652          107.200
  266 (vir)           97.935           0.242          -3.349         -14.582          109.410
  267 (vir)          103.004          -1.514          -9.956         -23.876          115.410
  268 (vir)          103.004          -1.497          -9.956         -23.876          115.427
  269 (vir)          104.555          -1.101          -9.154         -22.811          117.112
  270 (vir)          104.555          -1.097          -9.154         -22.811          117.115
  271 (vir)          104.555          -1.071          -9.154         -22.811          117.142
  272 (vir)          108.178          -1.275          -9.291         -23.132          120.744
  273 (vir)          108.178          -0.933          -9.291         -23.132          121.086
  274 (vir)          108.178          -0.980          -9.291         -23.132          121.039
  275 (vir)          109.511          -0.301          -6.281         -20.351          123.281
  276 (vir)          109.511          -0.285          -6.281         -20.351          123.296
  277 (vir)          109.511          -0.108          -6.281         -20.351          123.473
  278 (vir)          111.196          -1.190          -8.604         -22.673          124.074
  279 (vir)          116.586          -0.751          -7.546         -21.335          129.624
  280 (vir)          116.586          -0.720          -7.546         -21.335          129.655
  281 (vir)          116.586          -0.713          -7.546         -21.335          129.662
  282 (vir)          131.119          -1.001          -8.427         -23.779          145.469
  283 (vir)          131.203          -2.182         -12.913         -30.080          146.187
  284 (vir)          131.203          -2.165         -12.913         -30.080          146.204
  285 (vir)          131.203          -2.161         -12.913         -30.080          146.208
  286 (vir)          131.309          -1.670         -11.085         -27.456          146.011
  287 (vir)          131.309          -1.670         -11.085         -27.456          146.010
  288 (vir)          132.375          -2.435         -13.913         -31.471          147.497
  289 (vir)          132.375          -2.444         -13.913         -31.471          147.488
  290 (vir)          132.375          -2.415         -13.913         -31.471          147.518
  291 (vir)          132.791          -2.256         -12.935         -30.206          147.807
  292 (vir)          132.791          -2.256         -12.935         -30.206          147.807
  293 (vir)          133.725          -2.092         -11.642         -28.396          148.386
  294 (vir)          133.725          -2.094         -11.642         -28.396          148.384
  295 (vir)          133.725          -2.094         -11.642         -28.396          148.384
  296 (vir)          135.874          -1.314          -9.653         -25.472          150.379
  297 (vir)          135.874          -1.282          -9.653         -25.472          150.411
  298 (vir)          135.874          -1.289          -9.653         -25.472          150.404
  299 (vir)          141.456          -1.872         -11.350         -28.385          156.618
  300 (vir)          141.456          -1.885         -11.350         -28.385          156.605
  301 (vir)          141.456          -1.896         -11.350         -28.385          156.595
  302 (vir)          144.348          -0.020          -5.331         -19.622          158.619
  303 (vir)          144.348          -0.024          -5.331         -19.622          158.615
  304 (vir)          146.429          -0.252          -6.332         -21.467          161.312
  305 (vir)          146.429          -0.240          -6.332         -21.467          161.324
  306 (vir)          146.429          -0.242          -6.332         -21.467          161.322
  307 (vir)          157.532           0.286          -3.721         -17.742          171.839
  308 (vir)          157.532           0.288          -3.721         -17.742          171.842
  309 (vir)          157.532           0.284          -3.721         -17.742          171.838
  310 (vir)          167.986          -0.092          -7.782         -23.821          183.933
  311 (vir)          169.557           0.286          -2.274         -16.838          184.407
  312 (vir)          169.557          -1.711          -2.274         -16.838          182.411
  313 (vir)          170.359           0.125          -3.809         -18.443          185.118
  314 (vir)          175.813           0.151          -1.899         -15.824          189.888
  315 (vir)          175.813           0.400          -1.899         -15.824          190.137
  316 (vir)          175.813           0.399          -1.899         -15.824          190.135
  317 (vir)          179.830           0.405          -1.972         -15.825          194.088
  318 (vir)          179.830           0.379          -1.972         -15.825          194.062
  319 (vir)          179.830           0.464          -1.972         -15.825          194.147
  320 (vir)          188.461          -0.295          -4.178         -19.840          203.829
  321 (vir)          188.461          -0.115          -4.178         -19.840          204.008
  322 (vir)          188.461          -0.104          -4.178         -19.840          204.020
  323 (vir)          212.254          -0.520         -14.653         -33.461          230.542
  324 (vir)          225.228          -1.103         -15.660         -35.123          243.588
  325 (vir)          225.228          -1.063         -15.660         -35.123          243.629
  326 (vir)          225.228          -1.064         -15.660         -35.123          243.628
  327 (vir)          240.800           0.650          -6.867         -23.697          258.279
  328 (vir)          362.686          -1.700         -24.940         -53.831          389.877
  329 (vir)          362.686          -1.699         -24.940         -53.831          389.878
  330 (vir)          363.504          -1.800         -24.924         -53.828          390.608
  331 (vir)          363.504          -1.776         -24.924         -53.828          390.632
  332 (vir)          363.504          -1.797         -24.924         -53.828          390.611
  333 (vir)          365.683          -1.581         -24.848         -53.761          393.016
  334 (vir)          365.683          -1.663         -24.848         -53.761          392.933
  335 (vir)          365.683          -1.638         -24.848         -53.761          392.958
  336 (vir)          375.858          -1.006         -24.290         -53.312          403.873
  337 (vir)          376.894          -1.337         -24.345         -53.401          404.613
  338 (vir)          376.894          -1.346         -24.345         -53.401          404.604
  339 (vir)          376.894          -4.301         -24.345         -53.401          401.649
  340 (vir)          752.665          -0.452         -14.539         -48.021          785.695
  341 (vir)          780.140           0.287         -27.263         -64.341          817.505
  342 (vir)          791.181           0.633         -28.594         -66.173          829.393
  343 (vir)          791.181           0.636         -28.594         -66.173          829.396
  344 (vir)          791.181           0.632         -28.594         -66.173          829.392
  345 (vir)         2559.400          -1.633         -44.111        -109.675         2623.330
  346 (vir)         2571.974          -1.646         -43.966        -109.595         2635.957
  347 (vir)         2571.974          -1.646         -43.966        -109.595         2635.957
  348 (vir)         2571.974          -1.646         -43.966        -109.595         2635.957
  349 (vir)         3986.378          -1.064         -14.763         -94.521         4065.073
  350 (vir)         8720.232          -1.507         -75.092        -197.742         8841.375
  351 (vir)         8731.951          -1.503         -75.027        -197.706         8853.126
  352 (vir)         8731.951          -1.503         -75.027        -197.706         8853.126
  353 (vir)         8731.951          -1.503         -75.027        -197.706         8853.126
  354 (vir)        49414.665          -1.690        -124.951        -446.142        49734.165
  355 (vir)        49436.187          -1.689        -124.927        -446.162        49755.733
  356 (vir)        49436.187          -1.689        -124.927        -446.162        49755.733
  357 (vir)        49436.187          -1.689        -124.927        -446.162        49755.733
