 
  kpoint:     0.0000    0.0000    0.0000
 
    n          ϵ_nk^DFT (eV)     Σ^c_nk (eV)     Σ^x_nk (eV)     v_n^xc (eV)   ϵ_nk^G0W0 (eV)
 
    1 (occ)        -2739.529          -3.210        -300.466        -187.109        -2856.096
    2 (occ)         -270.756          -1.280         -96.880         -61.537         -307.379
    3 (occ)         -269.312          -1.791         -96.906         -61.552         -306.458
    4 (occ)         -249.966          -3.901         -97.740         -60.452         -291.155
    5 (occ)         -190.744          28.200         -89.733         -61.975         -190.302
    6 (occ)         -190.485          27.757         -90.059         -62.074         -190.713
    7 (occ)         -190.460          27.630         -90.096         -62.084         -190.842
    8 (occ)          -21.882           6.973         -27.466         -18.047          -24.326
    9 (occ)          -18.607           5.553         -26.148         -17.491          -21.711
   10 (occ)          -14.461           3.189         -22.574         -15.776          -18.071
   11 (occ)          -12.108           2.037         -20.730         -15.177          -15.625
   12 (occ)          -11.082           1.562         -21.447         -16.203          -14.765
   13 (occ)           -9.449           0.944         -19.883         -15.191          -13.197
   14 (occ)           -9.061           1.407         -19.400         -14.706          -12.349
   15 (occ)           -7.531           1.165         -20.853         -16.132          -11.087
   16 (occ)           -6.426           0.073         -18.017         -14.632           -9.739
   17 (vir)           -1.394          -2.473          -7.192         -12.468            1.409
   18 (vir)           -0.204          -2.630          -7.377         -12.779            2.567
   19 (vir)            0.468          -1.263          -2.319          -5.622            2.509
   20 (vir)            0.997          -1.155          -1.911          -5.027            2.958
   21 (vir)            1.633          -1.039          -1.641          -4.577            3.530
   22 (vir)            3.037          -1.074          -1.485          -4.478            4.956
   23 (vir)            3.038          -1.167          -1.514          -4.620            4.977
   24 (vir)            3.361          -1.425          -2.191          -5.750            5.495
   25 (vir)            3.919          -1.487          -2.315          -6.129            6.247
   26 (vir)            4.577          -1.446          -1.848          -5.408            6.691
   27 (vir)            4.602          -1.622          -2.911          -6.764            6.832
   28 (vir)            5.132          -1.603          -3.122          -7.295            7.703
   29 (vir)            5.464          -1.404          -2.353          -6.081            7.789
   30 (vir)            5.613          -1.639          -2.835          -6.808            7.948
   31 (vir)            6.989          -2.214          -3.542          -8.426            9.659
   32 (vir)            7.383          -2.570          -4.125          -9.624           10.311
   33 (vir)            7.399          -1.832          -2.622          -6.551            9.496
   34 (vir)            8.340          -2.949          -4.798         -10.852           11.445
   35 (vir)            8.447          -1.766          -2.200          -6.026           10.507
   36 (vir)            9.000          -1.974          -2.648          -6.900           11.279
   37 (vir)            9.305          -2.992          -4.398         -10.180           12.095
   38 (vir)           10.476          -1.871          -2.189          -6.242           12.659
   39 (vir)           11.010          -2.711          -3.031          -8.237           13.505
   40 (vir)           11.521          -3.064          -3.048          -8.721           14.131
   41 (vir)           12.557          -3.229          -3.780          -9.578           15.126
   42 (vir)           13.345          -2.427          -2.530          -8.041           16.429
   43 (vir)           13.609          -2.726          -2.850          -7.912           15.945
   44 (vir)           14.190          -2.775          -2.618          -7.905           16.702
   45 (vir)           16.132          -2.927          -2.459          -7.908           18.655
   46 (vir)           16.999          -3.005          -2.269          -7.818           19.543
   47 (vir)           17.532          -3.707          -3.363          -9.504           19.966
   48 (vir)           17.651          -3.427          -2.466          -8.734           20.492
   49 (vir)           19.214          -4.347          -3.276         -10.273           21.865
   50 (vir)           19.221          -3.559          -2.213          -8.669           22.118
   51 (vir)           19.483          -2.889          -1.485          -6.854           21.963
   52 (vir)           19.949          -3.328          -2.501          -8.391           22.511
   53 (vir)           20.393          -2.864          -1.440          -7.022           23.110
   54 (vir)           20.759          -3.222          -2.342          -8.261           23.457
   55 (vir)           21.328          -2.865          -2.396          -8.041           24.108
   56 (vir)           22.136          -3.153          -1.642          -7.537           24.877
   57 (vir)           22.382          -2.797          -2.302          -8.029           25.311
   58 (vir)           23.315          -2.360          -1.190          -6.695           26.461
   59 (vir)           23.685          -2.675          -1.622          -7.273           26.660
   60 (vir)           24.641          -3.084          -2.488          -8.710           27.779
   61 (vir)           25.752          -2.733          -1.891          -7.768           28.896
   62 (vir)           27.411          -2.503          -2.254          -8.657           31.312
   63 (vir)           27.460          -2.611          -2.104          -8.182           30.926
   64 (vir)           27.615          -2.753          -1.570          -7.345           30.636
   65 (vir)           28.940          -2.545          -2.513          -8.957           32.839
   66 (vir)           29.048          -2.711          -3.603         -11.193           33.927
   67 (vir)           29.657          -3.273          -4.244         -13.365           35.505
   68 (vir)           29.960          -2.339          -2.893         -10.110           34.837
   69 (vir)           30.341          -2.918          -3.013         -10.694           35.104
   70 (vir)           30.910          -2.828          -2.479          -9.698           35.300
   71 (vir)           31.513          -1.842          -3.225         -11.258           37.704
   72 (vir)           31.755          -2.246          -2.548          -9.740           36.701
   73 (vir)           33.043          -2.981          -3.356         -11.706           38.413
   74 (vir)           33.837          -1.578          -2.863         -10.882           40.278
   75 (vir)           34.483          -2.385          -1.973          -9.075           39.200
   76 (vir)           34.503          -1.390          -2.304         -10.402           41.210
   77 (vir)           36.018          -1.458          -1.992          -9.433           42.001
   78 (vir)           37.728          -1.154          -2.297          -9.332           43.609
   79 (vir)           38.121          -3.372          -2.891         -11.521           43.378
   80 (vir)           40.617          -1.229          -2.461         -10.170           47.097
   81 (vir)           41.281          -2.493          -2.829         -11.534           47.493
   82 (vir)           41.997          -2.039          -2.264         -10.277           47.971
   83 (vir)           43.736          -2.576          -2.696         -11.095           49.559
   84 (vir)           44.231          -1.796          -2.095          -9.799           50.139
   85 (vir)           45.286          -2.769          -2.377         -10.527           50.667
   86 (vir)           45.309          -3.567          -2.669         -11.277           50.350
   87 (vir)           47.081          -2.626          -3.144         -11.693           53.004
   88 (vir)           48.074          -2.169          -2.657         -11.108           54.356
   89 (vir)           48.401          -2.327          -2.047         -10.544           54.571
   90 (vir)           49.215          -2.877          -1.970         -10.179           54.548
   91 (vir)           49.571          -2.315          -2.566         -10.924           55.615
   92 (vir)           50.498          -2.184          -2.539         -10.693           56.469
   93 (vir)           50.657          -2.657          -2.126         -10.669           56.544
   94 (vir)           50.861          -2.015          -2.250         -10.993           57.588
   95 (vir)           51.988          -2.925          -2.483         -11.270           57.851
   96 (vir)           52.872          -2.809          -1.808         -10.384           58.639
   97 (vir)           53.278          -3.076          -3.023         -11.959           59.137
   98 (vir)           54.510          -2.295          -1.298          -9.363           60.281
   99 (vir)           54.721          -2.367          -1.983         -10.412           60.782
  100 (vir)           56.365          -2.873          -1.387          -9.735           61.840
  101 (vir)           56.535          -2.507          -1.831         -10.278           62.474
  102 (vir)           57.113          -3.092          -2.393         -11.422           63.050
  103 (vir)           60.491          -2.328          -3.118         -12.535           67.580
  104 (vir)           60.827          -2.289          -1.606         -10.267           67.200
  105 (vir)           61.404          -2.749          -2.338         -11.456           67.773
  106 (vir)           62.725          -1.029          -1.405          -9.803           70.094
  107 (vir)           63.715          -2.942          -2.338         -11.456           69.891
  108 (vir)           64.272          -1.474          -1.339          -9.748           71.207
  109 (vir)           64.354          -1.885          -1.746         -10.204           70.927
  110 (vir)           65.378          -1.711          -2.866         -13.102           73.902
  111 (vir)           66.000          -1.719          -1.989         -10.682           72.974
  112 (vir)           66.657          -0.806          -1.817         -10.352           74.387
  113 (vir)           67.526          -0.064          -1.216          -9.532           75.777
  114 (vir)           68.199          -1.874          -2.102         -11.063           75.286
  115 (vir)           69.336          -1.571          -1.405         -10.181           76.541
  116 (vir)           69.859          -0.940          -1.887         -10.730           77.762
  117 (vir)           70.091          -1.984          -3.879         -15.502           79.730
  118 (vir)           71.267          -0.487          -1.269          -9.664           79.176
  119 (vir)           71.880          -0.155          -1.683         -10.410           80.453
  120 (vir)           72.634          -3.687          -1.972         -10.695           77.671
  121 (vir)           74.396          -0.097          -1.724         -10.544           83.118
  122 (vir)           75.066           0.028          -1.021          -9.350           83.422
  123 (vir)           77.890          -0.853          -1.821         -10.990           86.206
  124 (vir)           80.601          -5.530          -3.191         -13.552           85.432
  125 (vir)           81.398           0.103          -1.539         -10.910           90.872
  126 (vir)           83.267          -2.961          -3.444         -14.754           91.615
  127 (vir)           85.270          -8.975          -5.278         -18.153           89.170
  128 (vir)           86.079          -2.339          -3.767         -15.175           95.148
  129 (vir)           87.492          -3.740          -3.796         -15.411           95.368
  130 (vir)           88.153          -0.281          -2.053         -11.868           97.687
  131 (vir)           88.279          -7.709          -4.524         -16.977           93.023
  132 (vir)           88.569          -1.837          -2.282         -12.948           97.399
  133 (vir)           89.551           1.456          -2.898         -13.756          101.865
  134 (vir)           90.105          -2.720          -3.711         -15.900           99.575
  135 (vir)           91.629          -5.107          -2.798         -14.175           97.900
  136 (vir)           91.653          -2.817          -2.581         -14.474          100.729
  137 (vir)           92.271          -1.091          -1.514         -11.543          101.210
  138 (vir)           92.840          -7.797          -3.780         -15.880           97.144
  139 (vir)           94.489          -9.691          -2.294         -13.904           96.408
  140 (vir)           94.624           5.524          -2.253         -14.029          111.924
  141 (vir)           95.208           3.660          -2.167         -14.311          111.012
  142 (vir)           95.358           3.865          -2.187         -14.222          111.257
  143 (vir)           95.810           6.494          -2.844         -14.901          114.360
  144 (vir)           99.675          -8.513          -2.410         -13.974          102.726
  145 (vir)          100.026          -4.323          -2.439         -13.469          106.734
  146 (vir)          101.825           5.541          -4.370         -17.366          120.362
  147 (vir)          102.249           6.146          -5.601         -18.980          121.773
  148 (vir)          102.612         -11.085          -2.793         -14.755          103.488
  149 (vir)          103.006           7.579          -6.837         -20.314          124.061
  150 (vir)          103.976           4.534          -2.837         -16.032          121.706
  151 (vir)          104.010         -11.882          -4.241         -16.943          104.830
  152 (vir)          104.954           7.976          -4.066         -16.711          125.576
  153 (vir)          105.071           5.981          -2.367         -14.555          123.239
  154 (vir)          105.283           5.011          -3.032         -16.229          123.491
  155 (vir)          106.884           7.035          -4.167         -16.956          126.708
  156 (vir)          106.953           7.392          -3.225         -15.595          126.715
  157 (vir)          110.700           5.350          -2.240         -14.799          128.609
  158 (vir)          110.938           6.213          -2.536         -14.890          129.504
  159 (vir)          115.135         -15.042          -2.066         -13.912          111.940
  160 (vir)          116.808          -3.871          -2.007         -13.362          124.292
  161 (vir)          120.149           3.912          -2.196         -15.081          136.947
  162 (vir)          122.113           6.677          -3.890         -17.320          142.220
  163 (vir)          123.217           4.297          -2.734         -15.633          140.412
  164 (vir)          126.467           3.614          -2.458         -15.098          142.721
  165 (vir)          127.904           7.150          -2.437         -15.057          147.674
  166 (vir)          131.645           4.689          -2.214         -15.018          149.137
  167 (vir)          131.782           5.397          -2.184         -14.905          149.900
  168 (vir)          134.046           6.777          -1.939         -14.480          153.364
  169 (vir)          134.851           7.997          -1.795         -14.373          155.425
  170 (vir)          135.071           7.013          -2.250         -14.972          154.806
  171 (vir)          137.754           7.120          -1.664         -14.025          157.235
  172 (vir)          139.505           2.905          -2.786         -15.918          155.542
  173 (vir)          143.783          -2.015          -1.516         -13.695          153.947
  174 (vir)          145.361           9.553          -1.698         -14.201          167.417
  175 (vir)          146.303           0.632          -1.672         -14.117          159.380
  176 (vir)          148.435           9.884          -2.100         -15.210          171.428
  177 (vir)          149.529           4.698          -1.666         -14.346          166.907
  178 (vir)          149.987          -0.350          -1.896         -14.587          162.329
  179 (vir)          151.089           1.957          -1.967         -15.253          166.332
  180 (vir)          153.451          -1.281          -2.143         -15.490          165.518
  181 (vir)          153.817          -1.452          -1.500         -13.987          164.852
  182 (vir)          154.338          -0.848          -1.848         -14.623          166.265
  183 (vir)          155.898          -0.098          -1.787         -14.781          168.794
  184 (vir)          157.538           0.665          -1.384         -13.175          169.994
  185 (vir)          159.312           0.717          -1.243         -13.058          171.843
  186 (vir)          160.276           0.139          -1.603         -14.007          172.818
  187 (vir)          160.720           1.277          -1.844         -14.853          175.006
  188 (vir)          160.867           0.535          -1.152         -12.687          172.937
  189 (vir)          163.104           0.877          -1.087         -12.492          175.386
  190 (vir)          163.932           1.280          -1.821         -15.010          178.401
  191 (vir)          165.409           0.073          -1.473         -13.981          177.990
  192 (vir)          165.453           1.087          -1.846         -14.821          179.515
  193 (vir)          166.295           0.883          -1.689         -14.207          179.697
  194 (vir)          166.339           0.589          -1.572         -14.328          179.685
  195 (vir)          168.131           1.440          -1.339         -13.235          181.467
  196 (vir)          168.470           0.128          -1.633         -14.655          181.621
  197 (vir)          170.892           0.594          -1.976         -14.923          184.433
  198 (vir)          171.595           0.837          -1.844         -15.283          185.872
  199 (vir)          172.443          -0.081          -1.790         -15.562          186.135
  200 (vir)          172.794           0.691          -1.911         -15.495          187.069
  201 (vir)          175.322           0.663          -1.798         -14.774          188.960
  202 (vir)          176.617          -0.525          -1.732         -15.033          189.393
  203 (vir)          179.554           0.515          -1.849         -15.750          193.970
  204 (vir)          182.627           0.904          -1.648         -14.943          196.826
  205 (vir)          182.883           0.237          -1.616         -15.204          196.708
  206 (vir)          184.738           0.750          -1.529         -14.800          198.759
  207 (vir)          185.106           1.709          -1.902         -15.171          200.084
  208 (vir)          187.788           1.839          -3.046         -17.227          203.807
  209 (vir)          188.834           0.107          -1.655         -15.313          202.598
  210 (vir)          190.658           0.303          -2.493         -16.346          204.813
  211 (vir)          192.042           2.024          -3.006         -16.529          207.588
  212 (vir)          195.535           1.640          -1.021         -13.256          209.409
  213 (vir)          197.490           1.752          -1.504         -14.282          212.020
  214 (vir)          198.395           1.914          -1.857         -14.797          213.249
  215 (vir)          199.826           1.765          -1.058         -13.397          213.930
  216 (vir)          201.050           1.895          -1.064         -13.538          215.419
  217 (vir)          202.326           1.807          -0.968         -13.110          216.275
  218 (vir)          202.990           2.078          -2.100         -15.730          218.699
  219 (vir)          204.271           1.057          -1.292         -13.966          218.002
  220 (vir)          204.748           1.711          -0.839         -12.593          218.212
  221 (vir)          205.587           2.549          -2.011         -14.784          220.910
  222 (vir)          206.369           1.415          -1.372         -13.693          220.105
  223 (vir)          208.843           1.862          -1.679         -14.749          223.775
  224 (vir)          212.728           1.421          -1.842         -15.302          227.610
  225 (vir)          213.083           2.331          -1.044         -13.289          227.659
  226 (vir)          213.352           1.663          -0.878         -12.882          227.019
  227 (vir)          215.863           1.987          -1.225         -13.689          230.315
  228 (vir)          216.701           1.254          -1.831         -15.388          231.512
  229 (vir)          219.070           3.599          -0.928         -13.579          235.319
  230 (vir)          220.203           2.462          -1.356         -14.087          235.396
  231 (vir)          220.856           2.073          -1.538         -14.467          235.858
  232 (vir)          221.415           3.724          -0.807         -12.967          237.299
  233 (vir)          223.878           2.391          -2.182         -16.665          240.752
  234 (vir)          224.336           2.492          -1.980         -16.010          240.858
  235 (vir)          226.477           2.973          -0.887         -13.167          241.728
  236 (vir)          227.701           2.732          -1.036         -13.611          243.009
  237 (vir)          228.592           2.286          -1.989         -16.303          245.192
  238 (vir)          229.858           3.061          -0.889         -13.248          245.277
  239 (vir)          233.338           0.454          -1.489         -15.781          248.083
  240 (vir)          235.287           1.408          -1.162         -14.819          250.352
  241 (vir)          237.182           2.511          -0.963         -13.878          252.608
  242 (vir)          237.322           3.403          -9.838         -26.989          257.876
  243 (vir)          239.347           1.482          -2.641         -16.748          254.935
  244 (vir)          243.900           2.512          -1.217         -14.850          260.045
  245 (vir)          247.241           2.590          -1.226         -14.320          262.925
  246 (vir)          255.215           1.718          -1.820         -16.840          271.953
  247 (vir)          261.190           1.827          -1.562         -15.974          277.429
  248 (vir)          262.591           1.803          -1.327         -15.597          278.665
  249 (vir)          262.743          -0.993          -1.048         -14.844          275.546
  250 (vir)          266.659           0.854          -1.016         -14.745          281.242
  251 (vir)          270.055           1.587          -1.620         -16.601          286.622
  252 (vir)          272.627           1.731          -1.330         -15.769          288.797
  253 (vir)          272.982           0.346          -1.070         -14.919          287.178
  254 (vir)          283.108           2.711          -4.400         -21.772          303.191
  255 (vir)          284.724           1.243         -14.964         -37.611          308.614
  256 (vir)          285.742           1.243         -14.652         -37.153          309.486
  257 (vir)          288.975           0.948         -14.587         -37.138          312.473
  258 (vir)          291.921           1.184          -2.496         -17.848          308.457
  259 (vir)          293.619           1.052         -12.747         -34.298          316.222
  260 (vir)          298.503          -2.493          -7.041         -25.195          314.164
  261 (vir)          302.366          -2.618          -7.973         -26.813          318.587
  262 (vir)          311.544          -1.074          -1.694         -16.691          325.467
  263 (vir)          341.586           3.119          -2.189         -18.187          360.703
  264 (vir)          350.493           2.767          -2.509         -18.933          369.684
  265 (vir)          760.990           1.177         -12.892         -46.086          795.362
  266 (vir)          781.033           1.500         -18.935         -53.098          816.695
  267 (vir)          786.651           1.296         -14.387         -47.883          821.444
  268 (vir)         1124.699           2.837         -37.629         -90.539         1180.446
  269 (vir)         1124.998           2.826         -37.620         -90.506         1180.710
  270 (vir)         1127.857           3.008         -37.107         -89.998         1183.757
  271 (vir)         2667.026           1.549         -35.421        -100.744         2733.897
  272 (vir)         3991.221           1.367         -14.766         -94.551         4072.374
  273 (vir)         4016.170           1.402         -14.665         -94.465         4097.371
  274 (vir)        14274.301           0.102         -55.433        -224.091        14443.062
