 
  kpoint:     0.0000    0.0000    0.0000
 
    n          ϵ_nk^DFT (eV)     Σ^c_nk (eV)     Σ^x_nk (eV)     v_n^xc (eV)   ϵ_nk^G0W0 (eV)
 
    1 (occ)        -2395.976          -6.418        -281.450        -175.458        -2508.386
    2 (occ)         -209.001          11.055         -90.377         -56.000         -232.324
    3 (occ)         -155.168           6.072         -82.328         -57.045         -174.378
    4 (occ)         -155.074           6.511         -82.453         -57.082         -173.934
    5 (occ)         -154.888           6.046         -82.692         -57.156         -174.378
    6 (occ)          -18.515           5.342         -24.356         -16.303          -21.226
    7 (occ)          -11.042           0.678         -18.961         -14.175          -15.150
    8 (occ)           -9.055           0.481         -18.552         -14.158          -12.968
    9 (occ)           -6.277           0.290         -17.647         -13.625          -10.009
   10 (vir)           -0.527          -1.741          -5.182         -10.007            2.557
   11 (vir)           -0.407          -1.201          -2.882          -6.473            1.983
   12 (vir)            2.562          -0.804          -1.388          -4.255            4.625
   13 (vir)            3.168          -1.213          -2.749          -6.587            5.793
   14 (vir)            3.979          -1.526          -3.065          -7.156            6.545
   15 (vir)            4.078          -0.886          -2.275          -5.539            6.457
   16 (vir)            4.742          -2.138          -3.967          -9.381            8.018
   17 (vir)            5.395          -2.074          -3.973          -9.360            8.709
   18 (vir)            5.618          -2.007          -4.046          -9.349            8.914
   19 (vir)            6.293          -1.411          -2.068          -5.641            8.455
   20 (vir)            8.254          -1.723          -2.709          -6.856           10.678
   21 (vir)           10.885          -2.629          -2.081          -7.098           13.272
   22 (vir)           11.824          -2.837          -2.109          -7.313           14.191
   23 (vir)           16.257          -3.128          -1.397          -6.884           18.615
   24 (vir)           16.332          -2.239          -1.679          -7.121           19.536
   25 (vir)           17.159          -3.420          -1.637          -7.135           19.238
   26 (vir)           17.582          -3.006          -1.534          -7.118           20.160
   27 (vir)           21.152          -1.995          -2.106          -8.138           25.189
   28 (vir)           21.321          -2.357          -2.683          -9.467           25.748
   29 (vir)           23.189          -2.845          -3.212         -11.062           28.194
   30 (vir)           23.528          -3.564          -3.611         -11.846           28.199
   31 (vir)           23.708          -3.477          -3.631         -11.829           28.430
   32 (vir)           24.303          -2.395          -2.697          -8.638           27.849
   33 (vir)           25.165          -2.692          -4.077         -11.198           29.593
   34 (vir)           25.701          -1.735          -2.453          -9.291           30.804
   35 (vir)           25.736          -2.809          -2.573          -9.186           29.541
   36 (vir)           26.071           0.398          -1.851          -9.118           33.736
   37 (vir)           27.357          -2.057          -3.042         -10.081           32.340
   38 (vir)           27.893          -2.932          -3.136         -10.992           32.817
   39 (vir)           30.511          -1.678          -1.602          -8.491           35.721
   40 (vir)           31.884          -0.881          -1.356          -7.830           37.477
   41 (vir)           32.675          -0.995          -1.510          -8.526           38.696
   42 (vir)           33.313          -0.689          -1.974          -9.030           39.680
   43 (vir)           33.493          -0.465          -1.522          -8.639           40.145
   44 (vir)           36.818          -1.029          -2.083          -9.520           43.226
   45 (vir)           44.618          -1.021          -2.127         -10.367           51.837
   46 (vir)           51.873          -0.648          -1.446          -9.457           59.236
   47 (vir)           52.452          -0.588          -1.176          -9.208           59.896
   48 (vir)           54.191          -1.848          -1.674         -10.297           60.967
   49 (vir)           56.216           0.029          -1.585         -10.149           64.810
   50 (vir)           56.993          -1.138          -2.200         -11.499           65.154
   51 (vir)           57.165          -2.432          -3.903         -13.022           63.852
   52 (vir)           57.975          -0.946          -1.841         -10.703           65.891
   53 (vir)           59.298          -3.033          -2.622         -12.145           65.788
   54 (vir)           61.726          -1.562          -1.359          -9.746           68.551
   55 (vir)           66.215          -2.270          -2.256         -11.616           73.305
   56 (vir)           67.122          -1.893          -2.243         -11.493           74.479
   57 (vir)           68.261          -2.748          -2.526         -11.964           74.951
   58 (vir)           69.002          -1.841          -2.867         -12.679           76.973
   59 (vir)           69.080          -2.373          -3.523         -14.202           77.385
   60 (vir)           69.374          -2.725          -3.164         -13.284           76.768
   61 (vir)           71.232          -1.263          -2.472         -12.486           79.982
   62 (vir)           71.967          -1.064          -1.640         -10.287           79.551
   63 (vir)           72.040          -1.892          -2.345         -12.167           79.969
   64 (vir)           74.367           0.107          -2.577         -13.296           85.193
   65 (vir)           75.490          -1.671          -1.868         -11.283           83.233
   66 (vir)           80.317          -1.650          -1.907         -11.385           88.145
   67 (vir)           81.558           0.810          -2.264         -13.929           94.034
   68 (vir)           81.912          -2.027          -2.381         -12.575           90.079
   69 (vir)           84.158          -0.350          -1.512         -12.152           94.448
   70 (vir)           84.657          -1.317          -2.314         -13.711           94.737
   71 (vir)           85.263           0.194          -3.105         -14.924           97.277
   72 (vir)           86.326          -0.361          -2.223         -13.867           97.609
   73 (vir)           87.304          -0.180          -1.920         -12.829           98.033
   74 (vir)           87.644          -0.021          -1.975         -13.462           99.110
   75 (vir)           87.754          -1.684          -5.222         -17.367           98.214
   76 (vir)           89.867          -3.187          -4.486         -16.427           98.621
   77 (vir)           90.372           1.464          -1.768         -12.741          102.809
   78 (vir)           91.240          -1.832          -7.009         -19.901          102.301
   79 (vir)           95.572          -1.799          -2.259         -13.344          104.857
   80 (vir)           98.497          -1.276          -2.272         -13.461          108.411
   81 (vir)          104.204          -1.669          -2.338         -13.310          113.507
   82 (vir)          107.969          -2.554          -1.562         -12.616          116.469
   83 (vir)          109.083          -0.194          -2.627         -14.132          120.393
   84 (vir)          112.904          -0.253          -1.594         -12.769          123.826
   85 (vir)          113.703          -1.052          -3.219         -16.015          125.447
   86 (vir)          116.290          -0.613          -2.919         -15.624          128.381
   87 (vir)          155.210           1.570          -0.702         -10.998          167.077
   88 (vir)          155.767           1.154          -0.705         -11.070          167.287
   89 (vir)          156.058           1.622          -0.705         -11.038          168.014
   90 (vir)          156.897           1.756          -0.715         -11.067          169.005
   91 (vir)          164.534           2.309          -1.054         -12.361          178.150
   92 (vir)          166.641           2.618          -0.819         -11.752          180.192
   93 (vir)          172.781           2.976          -2.475         -14.702          187.985
   94 (vir)          174.537         -10.466          -3.080         -15.913          176.904
   95 (vir)          174.949           1.785          -0.866         -12.163          188.031
   96 (vir)          175.379           2.795          -2.717         -15.150          190.607
   97 (vir)          180.164           1.679          -2.611         -16.380          195.611
   98 (vir)          180.911           1.337          -1.615         -13.999          194.632
   99 (vir)          181.687          -4.590          -1.622         -14.055          189.529
  100 (vir)          182.743           3.112          -2.683         -15.505          198.677
  101 (vir)          184.747           2.682          -1.489         -14.520          200.460
  102 (vir)          186.643           1.924          -1.266         -14.022          201.323
  103 (vir)          196.791           2.242          -6.846         -21.699          213.886
  104 (vir)          211.702           2.089          -0.878         -13.143          226.056
  105 (vir)          212.928           1.571          -0.915         -13.307          226.891
  106 (vir)          214.033           1.421          -1.246         -14.404          228.611
  107 (vir)          214.276           2.723          -1.102         -13.948          229.844
  108 (vir)          214.684           1.328          -1.250         -14.413          229.175
  109 (vir)          214.936           1.829          -0.805         -12.985          228.944
  110 (vir)          218.216          -5.014          -1.741         -14.928          226.389
  111 (vir)          219.732           6.251          -0.941         -13.401          238.444
  112 (vir)          228.245           1.279          -1.489         -14.058          242.093
  113 (vir)          228.902          -7.229          -6.819         -23.202          238.057
  114 (vir)          229.030           1.444          -1.962         -14.858          243.370
  115 (vir)          229.321           1.072          -4.039         -18.667          245.021
  116 (vir)          234.229           0.075          -4.567         -19.613          249.349
  117 (vir)          234.462           1.455          -2.896         -16.900          249.922
  118 (vir)          234.712          -9.820         -11.359         -30.518          244.050
  119 (vir)          234.812          -2.839         -11.691         -31.100          251.383
  120 (vir)          238.257           1.269          -9.013         -26.705          257.217
  121 (vir)          239.281           4.344          -1.544         -14.273          256.354
  122 (vir)          239.930           2.163          -2.887         -16.701          255.907
  123 (vir)          279.448           2.296          -4.415         -20.825          298.153
  124 (vir)          288.479           0.905          -5.789         -23.238          306.833
  125 (vir)          661.188           1.933         -19.030         -50.711          694.802
  126 (vir)          772.597           2.882         -31.946         -76.027          819.561
  127 (vir)          782.464           3.193         -31.365         -75.434          829.727
  128 (vir)          783.645           3.282         -31.238         -75.332          831.022
  129 (vir)         2273.182           2.503         -32.844         -93.138         2335.978
  130 (vir)        12237.908           0.608         -52.169        -208.615        12394.962
