 
  kpoint:     0.0000    0.0000    0.0000
 
    n          ϵ_nk^DFT (eV)     Σ^c_nk (eV)     Σ^x_nk (eV)     v_n^xc (eV)   ϵ_nk^G0W0 (eV)
 
    1 (occ)       -11540.716           3.177        -606.935        -374.542       -11769.932
    2 (occ)        -1447.066           3.829        -222.235        -136.070        -1529.402
    3 (occ)        -1294.204           3.662        -215.861        -144.100        -1362.302
    4 (occ)        -1294.204           3.662        -215.861        -144.100        -1362.302
    5 (occ)        -1294.163           3.657        -215.906        -144.114        -1362.298
    6 (occ)         -182.927          11.177         -94.611         -59.041         -207.320
    7 (occ)         -131.312          10.195         -86.137         -57.337         -149.917
    8 (occ)         -131.312          10.196         -86.137         -57.337         -149.917
    9 (occ)         -131.186          10.396         -86.225         -57.362         -149.653
   10 (occ)          -40.816           8.636         -67.849         -51.193          -48.835
   11 (occ)          -40.816           8.636         -67.849         -51.193          -48.835
   12 (occ)          -40.723           8.787         -67.903         -51.227          -48.612
   13 (occ)          -40.723           8.787         -67.903         -51.227          -48.612
   14 (occ)          -40.670           8.662         -67.932         -51.268          -48.673
   15 (occ)          -15.874           4.290         -21.677         -14.964          -18.297
   16 (occ)           -9.013           0.582         -17.066         -12.825          -12.671
   17 (occ)           -9.013           0.582         -17.066         -12.825          -12.671
   18 (occ)           -6.723           0.010         -15.811         -12.391          -10.133
   19 (vir)           -0.314          -1.430          -4.755          -8.809            2.310
   20 (vir)           -0.314          -1.430          -4.755          -8.809            2.310
   21 (vir)           -0.249          -1.060          -2.626          -5.891            1.956
   22 (vir)            2.663          -0.846          -1.609          -4.472            4.680
   23 (vir)            2.663          -0.846          -1.609          -4.472            4.680
   24 (vir)            3.148          -0.795          -1.906          -4.800            5.248
   25 (vir)            4.778          -1.940          -3.963          -8.753            7.628
   26 (vir)            4.907          -1.952          -3.756          -8.570            7.769
   27 (vir)            4.907          -1.952          -3.756          -8.570            7.769
   28 (vir)            6.017          -1.339          -2.455          -5.942            8.166
   29 (vir)            6.018          -1.339          -2.455          -5.942            8.166
   30 (vir)            6.558          -2.548          -4.024          -9.042            9.028
   31 (vir)            8.013          -1.368          -1.321          -4.844           10.167
   32 (vir)           10.560          -2.385          -1.791          -6.561           12.945
   33 (vir)           10.561          -2.385          -1.791          -6.561           12.946
   34 (vir)           13.950          -3.272          -1.781          -7.494           16.391
   35 (vir)           14.653          -3.202          -1.644          -7.191           16.998
   36 (vir)           14.653          -3.203          -1.644          -7.191           16.999
   37 (vir)           17.073          -3.066          -2.896          -8.473           19.585
   38 (vir)           17.074          -3.066          -2.896          -8.473           19.585
   39 (vir)           18.489          -3.306          -2.540          -8.274           20.917
   40 (vir)           19.501          -3.825          -1.823          -8.152           22.006
   41 (vir)           21.827          -2.746          -2.321          -8.178           24.938
   42 (vir)           22.409          -3.002          -1.545          -7.057           24.919
   43 (vir)           22.409          -3.002          -1.545          -7.058           24.919
   44 (vir)           24.241          -3.419          -2.286          -8.401           26.938
   45 (vir)           24.684          -2.659          -3.567         -10.156           28.614
   46 (vir)           24.684          -2.659          -3.567         -10.156           28.614
   47 (vir)           24.965          -2.639          -1.062          -7.142           28.407
   48 (vir)           26.232          -2.077          -2.876          -9.049           30.328
   49 (vir)           26.328          -1.505          -2.829          -9.337           31.331
   50 (vir)           26.328          -1.505          -2.829          -9.336           31.331
   51 (vir)           26.801          -2.707          -3.905         -11.242           31.431
   52 (vir)           26.801          -2.708          -3.906         -11.243           31.431
   53 (vir)           28.091          -2.761          -5.525         -13.340           33.145
   54 (vir)           28.996          -1.953          -3.062          -9.970           33.950
   55 (vir)           28.997          -1.953          -3.061          -9.969           33.951
   56 (vir)           30.442          -1.429          -1.685          -8.135           35.463
   57 (vir)           32.018          -0.743          -1.244          -7.764           37.794
   58 (vir)           32.018          -0.743          -1.244          -7.764           37.795
   59 (vir)           40.549          -1.280          -4.042         -12.036           47.263
   60 (vir)           40.550          -1.280          -4.042         -12.036           47.264
   61 (vir)           43.821          -0.734          -3.636         -11.261           50.712
   62 (vir)           48.615          -0.659          -2.267         -11.225           56.914
   63 (vir)           48.681          -0.345          -1.964         -10.679           57.052
   64 (vir)           48.682          -0.345          -1.964         -10.680           57.053
   65 (vir)           49.180           0.167          -1.512          -9.863           57.699
   66 (vir)           49.181           0.167          -1.512          -9.863           57.699
   67 (vir)           53.196          -0.315          -2.113         -10.970           61.738
   68 (vir)           56.649          -0.361          -2.071         -11.001           65.217
   69 (vir)           56.649          -0.361          -2.071         -11.000           65.217
   70 (vir)           57.297          -0.180          -1.806         -10.582           65.893
   71 (vir)           57.463           0.029          -0.925          -8.854           65.421
   72 (vir)           58.581          -1.088          -3.002         -12.877           67.368
   73 (vir)           58.591          -0.257          -1.950         -10.897           67.281
   74 (vir)           58.592          -0.257          -1.951         -10.898           67.281
   75 (vir)           61.732          -0.353          -2.217         -11.095           70.258
   76 (vir)           61.732          -0.353          -2.217         -11.095           70.258
   77 (vir)           62.613          -0.444          -2.273         -11.687           71.583
   78 (vir)           62.694          -0.363          -2.241         -11.426           71.515
   79 (vir)           64.654          -0.439          -2.204         -11.520           73.531
   80 (vir)           64.654          -0.439          -2.204         -11.520           73.531
   81 (vir)           68.189           0.293          -1.200         -10.238           77.521
   82 (vir)           68.190           0.293          -1.200         -10.238           77.521
   83 (vir)           70.853           0.135          -1.072          -9.618           79.534
   84 (vir)           71.100          -0.294          -1.688         -10.848           79.967
   85 (vir)           71.545           0.045          -1.335         -10.015           80.271
   86 (vir)           71.546           0.045          -1.335         -10.015           80.272
   87 (vir)           73.261           0.248          -1.053          -9.663           82.120
   88 (vir)           73.662           0.082          -1.444         -10.659           82.959
   89 (vir)           73.662           0.082          -1.444         -10.659           82.959
   90 (vir)           76.975          -0.683          -4.194         -14.281           86.379
   91 (vir)           76.976          -0.683          -4.194         -14.280           86.379
   92 (vir)           77.155          -0.796          -4.363         -14.643           86.640
   93 (vir)           82.606          -0.133          -2.753         -12.273           91.994
   94 (vir)           82.606          -0.133          -2.752         -12.273           91.994
   95 (vir)           83.834          -0.370          -3.533         -13.664           93.596
   96 (vir)           84.987          -0.128          -3.224         -13.019           94.653
   97 (vir)           85.457          -0.624          -4.539         -14.954           95.248
   98 (vir)           85.457          -0.624          -4.539         -14.954           95.248
   99 (vir)           93.109          -0.060          -2.163         -12.194          103.080
  100 (vir)           93.110          -0.060          -2.163         -12.194          103.081
  101 (vir)           93.757           0.041          -1.353         -11.132          103.576
  102 (vir)           98.706          -0.392          -5.208         -17.260          110.367
  103 (vir)           98.707          -0.392          -5.208         -17.260          110.368
  104 (vir)          100.624          -0.274          -4.789         -16.930          112.491
  105 (vir)          108.596          -1.538         -10.001         -24.510          121.566
  106 (vir)          108.885          -1.285          -9.653         -23.972          121.919
  107 (vir)          108.886          -1.285          -9.653         -23.972          121.920
  108 (vir)          111.999          -1.207          -8.359         -22.615          125.048
  109 (vir)          111.999          -1.207          -8.359         -22.615          125.048
  110 (vir)          149.467           1.325          -8.367         -23.351          165.776
  111 (vir)          154.710           0.139          -0.711         -11.124          165.263
  112 (vir)          154.711           0.139          -0.711         -11.124          165.263
  113 (vir)          155.107          -1.041          -0.678         -11.064          164.452
  114 (vir)          155.477           0.646          -0.740         -11.168          166.552
  115 (vir)          155.477           0.646          -0.740         -11.169          166.552
  116 (vir)          155.993           0.433          -0.793         -11.488          167.121
  117 (vir)          156.671           0.509          -1.415         -12.118          167.883
  118 (vir)          162.344           0.489          -0.748         -11.439          173.524
  119 (vir)          162.345           0.489          -0.748         -11.439          173.525
  120 (vir)          164.497           2.880          -3.159         -15.975          180.192
  121 (vir)          164.823           0.845          -1.198         -12.555          177.026
  122 (vir)          164.823           0.845          -1.198         -12.556          177.026
  123 (vir)          168.608           0.981          -0.909         -12.000          180.679
  124 (vir)          169.883           0.493          -3.075         -16.055          183.356
  125 (vir)          169.884           0.497          -3.075         -16.055          183.360
  126 (vir)          171.766           0.662          -1.388         -13.789          184.829
  127 (vir)          171.766           0.662          -1.388         -13.790          184.830
  128 (vir)          173.242           0.868          -1.651         -13.609          186.069
  129 (vir)          177.424           0.877          -1.078         -12.768          189.991
  130 (vir)          177.425           0.877          -1.078         -12.768          189.992
  131 (vir)          177.636           0.819          -1.096         -12.766          190.125
  132 (vir)          180.955           0.885          -1.399         -13.650          194.090
  133 (vir)          180.955           0.885          -1.400         -13.650          194.090
  134 (vir)          185.580           0.718          -3.058         -16.310          199.550
  135 (vir)          207.231           0.726          -1.075         -14.162          221.044
  136 (vir)          207.387           0.728          -1.061         -14.118          221.172
  137 (vir)          207.388           0.728          -1.061         -14.118          221.173
  138 (vir)          209.943           0.792          -1.066         -14.173          223.842
  139 (vir)          209.944           0.792          -1.066         -14.173          223.843
  140 (vir)          210.135           0.787          -1.074         -14.194          224.043
  141 (vir)          212.800           0.695          -0.826         -13.142          225.811
  142 (vir)          212.800           0.695          -0.826         -13.142          225.811
  143 (vir)          218.492           0.749          -0.816         -13.137          231.562
  144 (vir)          218.946           0.701          -0.819         -13.127          231.955
  145 (vir)          218.946           0.701          -0.819         -13.127          231.955
  146 (vir)          219.245           0.705          -0.787         -12.964          232.127
  147 (vir)          227.726           0.716          -0.757         -12.878          240.564
  148 (vir)          227.857           0.679          -0.793         -12.955          240.699
  149 (vir)          227.858           0.679          -0.793         -12.955          240.699
  150 (vir)          231.698           0.548          -0.812         -13.021          244.454
  151 (vir)          234.399           0.534          -0.828         -13.050          247.156
  152 (vir)          234.400           0.534          -0.827         -13.050          247.156
  153 (vir)          237.334           0.853          -1.253         -13.948          250.882
  154 (vir)          237.887           0.766          -0.918         -13.431          251.167
  155 (vir)          237.887           0.766          -0.918         -13.431          251.167
  156 (vir)          244.879           0.750          -2.357         -16.632          259.904
  157 (vir)          245.151           0.758          -1.405         -15.279          259.782
  158 (vir)          245.151           0.758          -1.405         -15.279          259.783
  159 (vir)          319.473          -1.924         -22.005         -48.549          344.092
  160 (vir)          319.474          -1.924         -22.005         -48.549          344.094
  161 (vir)          319.937          -2.245         -22.024         -48.545          344.212
  162 (vir)          597.123          -0.743         -24.871         -57.446          628.955
  163 (vir)         1964.449          -1.650         -38.969         -96.088         2019.917
  164 (vir)         6621.910          -1.471         -67.096        -174.121         6727.464
  165 (vir)        38830.858          -1.650        -120.040        -407.142        39116.311
