 
  kpoint:     0.0000    0.0000    0.0000
 
    n          ϵ_nk^DFT (eV)     Σ^c_nk (eV)     Σ^x_nk (eV)     v_n^xc (eV)   ϵ_nk^G0W0 (eV)
 
    1 (occ)       -31649.320           3.905        -996.678        -611.920       -32030.174
    2 (occ)       -31649.320           3.905        -996.678        -611.920       -32030.174
    3 (occ)        -4768.778           5.104        -393.053        -237.889        -4918.838
    4 (occ)        -4768.778           5.104        -393.053        -237.889        -4918.838
    5 (occ)        -4481.581           6.128        -387.918        -252.466        -4610.905
    6 (occ)        -4481.581           6.128        -387.918        -252.466        -4610.905
    7 (occ)        -4481.504           6.132        -387.993        -252.488        -4610.876
    8 (occ)        -4481.504           6.132        -387.993        -252.488        -4610.876
    9 (occ)        -4481.504           6.132        -387.993        -252.488        -4610.876
   10 (occ)        -4481.504           6.132        -387.993        -252.488        -4610.876
   11 (occ)         -960.292           8.828        -184.312        -113.117        -1022.660
   12 (occ)         -960.292           8.830        -184.312        -113.117        -1022.657
   13 (occ)         -839.594          10.409        -176.335        -115.185         -890.336
   14 (occ)         -839.594          10.417        -176.336        -115.186         -890.328
   15 (occ)         -839.406          10.585        -176.450        -115.212         -890.060
   16 (occ)         -839.406          10.585        -176.450        -115.212         -890.060
   17 (occ)         -839.406          10.571        -176.451        -115.212         -890.073
   18 (occ)         -839.406          10.571        -176.451        -115.212         -890.073
   19 (occ)         -615.030           9.436        -163.632        -118.303         -650.923
   20 (occ)         -615.030           9.435        -163.632        -118.303         -650.924
   21 (occ)         -614.989           9.451        -163.641        -118.309         -650.870
   22 (occ)         -614.989           9.451        -163.641        -118.309         -650.870
   23 (occ)         -614.989           9.451        -163.641        -118.309         -650.870
   24 (occ)         -614.989           9.451        -163.641        -118.309         -650.870
   25 (occ)         -614.864           9.487        -163.678        -118.328         -650.728
   26 (occ)         -614.864           9.487        -163.678        -118.328         -650.728
   27 (occ)         -614.864           9.487        -163.678        -118.328         -650.728
   28 (occ)         -614.864           9.487        -163.678        -118.328         -650.728
   29 (occ)         -166.999          12.423         -81.525         -51.979         -184.122
   30 (occ)         -166.998          12.656         -81.524         -51.979         -183.887
   31 (occ)         -125.028          12.243         -73.299         -49.796         -136.288
   32 (occ)         -125.022          10.709         -73.306         -49.805         -137.814
   33 (occ)         -124.609          16.917         -73.551         -49.867         -131.376
   34 (occ)         -124.609          16.917         -73.551         -49.867         -131.376
   35 (occ)         -124.608          14.275         -73.551         -49.867         -134.017
   36 (occ)         -124.608          14.275         -73.551         -49.867         -134.017
   37 (occ)          -53.052           5.066         -55.414         -43.353          -60.047
   38 (occ)          -52.942           5.024         -55.572         -43.549          -59.940
   39 (occ)          -52.892           4.854         -55.512         -43.457          -60.092
   40 (occ)          -52.892           4.854         -55.512         -43.457          -60.092
   41 (occ)          -52.862           4.853         -55.556         -43.520          -60.045
   42 (occ)          -52.862           4.853         -55.556         -43.520          -60.045
   43 (occ)          -52.543           5.062         -55.645         -43.563          -59.561
   44 (occ)          -52.543           5.062         -55.645         -43.563          -59.561
   45 (occ)          -52.540           5.077         -55.650         -43.570          -59.544
   46 (occ)          -52.540           5.077         -55.650         -43.570          -59.544
   47 (occ)          -17.737           4.924         -23.084         -16.210          -19.687
   48 (occ)          -15.181           3.704         -22.704         -16.812          -17.369
   49 (occ)           -9.607          -0.121         -17.063         -14.308          -12.483
   50 (occ)           -7.984           0.956         -16.922         -13.118          -10.832
   51 (occ)           -7.984           0.956         -16.922         -13.118          -10.832
   52 (occ)           -6.308           0.230         -16.980         -13.777           -9.281
   53 (occ)           -6.308           0.230         -16.980         -13.777           -9.281
   54 (vir)           -4.284          -1.700          -9.632         -13.925           -1.691
   55 (vir)            2.245          -1.673          -3.827          -7.998            4.743
   56 (vir)            3.219          -2.182          -5.622         -10.525            5.939
   57 (vir)            3.219          -2.182          -5.622         -10.525            5.939
   58 (vir)            3.254          -1.492          -2.681          -6.235            5.315
   59 (vir)            3.731          -1.859          -3.134          -7.207            5.945
   60 (vir)            3.984          -1.203          -3.235          -6.926            6.471
   61 (vir)            3.984          -1.203          -3.235          -6.926            6.471
   62 (vir)            4.595          -1.261          -2.876          -6.592            7.050
   63 (vir)            4.595          -1.261          -2.876          -6.592            7.050
   64 (vir)            4.623          -2.281          -5.507         -10.575            7.410
   65 (vir)            4.623          -2.281          -5.507         -10.575            7.410
   66 (vir)            6.389          -2.613          -3.791          -8.672            8.658
   67 (vir)            6.473          -2.579          -5.730         -11.046            9.211
   68 (vir)            6.473          -2.579          -5.730         -11.046            9.211
   69 (vir)            8.309          -2.829          -4.705         -10.433           11.207
   70 (vir)            9.275          -3.743          -4.647         -10.608           11.493
   71 (vir)            9.275          -3.743          -4.647         -10.608           11.493
   72 (vir)           12.296          -4.078          -4.305         -11.436           15.349
   73 (vir)           12.296          -4.078          -4.305         -11.436           15.349
   74 (vir)           12.975          -4.415          -5.131         -12.765           16.194
   75 (vir)           12.975          -4.415          -5.131         -12.765           16.194
   76 (vir)           13.688          -3.910          -4.441         -11.710           17.048
   77 (vir)           13.688          -3.910          -4.441         -11.710           17.048
   78 (vir)           14.141          -4.591          -4.418         -10.885           16.018
   79 (vir)           14.204          -4.461          -6.031         -13.766           17.478
   80 (vir)           14.767          -4.189          -4.993         -12.609           18.194
   81 (vir)           14.767          -4.189          -4.993         -12.609           18.194
   82 (vir)           16.453          -5.035          -5.970         -14.280           19.728
   83 (vir)           16.453          -5.035          -5.970         -14.280           19.728
   84 (vir)           19.570          -5.211          -7.645         -16.696           23.411
   85 (vir)           19.570          -5.211          -7.645         -16.696           23.411
   86 (vir)           19.999          -4.663          -6.385         -14.370           23.321
   87 (vir)           28.723          -3.512          -8.711         -18.108           34.608
   88 (vir)           29.114          -4.070         -11.489         -22.197           35.751
   89 (vir)           29.114          -4.070         -11.489         -22.197           35.751
   90 (vir)           29.158          -3.854          -7.067         -15.473           33.709
   91 (vir)           29.158          -3.854          -7.067         -15.473           33.709
   92 (vir)           29.473          -3.288         -11.181         -21.723           36.728
   93 (vir)           29.473          -3.288         -11.181         -21.723           36.728
   94 (vir)           29.798          -3.492          -8.662         -17.953           35.597
   95 (vir)           29.798          -3.492          -8.662         -17.953           35.597
   96 (vir)           29.896          -3.494         -10.272         -20.347           36.477
   97 (vir)           30.462          -2.766         -10.791         -21.183           38.088
   98 (vir)           30.462          -2.766         -10.791         -21.183           38.088
   99 (vir)           31.087          -5.818         -10.110         -20.182           35.341
  100 (vir)           31.087          -5.818         -10.110         -20.182           35.341
  101 (vir)           31.360          -2.785          -9.876         -19.921           38.620
  102 (vir)           31.360          -2.785          -9.876         -19.921           38.620
  103 (vir)           31.821          -3.208          -8.151         -17.505           37.967
  104 (vir)           32.863          -3.301          -6.874         -15.670           38.358
  105 (vir)           32.863          -3.301          -6.874         -15.670           38.358
  106 (vir)           34.710          -2.987          -7.205         -16.242           40.760
  107 (vir)           35.707          -2.833          -8.136         -17.578           42.317
  108 (vir)           35.707          -2.833          -8.136         -17.578           42.317
  109 (vir)           36.134          -2.824          -6.904         -16.301           42.707
  110 (vir)           36.134          -2.824          -6.904         -16.301           42.707
  111 (vir)           37.466          -2.771          -7.671         -17.098           44.122
  112 (vir)           37.466          -2.771          -7.671         -17.098           44.122
  113 (vir)           37.681          -2.753          -6.759         -15.905           44.074
  114 (vir)           40.156          -0.621          -4.392         -13.440           48.582
  115 (vir)           42.091          -3.118          -6.021         -15.426           48.379
  116 (vir)           42.091          -3.118          -6.021         -15.426           48.379
  117 (vir)           43.192           1.978          -2.141         -11.506           54.536
  118 (vir)           43.192           1.978          -2.141         -11.506           54.536
  119 (vir)           43.441          -3.951          -7.082         -16.371           48.779
  120 (vir)           44.563           0.344          -3.811         -13.822           54.918
  121 (vir)           44.563           0.344          -3.811         -13.822           54.918
  122 (vir)           45.312           0.985          -2.133         -11.627           55.791
  123 (vir)           45.312           0.985          -2.133         -11.627           55.791
  124 (vir)           46.832           1.207          -2.177         -11.797           57.659
  125 (vir)           46.832           1.207          -2.177         -11.797           57.659
  126 (vir)           47.160           1.187          -2.174         -11.812           57.985
  127 (vir)           47.160           1.187          -2.174         -11.812           57.985
  128 (vir)           48.254           0.886          -2.112         -11.771           58.800
  129 (vir)           48.254           0.886          -2.112         -11.771           58.800
  130 (vir)           49.376          -0.346          -3.755         -13.414           58.689
  131 (vir)           53.307          -0.359          -2.479         -12.483           62.952
  132 (vir)           53.307          -0.359          -2.479         -12.483           62.952
  133 (vir)           56.307          -2.291          -8.198         -20.004           65.823
  134 (vir)           65.355           0.005          -3.300         -13.952           76.011
  135 (vir)           65.355           0.005          -3.300         -13.952           76.011
  136 (vir)           74.194          -1.383          -6.319         -17.797           84.289
  137 (vir)           81.763          -4.243         -13.808         -29.939           93.649
  138 (vir)           81.763          -4.243         -13.808         -29.939           93.649
  139 (vir)           81.823          -3.746         -13.922         -30.085           94.239
  140 (vir)           81.823          -3.746         -13.922         -30.085           94.239
  141 (vir)           82.559          -3.793         -13.734         -29.850           94.883
  142 (vir)           82.559          -3.793         -13.734         -29.850           94.883
  143 (vir)           83.657          -4.239         -13.264         -29.221           95.375
  144 (vir)           83.657          -4.239         -13.264         -29.221           95.375
  145 (vir)           84.095          -4.165         -12.819         -28.559           95.671
  146 (vir)           84.095          -4.165         -12.819         -28.559           95.671
  147 (vir)           84.280          -4.266         -13.072         -29.015           95.958
  148 (vir)           84.280          -4.266         -13.072         -29.015           95.958
  149 (vir)           85.977          -3.722         -11.939         -27.570           97.886
  150 (vir)           86.199          -3.949         -12.385         -27.999           97.864
  151 (vir)          137.297          -6.013         -17.273         -35.226          149.238
  152 (vir)          137.297          -6.013         -17.273         -35.226          149.238
  153 (vir)          139.309          -3.687         -17.089         -35.051          153.583
  154 (vir)          139.309          -3.687         -17.089         -35.051          153.583
  155 (vir)          140.937          -3.705         -16.135         -34.294          155.391
  156 (vir)          142.364          -3.663         -14.379         -32.645          156.967
  157 (vir)          142.364          -3.663         -14.379         -32.645          156.967
  158 (vir)          143.063          -3.770         -14.214         -32.461          157.540
  159 (vir)          143.063          -3.770         -14.214         -32.461          157.540
  160 (vir)          143.557          -3.731         -14.298         -32.565          158.093
  161 (vir)          143.557          -3.731         -14.298         -32.565          158.094
  162 (vir)          144.562          -3.464         -15.526         -33.659          159.231
  163 (vir)          147.202          -4.141         -14.023         -32.296          161.334
  164 (vir)          147.202          -4.141         -14.023         -32.296          161.334
  165 (vir)          153.808          -3.175         -13.989         -32.163          168.807
  166 (vir)          154.192          -4.020         -15.137         -33.596          168.632
  167 (vir)          179.909          -1.274         -16.755         -35.463          197.342
  168 (vir)          195.581          -0.872         -15.898         -34.818          213.629
  169 (vir)          300.572          -2.907         -16.922         -44.793          325.536
  170 (vir)          300.572          -2.907         -16.922         -44.792          325.536
  171 (vir)          300.737          -2.166         -16.938         -44.815          326.448
  172 (vir)          300.737          -2.166         -16.938         -44.815          326.448
  173 (vir)          301.130          -2.276         -16.916         -44.785          326.724
  174 (vir)          301.130          -2.276         -16.916         -44.785          326.724
  175 (vir)          301.609          -3.169         -16.868         -44.717          326.289
  176 (vir)          301.609          -3.169         -16.868         -44.717          326.289
  177 (vir)          301.807          -2.688         -16.847         -44.683          326.956
  178 (vir)          301.807          -2.688         -16.847         -44.683          326.956
  179 (vir)          301.856          -2.525         -16.849         -44.694          327.176
  180 (vir)          301.856          -2.525         -16.849         -44.694          327.176
  181 (vir)          302.164          -3.375         -16.813         -44.663          326.639
  182 (vir)          302.715          -2.873         -16.813         -44.616          327.644
  183 (vir)          496.306          -0.557         -32.579         -67.470          530.639
  184 (vir)          496.306          -0.557         -32.579         -67.470          530.639
  185 (vir)          496.730          -0.343         -32.543         -67.428          531.272
  186 (vir)          496.730          -0.343         -32.543         -67.428          531.272
  187 (vir)          497.171          -0.659         -32.548         -67.439          531.403
  188 (vir)          497.172          -0.659         -32.548         -67.439          531.403
  189 (vir)          499.813          -0.168         -32.431         -67.322          534.536
  190 (vir)          499.813          -0.168         -32.431         -67.322          534.536
  191 (vir)          501.567           0.032         -32.386         -67.282          536.494
  192 (vir)          502.344          -0.076         -32.330         -67.220          537.158
  193 (vir)          706.561          -0.108         -31.488         -66.624          741.588
  194 (vir)          717.465           0.047         -31.262         -66.524          752.773
  195 (vir)         1270.661           1.709         -62.158        -118.873         1329.085
  196 (vir)         1270.661           1.709         -62.158        -118.873         1329.085
  197 (vir)         1272.684           1.910         -62.108        -118.847         1331.333
  198 (vir)         1272.684           1.910         -62.108        -118.847         1331.333
  199 (vir)         1276.641           1.786         -61.878        -118.776         1335.325
  200 (vir)         1286.093           2.945         -61.648        -118.644         1346.034
  201 (vir)         2379.454          -1.870         -50.139        -114.455         2441.900
  202 (vir)         2389.557          -1.871         -50.016        -114.379         2452.049
  203 (vir)         7139.864          -2.148         -71.245        -180.181         7246.653
  204 (vir)         7149.240          -2.145         -71.183        -180.144         7256.056
  205 (vir)        20475.382          -1.787         -94.159        -273.901        20653.337
  206 (vir)        20484.046          -1.786         -94.128        -273.879        20662.012
  207 (vir)        59243.132          -1.488        -129.652        -435.109        59547.101
  208 (vir)        59251.423          -1.488        -129.637        -435.101        59555.399
  209 (vir)       273833.948          -1.925        -155.800        -840.906       274517.129
  210 (vir)       273848.475          -1.925        -155.794        -840.908       274531.664
