 
  kpoint:     0.0000    0.0000    0.0000
 
    n          ϵ_nk^DFT (eV)     Σ^c_nk (eV)     Σ^x_nk (eV)     v_n^xc (eV)   ϵ_nk^G0W0 (eV)
 
    1 (occ)        -1779.597          -2.764        -243.574        -152.243        -1873.692
    2 (occ)        -1779.572          -2.763        -243.571        -152.243        -1873.664
    3 (occ)        -1779.572          -2.763        -243.571        -152.243        -1873.663
    4 (occ)        -1779.548          -2.760        -243.568        -152.243        -1873.633
    5 (occ)        -1779.548          -2.760        -243.568        -152.243        -1873.633
    6 (occ)         -137.474          -6.061         -75.674         -47.132         -172.076
    7 (occ)         -137.452          -6.045         -75.673         -47.132         -172.039
    8 (occ)         -137.452          -6.045         -75.673         -47.132         -172.038
    9 (occ)         -137.435          -6.003         -75.671         -47.132         -171.976
   10 (occ)         -137.434          -6.002         -75.671         -47.132         -171.975
   11 (occ)          -94.205           9.801         -67.592         -47.166         -104.830
   12 (occ)          -94.191           9.798         -67.606         -47.171         -104.828
   13 (occ)          -94.187           9.742         -67.614         -47.180         -104.878
   14 (occ)          -94.179           9.703         -67.600         -47.174         -104.902
   15 (occ)          -94.178           9.707         -67.605         -47.177         -104.899
   16 (occ)          -94.169           9.706         -67.612         -47.177         -104.898
   17 (occ)          -94.168           9.693         -67.613         -47.179         -104.909
   18 (occ)          -94.166           9.729         -67.614         -47.180         -104.871
   19 (occ)          -94.166           9.731         -67.614         -47.180         -104.868
   20 (occ)          -94.157           9.438         -67.614         -47.187         -105.146
   21 (occ)          -94.156           9.441         -67.614         -47.187         -105.143
   22 (occ)          -94.149           9.372         -67.615         -47.179         -105.214
   23 (occ)          -94.149           9.372         -67.615         -47.179         -105.213
   24 (occ)          -94.149           9.385         -67.615         -47.179         -105.200
   25 (occ)          -94.149           9.381         -67.615         -47.179         -105.203
   26 (occ)          -14.483           4.471         -19.048         -12.564          -16.497
   27 (occ)          -13.930           4.087         -18.963         -12.661          -16.146
   28 (occ)          -13.115           3.610         -18.803         -12.791          -15.517
   29 (occ)          -12.227           3.166         -18.555         -12.869          -14.747
   30 (occ)          -11.674           2.916         -18.194         -12.707          -14.245
   31 (occ)           -9.217           1.650         -16.090         -11.604          -12.053
   32 (occ)           -8.878           1.491         -16.250         -11.833          -11.803
   33 (occ)           -8.701           1.435         -16.152         -11.832          -11.585
   34 (occ)           -8.597           1.419         -16.353         -11.987          -11.543
   35 (occ)           -8.499           1.353         -16.440         -12.101          -11.485
   36 (occ)           -8.234           1.299         -16.504         -12.230          -11.209
   37 (occ)           -8.133           1.310         -16.420         -12.187          -11.057
   38 (occ)           -7.693           0.934         -15.651         -12.086          -10.324
   39 (occ)           -7.692           0.809         -15.097         -11.822          -10.158
   40 (occ)           -7.385           0.842         -15.644         -12.164          -10.022
   41 (occ)           -6.573           0.232         -14.847         -12.272           -8.916
   42 (vir)           -1.656          -2.367          -5.631          -9.804            0.150
   43 (vir)           -0.926          -2.512          -4.781          -9.196            0.977
   44 (vir)           -0.912          -2.128          -3.916          -7.842            0.886
   45 (vir)           -0.880          -2.040          -3.583          -7.394            0.891
   46 (vir)           -0.817          -2.465          -4.470          -8.864            1.112
   47 (vir)           -0.506          -2.324          -3.756          -8.012            1.427
   48 (vir)           -0.376          -1.813          -2.450          -6.050            1.412
   49 (vir)           -0.244          -2.182          -3.885          -7.926            1.616
   50 (vir)           -0.023          -1.948          -3.190          -6.889            1.728
   51 (vir)            0.143          -2.046          -3.323          -7.179            1.952
   52 (vir)            0.168          -2.157          -2.945          -7.012            2.078
   53 (vir)            0.270          -1.729          -2.539          -6.041            2.043
   54 (vir)            0.409          -2.204          -3.321          -7.341            2.225
   55 (vir)            0.911          -2.373          -3.605          -7.977            2.909
   56 (vir)            1.152          -2.075          -2.781          -6.708            3.004
   57 (vir)            1.179          -1.994          -2.389          -6.218            3.014
   58 (vir)            1.325          -1.546          -1.893          -5.028            2.914
   59 (vir)            1.589          -1.319          -1.463          -4.279            3.086
   60 (vir)            1.703          -1.348          -1.526          -4.371            3.200
   61 (vir)            1.868          -1.622          -2.070          -5.311            3.488
   62 (vir)            1.894          -1.326          -1.489          -4.382            3.462
   63 (vir)            2.189          -1.859          -2.618          -6.072            3.784
   64 (vir)            2.256          -1.224          -1.391          -4.155            3.796
   65 (vir)            2.341          -2.063          -2.872          -6.605            4.011
   66 (vir)            2.528          -1.940          -2.270          -6.027            4.346
   67 (vir)            2.634          -1.603          -1.796          -5.044            4.278
   68 (vir)            2.754          -1.933          -2.082          -5.808            4.547
   69 (vir)            3.246          -1.938          -2.438          -5.997            4.868
   70 (vir)            3.308          -1.660          -1.737          -5.081            4.991
   71 (vir)            3.444          -2.511          -3.125          -7.490            5.299
   72 (vir)            3.656          -2.071          -2.174          -6.042            5.454
   73 (vir)            3.860          -1.881          -2.181          -5.538            5.336
   74 (vir)            4.154          -2.262          -2.362          -6.239            5.769
   75 (vir)            4.676          -2.284          -1.906          -5.682            6.169
   76 (vir)            5.151          -1.656          -1.152          -4.221            6.563
   77 (vir)            5.224          -1.792          -1.503          -4.907            6.836
   78 (vir)            5.320          -2.816          -2.640          -7.145            7.009
   79 (vir)            5.536          -1.283          -1.141          -4.206            7.318
   80 (vir)            5.631          -1.918          -1.506          -4.904            7.111
   81 (vir)            5.680          -2.471          -1.746          -5.656            7.120
   82 (vir)            5.742          -1.707          -1.488          -4.826            7.373
   83 (vir)            5.883          -1.573          -1.075          -4.247            7.482
   84 (vir)            6.185          -1.446          -1.248          -4.531            8.022
   85 (vir)            6.313          -3.423          -2.676          -7.750            7.963
   86 (vir)            6.410          -2.708          -1.946          -6.247            8.002
   87 (vir)            6.418          -2.442          -2.252          -6.366            8.090
   88 (vir)            6.432          -2.506          -2.057          -6.209            8.078
   89 (vir)            6.435          -2.778          -2.245          -6.684            8.095
   90 (vir)            6.785          -1.584          -1.050          -4.409            8.560
   91 (vir)            6.904          -1.952          -1.771          -5.309            8.490
   92 (vir)            7.020          -2.110          -1.084          -4.723            8.550
   93 (vir)            7.137          -1.974          -1.658          -5.455            8.960
   94 (vir)            7.270          -3.143          -2.276          -7.226            9.077
   95 (vir)            7.382          -2.399          -1.273          -4.985            8.695
   96 (vir)            7.393          -1.954          -1.630          -5.445            9.254
   97 (vir)            7.764          -2.077          -1.622          -5.229            9.294
   98 (vir)            8.229          -3.572          -2.058          -6.417            9.016
   99 (vir)            8.418          -3.352          -2.595          -7.394            9.864
  100 (vir)            8.647          -3.548          -2.605          -7.547           10.041
  101 (vir)            8.851          -3.688          -2.226          -7.221           10.159
  102 (vir)            8.986          -2.742          -1.932          -6.308           10.620
  103 (vir)            9.027          -3.449          -2.446          -7.251           10.383
  104 (vir)            9.243          -2.935          -1.387          -5.854           10.774
  105 (vir)            9.435          -3.003          -2.289          -6.918           11.061
  106 (vir)            9.853          -2.323          -2.258          -6.583           11.855
  107 (vir)           10.198          -2.575          -1.877          -6.057           11.803
  108 (vir)           11.117          -3.031          -1.954          -6.636           12.769
  109 (vir)           11.217          -3.403          -1.549          -6.351           12.615
  110 (vir)           11.645          -2.220          -1.322          -5.777           13.880
  111 (vir)           11.962          -2.774          -1.843          -6.629           13.974
  112 (vir)           12.066          -1.745          -2.750          -8.042           15.612
  113 (vir)           12.342          -2.618          -1.818          -6.760           14.667
  114 (vir)           12.472          -3.441          -1.992          -7.417           14.456
  115 (vir)           12.925          -3.509          -2.139          -7.515           14.793
  116 (vir)           13.328          -3.330          -2.149          -7.774           15.622
  117 (vir)           13.531          -3.712          -2.929          -9.147           16.037
  118 (vir)           13.618          -2.519          -1.897          -7.086           16.288
  119 (vir)           13.700          -3.511          -2.547          -8.057           15.699
  120 (vir)           13.927          -2.854          -2.176          -7.311           16.209
  121 (vir)           13.980          -3.634          -2.700          -8.390           16.037
  122 (vir)           13.986          -3.141          -2.863          -8.338           16.320
  123 (vir)           14.451          -2.557          -2.570          -8.115           17.438
  124 (vir)           14.612          -3.574          -2.094          -8.122           17.066
  125 (vir)           14.711          -2.942          -1.959          -7.449           17.259
  126 (vir)           14.957          -3.337          -1.993          -7.157           16.784
  127 (vir)           15.033          -4.152          -2.115          -7.971           16.737
  128 (vir)           15.117          -3.318          -2.224          -7.481           17.056
  129 (vir)           15.629          -2.815          -1.792          -7.444           18.466
  130 (vir)           15.658          -3.282          -1.926          -7.480           17.930
  131 (vir)           15.802          -3.767          -2.039          -8.031           18.027
  132 (vir)           15.895          -3.584          -2.090          -8.131           18.353
  133 (vir)           15.942          -2.110          -1.861          -7.375           19.346
  134 (vir)           15.962          -3.182          -1.559          -6.894           18.114
  135 (vir)           16.201          -3.367          -1.699          -7.437           18.571
  136 (vir)           16.502          -3.533          -1.579          -6.915           18.304
  137 (vir)           16.706          -3.628          -1.720          -7.600           18.958
  138 (vir)           16.923          -2.558          -1.753          -7.427           20.040
  139 (vir)           16.995          -3.538          -1.836          -7.641           19.262
  140 (vir)           17.056          -3.192          -1.581          -7.381           19.663
  141 (vir)           17.350          -3.740          -2.029          -8.056           19.636
  142 (vir)           17.358          -3.447          -1.643          -7.444           19.712
  143 (vir)           17.445          -3.694          -1.781          -7.587           19.557
  144 (vir)           17.545          -1.751          -1.800          -7.576           21.570
  145 (vir)           17.853          -3.355          -1.939          -7.996           20.555
  146 (vir)           17.876          -3.497          -2.029          -8.160           20.510
  147 (vir)           17.993          -3.418          -1.816          -7.699           20.459
  148 (vir)           18.310          -4.186          -1.795          -7.569           19.897
  149 (vir)           18.555          -3.613          -1.402          -6.851           20.391
  150 (vir)           18.787          -3.815          -1.889          -7.383           20.466
  151 (vir)           19.064          -3.919          -1.763          -7.862           21.245
  152 (vir)           19.068          -4.246          -2.629          -9.070           21.263
  153 (vir)           19.206          -2.451          -1.328          -6.692           22.119
  154 (vir)           19.216          -3.670          -1.923          -8.343           21.966
  155 (vir)           19.446          -3.405          -1.612          -7.495           21.925
  156 (vir)           19.486          -3.145          -2.124          -8.098           22.316
  157 (vir)           19.601          -3.468          -1.584          -7.361           21.909
  158 (vir)           19.763          -4.107          -2.643          -9.185           22.199
  159 (vir)           20.033          -3.198          -1.329          -6.694           22.201
  160 (vir)           20.456          -4.267          -2.860          -9.486           22.814
  161 (vir)           20.667          -3.328          -1.657          -7.608           23.291
  162 (vir)           21.151          -0.255          -1.589          -7.135           26.442
  163 (vir)           21.186          -2.449          -0.925          -6.332           24.144
  164 (vir)           21.308          -2.613          -1.695          -7.435           24.436
  165 (vir)           21.346          -3.089          -1.162          -6.773           23.868
  166 (vir)           21.624          -2.766          -1.395          -7.024           24.486
  167 (vir)           21.736          -3.079          -1.381          -7.023           24.299
  168 (vir)           21.970          -1.956          -1.318          -6.937           25.633
  169 (vir)           22.227          -2.879          -1.210          -6.632           24.771
  170 (vir)           22.377          -2.428          -1.688          -7.496           25.757
  171 (vir)           22.697          -3.521          -1.851          -7.942           25.266
  172 (vir)           22.947          -3.893          -2.082          -8.063           25.034
  173 (vir)           23.170          -3.752          -1.535          -7.321           25.204
  174 (vir)           23.225          -2.975          -1.393          -7.146           26.003
  175 (vir)           23.545          -1.551          -0.905          -6.460           27.550
  176 (vir)           23.566          -3.013          -1.266          -7.078           26.365
  177 (vir)           23.593          -2.817          -1.413          -7.316           26.679
  178 (vir)           23.813          -2.552          -1.584          -7.513           27.190
  179 (vir)           23.947          -3.282          -1.539          -7.600           26.726
  180 (vir)           24.406          -2.648          -1.328          -6.998           27.428
  181 (vir)           24.643          -3.564          -1.592          -7.085           26.572
  182 (vir)           24.933          -4.462          -1.821          -7.698           26.347
  183 (vir)           25.170          -1.676          -1.285          -7.261           29.470
  184 (vir)           25.183          -1.880          -1.866          -7.978           29.414
  185 (vir)           25.615          -3.144          -1.885          -7.859           28.444
  186 (vir)           25.808          -2.373          -1.163          -7.109           29.382
  187 (vir)           25.911          -3.715          -2.131          -8.329           28.394
  188 (vir)           26.366          -0.904          -1.583          -7.614           31.493
  189 (vir)           26.522          -1.866          -1.014          -6.657           30.299
  190 (vir)           26.758          -2.880          -1.248          -7.190           29.820
  191 (vir)           26.834          -2.963          -1.652          -7.706           29.926
  192 (vir)           27.292          -2.634          -1.755          -8.170           31.073
  193 (vir)           27.377          -1.574          -1.337          -7.590           32.056
  194 (vir)           27.466          -3.876          -2.145          -8.431           29.877
  195 (vir)           27.659          -2.009          -1.470          -7.726           31.906
  196 (vir)           28.025          -2.144          -1.479          -7.966           32.368
  197 (vir)           28.288          -2.865          -1.869          -8.050           31.604
  198 (vir)           28.316          -2.595          -1.866          -8.445           32.300
  199 (vir)           28.525          -3.996          -2.077          -8.599           31.050
  200 (vir)           28.834          -2.349          -1.089          -7.339           32.734
  201 (vir)           29.456          -1.454          -1.403          -7.759           34.358
  202 (vir)           29.527          -2.275          -1.938          -8.934           34.248
  203 (vir)           29.679          -1.762          -1.753          -8.500           34.664
  204 (vir)           29.845          -2.396          -1.145          -6.855           33.159
  205 (vir)           30.113          -1.682          -1.192          -7.135           34.374
  206 (vir)           30.417          -3.904          -1.774          -8.484           33.222
  207 (vir)           30.436          -3.732          -1.576          -7.928           33.056
  208 (vir)           30.633          -2.912          -1.819          -8.571           34.472
  209 (vir)           31.229          -2.347          -1.942          -8.710           35.651
  210 (vir)           31.380          -3.566          -1.936          -9.058           34.936
  211 (vir)           31.465          -2.799          -2.061          -9.116           35.722
  212 (vir)           31.793          -3.201          -1.836          -8.565           35.322
  213 (vir)           31.846          -3.289          -1.940          -8.742           35.359
  214 (vir)           32.088          -2.609          -1.373          -7.713           35.819
  215 (vir)           32.435          -3.322          -1.973          -8.732           35.872
  216 (vir)           32.538          -4.475          -2.665         -10.057           35.455
  217 (vir)           32.595          -5.458          -2.549         -10.074           34.662
  218 (vir)           32.799          -3.507          -2.659         -10.110           36.742
  219 (vir)           33.142          -4.607          -1.713          -8.321           35.142
  220 (vir)           33.746          -4.057          -2.081          -9.058           36.666
  221 (vir)           33.748          -4.941          -2.476          -9.915           36.246
  222 (vir)           33.919          -4.328          -2.045          -9.082           36.629
  223 (vir)           34.270          -4.766          -2.122          -9.490           36.871
  224 (vir)           34.387          -4.922          -1.880          -8.705           36.291
  225 (vir)           34.594          -1.448          -1.337          -8.046           39.855
  226 (vir)           34.710          -3.923          -1.684          -8.530           37.633
  227 (vir)           34.999          -0.230          -1.589          -8.256           41.436
  228 (vir)           35.020          -3.795          -1.690          -8.601           38.137
  229 (vir)           35.336          -3.413          -1.444          -8.073           38.551
  230 (vir)           35.534          -3.373          -1.484          -8.296           38.974
  231 (vir)           36.011           0.715          -1.439          -8.359           43.645
  232 (vir)           36.508          -2.189          -1.529          -8.263           41.053
  233 (vir)           37.328          -0.168          -1.258          -8.215           44.117
  234 (vir)           38.015           0.812          -1.315          -8.318           45.830
  235 (vir)           38.196          -0.044          -1.848          -8.910           45.215
  236 (vir)           38.369          -4.498          -1.356          -8.227           40.742
  237 (vir)           38.418          -0.067          -1.323          -8.210           45.237
  238 (vir)           39.452           0.002          -2.039          -9.185           46.600
  239 (vir)           40.552          -2.783          -2.027          -9.209           44.951
  240 (vir)           41.314           0.572          -2.322         -10.025           49.588
  241 (vir)           42.331          -3.289          -2.256          -9.616           46.401
  242 (vir)           43.539          -2.450          -2.715         -11.752           50.125
  243 (vir)           44.115          -2.024          -2.242         -10.920           50.769
  244 (vir)           44.209          -3.852          -2.133         -10.639           48.864
  245 (vir)           44.238          -3.111          -2.181         -10.493           49.440
  246 (vir)           44.506          -2.579          -1.965         -10.582           50.544
  247 (vir)           44.729          -2.119          -2.129         -10.768           51.250
  248 (vir)           44.835          -1.842          -1.913         -10.498           51.578
  249 (vir)           45.117          -3.963          -2.888         -11.870           50.137
  250 (vir)           45.381           0.123          -2.147          -9.926           53.283
  251 (vir)           45.631          -4.488          -2.955         -11.978           50.166
  252 (vir)           45.682          -2.897          -2.987         -12.166           51.964
  253 (vir)           45.711           0.228          -2.306         -10.870           54.503
  254 (vir)           45.954          -1.325          -2.324         -10.953           53.257
  255 (vir)           46.230          -4.911          -2.566         -11.410           50.162
  256 (vir)           46.500          -2.013          -2.023         -10.633           53.097
  257 (vir)           46.887          -1.662          -2.283         -11.061           54.003
  258 (vir)           47.061          -0.330          -2.136         -10.756           55.352
  259 (vir)           47.261          -2.921          -2.660         -11.424           53.104
  260 (vir)           47.744          -2.586          -2.664         -11.661           54.156
  261 (vir)           48.310          -3.446          -2.098         -10.837           53.603
  262 (vir)           48.455          -2.206          -2.157         -10.889           54.982
  263 (vir)           49.165          -2.128          -2.438         -11.123           55.723
  264 (vir)           49.215           0.455          -2.250         -10.805           58.225
  265 (vir)           49.268          -2.390          -2.419         -11.138           55.597
  266 (vir)           49.419           2.631          -2.463         -11.106           60.693
  267 (vir)           49.554          -2.568          -2.256         -10.825           55.556
  268 (vir)           50.212          -1.610          -2.314         -11.184           57.472
  269 (vir)           50.285          -2.287          -2.398         -11.239           56.841
  270 (vir)           50.692          -3.035          -2.212         -11.024           56.469
  271 (vir)           50.855          -0.522          -2.143         -10.969           59.159
  272 (vir)           51.308          -2.197          -2.120         -11.024           58.015
  273 (vir)           51.309          -1.043          -2.095         -10.882           59.054
  274 (vir)           51.748          -1.598          -1.483          -9.928           58.595
  275 (vir)           51.821          -1.362          -1.504          -9.924           58.878
  276 (vir)           51.968          -1.747          -2.057         -10.852           59.015
  277 (vir)           52.009          -0.144          -1.855         -10.601           60.611
  278 (vir)           52.395          -1.809          -2.009         -10.759           59.336
  279 (vir)           53.393          -0.073          -1.680         -10.242           61.882
  280 (vir)           53.523          -2.301          -1.899         -10.666           59.989
  281 (vir)           53.794          -1.009          -1.417          -9.795           61.164
  282 (vir)           54.274          -0.598          -1.534          -9.861           62.003
  283 (vir)           54.404           0.144          -2.027         -10.765           63.286
  284 (vir)           54.723           0.822          -1.725         -10.327           64.147
  285 (vir)           55.015          -0.149          -1.528          -9.847           63.185
  286 (vir)           55.112           0.002          -1.318          -9.532           63.329
  287 (vir)           55.311          -1.092          -1.406          -9.633           62.446
  288 (vir)           55.352           0.218          -1.902         -10.531           64.199
  289 (vir)           55.438          -0.372          -1.631          -9.966           63.402
  290 (vir)           55.704          -0.586          -1.157          -9.320           63.280
  291 (vir)           55.822           0.254          -1.544         -10.010           64.542
  292 (vir)           56.336           0.556          -1.837         -10.554           65.609
  293 (vir)           56.493          -1.076          -1.279          -9.689           63.827
  294 (vir)           56.690           0.441          -1.438          -9.857           65.550
  295 (vir)           56.873           0.459          -1.685         -10.285           65.931
  296 (vir)           57.150          -4.128          -1.650         -10.232           61.604
  297 (vir)           57.211          -3.421          -1.645         -10.359           62.504
  298 (vir)           57.315          -0.912          -1.396         -10.133           65.141
  299 (vir)           57.509          -1.086          -1.147          -9.268           64.545
  300 (vir)           57.572          -2.252          -2.121         -10.754           63.953
  301 (vir)           57.934           0.044          -1.712         -10.280           66.545
  302 (vir)           58.012          -0.121          -1.247          -9.702           66.346
  303 (vir)           58.079           0.924          -1.481         -10.016           67.538
  304 (vir)           58.307          -0.691          -1.434         -10.023           66.205
  305 (vir)           58.626           1.748          -1.584         -10.205           68.996
  306 (vir)           58.766          -0.549          -1.388         -10.054           66.882
  307 (vir)           58.783          -0.192          -1.361          -9.949           67.179
  308 (vir)           59.486          -0.492          -1.193          -9.736           67.537
  309 (vir)           59.547          -0.180          -1.127          -9.392           67.632
  310 (vir)           59.685          -0.759          -1.396         -10.004           67.534
  311 (vir)           59.715           0.292          -1.894         -10.870           68.983
  312 (vir)           59.873          -0.428          -1.343          -9.896           67.998
  313 (vir)           60.044          -0.135          -1.685         -10.441           68.665
  314 (vir)           60.172          -0.456          -1.360         -10.110           68.467
  315 (vir)           60.212          -0.610          -1.373         -10.089           68.318
  316 (vir)           60.308          -2.726          -1.900         -10.787           66.469
  317 (vir)           60.873          -0.394          -1.315          -9.920           69.083
  318 (vir)           61.092          -0.590          -1.241          -9.881           69.143
  319 (vir)           61.117          -2.019          -1.490         -10.154           67.763
  320 (vir)           61.198          -0.711          -2.022         -10.922           69.386
  321 (vir)           61.439           0.760          -1.568         -10.176           70.807
  322 (vir)           61.761          -0.778          -1.234          -9.776           69.525
  323 (vir)           61.820          -0.146          -1.235          -9.443           69.881
  324 (vir)           62.467           0.203          -1.051          -9.162           70.781
  325 (vir)           62.489          -1.392          -1.603         -10.240           69.734
  326 (vir)           62.609           1.428          -1.120          -9.176           72.093
  327 (vir)           62.645           0.076          -1.133          -9.401           70.988
  328 (vir)           62.825           0.702          -1.574         -10.147           72.099
  329 (vir)           63.195          -0.329          -1.211          -9.577           71.232
  330 (vir)           63.279          -0.425          -1.182          -9.634           71.306
  331 (vir)           63.407          -0.138          -1.293          -9.472           71.449
  332 (vir)           63.409           0.437          -1.549         -10.319           72.617
  333 (vir)           63.517           0.342          -1.396          -9.985           72.449
  334 (vir)           63.555          -0.173          -1.168          -9.540           71.753
  335 (vir)           63.598           0.106          -1.297          -9.764           72.171
  336 (vir)           64.137           0.213          -2.067         -10.900           73.184
  337 (vir)           64.272          -0.141          -1.532         -10.096           72.694
  338 (vir)           64.843           0.148          -2.387         -11.631           74.235
  339 (vir)           64.991          -1.363          -1.225          -9.755           72.158
  340 (vir)           65.193           2.029          -1.320          -9.763           75.665
  341 (vir)           65.348           0.472          -1.325          -9.736           74.231
  342 (vir)           65.384           0.357          -1.108          -9.358           73.991
  343 (vir)           65.761           0.727          -1.623         -10.300           75.165
  344 (vir)           66.092          -0.107          -1.292          -9.631           74.324
  345 (vir)           66.145          -0.242          -1.391         -10.034           74.546
  346 (vir)           66.238          -0.397          -1.779         -10.527           74.589
  347 (vir)           66.463           1.527          -2.111         -11.128           77.007
  348 (vir)           66.547          -0.806          -1.267         -10.118           74.592
  349 (vir)           66.781          -1.414          -1.394         -10.186           74.159
  350 (vir)           66.976           1.348          -1.390          -9.864           76.798
  351 (vir)           67.896           2.292          -2.349         -11.462           79.300
  352 (vir)           67.963          -5.318          -2.248         -11.451           71.848
  353 (vir)           68.235          -0.627          -1.245         -10.125           76.489
  354 (vir)           68.492           1.342          -2.701         -12.140           79.272
  355 (vir)           68.574           1.214          -2.368         -11.820           79.240
  356 (vir)           68.625           0.119          -1.138          -9.780           77.385
  357 (vir)           68.905          -0.355          -1.157          -9.889           77.282
  358 (vir)           69.162           1.503          -1.206          -9.831           79.290
  359 (vir)           69.217           1.436          -1.705         -10.685           79.633
  360 (vir)           69.349           0.497          -1.033          -9.483           78.296
  361 (vir)           69.681           0.211          -1.358         -10.295           78.829
  362 (vir)           70.387           2.462          -2.440         -11.787           82.195
  363 (vir)           70.534           1.604          -1.899         -11.051           81.289
  364 (vir)           71.223           1.837          -1.763         -10.741           82.038
  365 (vir)           71.289          -0.026          -1.380         -10.099           79.983
  366 (vir)           71.488           1.263          -1.113          -9.589           81.226
  367 (vir)           71.652           0.596          -1.200          -9.738           80.787
  368 (vir)           71.699           2.619          -2.487         -11.873           83.704
  369 (vir)           72.203           1.961          -1.790         -10.676           83.050
  370 (vir)           72.341           2.022          -2.040         -11.121           83.444
  371 (vir)           72.515           0.842          -1.557         -10.497           82.296
  372 (vir)           72.537           1.010          -2.507         -11.884           82.923
  373 (vir)           72.543           2.674          -2.657         -12.122           84.682
  374 (vir)           72.576           0.634          -2.535         -11.899           82.574
  375 (vir)           73.125           1.558          -2.214         -11.547           84.015
  376 (vir)           73.145           1.261          -2.470         -11.901           83.836
  377 (vir)           73.346          -2.394          -1.253          -9.865           79.564
  378 (vir)           73.463           2.809          -3.362         -13.256           86.166
  379 (vir)           73.626          -0.027          -2.021         -11.266           82.844
  380 (vir)           74.105          -0.853          -2.350         -11.710           82.611
  381 (vir)           74.262           1.939          -2.023         -11.197           85.375
  382 (vir)           74.769          -2.109          -1.367         -10.163           81.457
  383 (vir)           74.860           0.542          -2.187         -11.506           84.722
  384 (vir)           75.067           1.691          -1.476         -10.576           85.858
  385 (vir)           75.099           0.681          -1.713         -10.814           84.881
  386 (vir)           75.323          -0.801          -1.348         -10.207           83.380
  387 (vir)           75.966          -1.205          -3.085         -13.083           84.759
  388 (vir)           76.567           1.680          -1.566         -10.587           87.269
  389 (vir)           77.383           0.068          -1.205         -10.058           86.303
  390 (vir)           77.470           0.513          -1.391         -10.413           87.004
  391 (vir)           77.778           3.046          -2.602         -12.171           90.395
  392 (vir)           77.784          -0.393          -1.576         -10.416           86.231
  393 (vir)           78.166           1.045          -1.166         -10.101           88.145
  394 (vir)           78.375           1.660          -1.344         -10.221           88.912
  395 (vir)           79.261           0.529          -1.041          -9.845           88.593
  396 (vir)           79.351           1.604          -2.353         -11.799           90.401
  397 (vir)           79.809           1.366          -1.169         -10.351           90.357
  398 (vir)           80.351           0.029          -1.180         -10.341           89.541
  399 (vir)           80.633           1.056          -1.486         -10.647           90.851
  400 (vir)           80.812           1.101          -1.181         -10.287           91.019
  401 (vir)           80.955           3.276          -1.740         -10.928           93.419
  402 (vir)           80.992           2.138          -1.821         -11.042           92.351
  403 (vir)           81.172          -0.722          -1.481         -10.757           89.725
  404 (vir)           81.492          -0.361          -1.283         -10.444           90.292
  405 (vir)           82.078           0.229          -1.350         -10.387           91.344
  406 (vir)           83.699           1.105          -0.888          -9.393           93.308
  407 (vir)           83.769           1.180          -0.934          -9.450           93.465
  408 (vir)           83.795          -0.045          -1.053          -9.711           92.407
  409 (vir)           83.919           1.338          -0.885          -9.411           93.783
  410 (vir)           84.293           1.333          -0.987          -9.653           94.293
  411 (vir)           84.539           2.058          -1.555         -10.415           95.456
  412 (vir)           84.895           0.313          -1.017          -9.848           94.039
  413 (vir)           85.078          -1.638          -1.094         -10.157           92.503
  414 (vir)           86.002           1.358          -1.246         -10.381           96.494
  415 (vir)           86.281           2.679          -1.684         -11.056           98.331
  416 (vir)           87.189           1.218          -1.256         -10.418           97.569
  417 (vir)           87.358           0.098          -1.287         -10.441           96.610
  418 (vir)           87.573           0.964          -1.155         -10.010           97.392
  419 (vir)           87.584           1.544          -1.173         -10.475           98.429
  420 (vir)           88.271           0.159          -1.615         -11.226           98.041
  421 (vir)           88.294           1.043          -1.294         -10.690           98.733
  422 (vir)           89.553           1.720          -1.721         -10.854          100.406
  423 (vir)           89.670           2.755          -1.683         -10.887          101.629
  424 (vir)           89.682           0.935          -1.149         -10.353           99.820
  425 (vir)           89.972           2.040          -1.586         -11.200          101.625
  426 (vir)           90.081           2.587          -1.599         -10.590          101.659
  427 (vir)           90.407           1.380          -1.325         -10.214          100.677
  428 (vir)           90.601           2.072          -1.548         -10.784          101.909
  429 (vir)           91.122           1.671          -1.471         -10.702          102.025
  430 (vir)           91.422          -0.676          -1.214         -10.220           99.752
  431 (vir)           91.764           2.723          -1.354         -10.228          103.360
  432 (vir)           91.895          -2.178          -1.379         -10.483           98.822
  433 (vir)           92.197          -0.154          -1.054         -10.515          101.504
  434 (vir)           92.581           1.698          -1.081         -10.388          103.586
  435 (vir)           92.734           2.067          -1.127         -10.262          103.935
  436 (vir)           93.133           4.791          -1.229         -10.112          106.807
  437 (vir)           93.538           1.207          -1.153         -10.527          104.118
  438 (vir)           93.543           3.714          -1.242         -10.416          106.431
  439 (vir)           94.195           2.774          -1.927         -11.678          106.720
  440 (vir)           96.004           1.866          -1.171         -10.311          107.010
  441 (vir)           96.330          -8.827          -1.131         -10.658           97.031
  442 (vir)           97.078           6.438          -1.074         -10.565          113.006
  443 (vir)           97.448           5.619          -1.301         -10.958          112.724
  444 (vir)           97.731           3.336          -3.273         -13.966          111.760
  445 (vir)           99.033           1.095          -3.528         -14.710          111.310
  446 (vir)           99.930           1.569          -3.462         -14.589          112.627
  447 (vir)           99.968           1.920          -3.382         -14.431          112.936
  448 (vir)          100.128           1.599          -3.121         -13.730          112.336
  449 (vir)          100.140           2.846          -3.312         -14.347          114.021
  450 (vir)          100.965           1.751          -3.120         -14.052          113.649
  451 (vir)          101.200           2.688          -3.031         -13.778          114.636
  452 (vir)          102.493           1.308          -3.006         -13.732          114.528
  453 (vir)          103.002           1.900          -3.078         -13.794          115.619
  454 (vir)          103.114           1.520          -3.069         -13.836          115.400
  455 (vir)          104.799           0.847          -4.600         -16.791          117.837
  456 (vir)          107.747           1.563          -4.738         -17.061          121.632
  457 (vir)          109.037           1.749          -5.109         -17.711          123.387
  458 (vir)          110.298           2.044          -5.310         -18.106          125.138
  459 (vir)          130.037          -4.824          -6.324         -19.739          138.629
  460 (vir)          130.595          -3.962          -6.240         -19.629          140.022
  461 (vir)          132.883           2.951          -6.527         -19.979          149.285
  462 (vir)          134.006           4.677          -6.611         -19.893          151.965
  463 (vir)          137.166           4.580          -6.933         -20.212          155.025
  464 (vir)          143.193           1.787          -7.311         -21.886          159.554
  465 (vir)          143.331           1.864          -7.178         -21.718          159.735
  466 (vir)          143.405           1.959          -7.173         -21.718          159.909
  467 (vir)          143.419           1.522          -7.354         -21.900          159.487
  468 (vir)          144.695           1.303          -7.586         -22.251          160.662
  469 (vir)          145.575           0.906          -7.349         -21.933          161.066
  470 (vir)          145.984           1.284          -7.366         -21.899          161.801
  471 (vir)          145.988           1.616          -6.060         -20.779          162.323
  472 (vir)          146.158           0.612          -7.339         -22.096          161.527
  473 (vir)          146.350           2.785          -7.046         -21.851          163.940
  474 (vir)          146.400           4.669          -6.772         -21.550          165.847
  475 (vir)          148.403           1.024          -6.121         -20.569          163.874
  476 (vir)          148.630           2.391          -5.912         -20.310          165.419
  477 (vir)          149.671           1.557          -7.063         -21.501          165.667
  478 (vir)          149.696           5.118          -6.056         -20.380          169.138
  479 (vir)          150.842         -19.787          -5.277         -19.277          145.056
  480 (vir)          151.097           1.612          -4.771         -18.550          166.488
  481 (vir)          151.314           1.126          -6.030         -19.969          166.379
  482 (vir)          151.855           0.467          -5.950         -19.755          166.126
  483 (vir)          154.125           2.038          -4.802         -18.073          169.434
  484 (vir)          154.175           0.345          -6.556         -20.773          168.736
  485 (vir)          154.862           4.363          -0.682         -11.098          169.641
  486 (vir)          154.864           4.368          -0.682         -11.098          169.648
  487 (vir)          155.142           0.169          -4.809         -17.889          168.390
  488 (vir)          155.290           0.861          -4.342         -17.101          168.910
  489 (vir)          155.675           0.598          -2.011         -13.352          167.614
  490 (vir)          155.729           2.909          -0.813         -11.316          169.140
  491 (vir)          155.733           3.192          -0.769         -11.267          169.423
  492 (vir)          155.848           3.334          -0.725         -11.220          169.676
  493 (vir)          155.930           4.226          -0.701         -11.144          170.599
  494 (vir)          156.026           0.885          -2.630         -14.332          168.613
  495 (vir)          156.046           1.637          -1.091         -11.760          168.352
  496 (vir)          156.495           0.869          -3.728         -16.044          169.680
  497 (vir)          156.672           0.530          -1.460         -12.432          168.173
  498 (vir)          156.879           1.630          -0.953         -11.571          169.127
  499 (vir)          156.903           1.777          -0.924         -11.525          169.281
  500 (vir)          157.199           1.659          -1.095         -11.969          169.732
  501 (vir)          157.203           2.200          -0.887         -11.527          170.042
  502 (vir)          157.438           2.161          -0.935         -11.534          170.198
  503 (vir)          157.490           1.231          -1.355         -12.334          169.699
  504 (vir)          157.496           1.558          -1.089         -11.812          169.777
  505 (vir)          157.507           1.184          -1.244         -12.227          169.675
  506 (vir)          157.816           2.024          -1.031         -11.687          170.496
  507 (vir)          158.002           1.276          -1.295         -12.188          170.171
  508 (vir)          158.401          -1.787          -2.961         -15.019          168.673
  509 (vir)          158.991           1.032          -2.396         -13.988          171.617
  510 (vir)          159.951           0.859          -2.540         -14.380          172.649
  511 (vir)          160.753           0.793          -2.705         -14.644          173.485
  512 (vir)          160.754           0.858          -3.000         -14.994          173.606
  513 (vir)          161.353           1.617          -0.953         -11.790          173.808
  514 (vir)          161.430           1.651          -0.907         -11.702          173.877
  515 (vir)          162.008           1.841          -0.842         -11.608          174.614
  516 (vir)          162.686           1.599          -1.018         -11.962          175.229
  517 (vir)          162.721           2.047          -2.543         -14.806          177.031
  518 (vir)          162.769           1.408          -2.406         -14.632          176.402
  519 (vir)          163.159           1.640          -1.189         -12.244          175.855
  520 (vir)          163.266           1.569          -2.481         -14.895          177.249
  521 (vir)          163.410           1.307          -1.641         -13.244          176.319
  522 (vir)          163.510           1.589          -1.323         -12.619          176.395
  523 (vir)          163.631           2.141          -2.000         -14.073          177.845
  524 (vir)          164.022           1.948          -0.957         -11.961          176.974
  525 (vir)          164.379           1.558          -1.320         -12.584          177.201
  526 (vir)          164.454           1.632          -1.426         -12.663          177.324
  527 (vir)          164.463           1.597          -1.469         -12.744          177.335
  528 (vir)          164.645           1.435          -1.655         -13.097          177.522
  529 (vir)          164.721           1.508          -1.671         -13.099          177.657
  530 (vir)          165.160           0.867          -2.058         -14.697          178.667
  531 (vir)          165.609           1.549          -3.028         -16.015          180.145
  532 (vir)          165.686           1.263          -1.995         -13.688          178.641
  533 (vir)          165.849           1.534          -2.965         -15.958          180.376
  534 (vir)          166.334           1.578          -2.686         -15.612          180.838
  535 (vir)          166.386           1.378          -2.550         -15.343          180.557
  536 (vir)          166.418           1.467          -2.505         -15.252          180.632
  537 (vir)          166.702           1.621          -2.465         -15.365          181.223
  538 (vir)          166.743           0.750          -2.439         -15.444          180.498
  539 (vir)          168.010           1.658          -1.251         -12.471          180.889
  540 (vir)          168.123           1.993          -0.890         -11.843          181.069
  541 (vir)          168.359           1.704          -1.045         -12.119          181.137
  542 (vir)          169.775           1.568          -1.577         -13.100          182.865
  543 (vir)          169.827           1.439          -1.690         -13.250          182.826
  544 (vir)          170.309           1.081          -2.095         -13.950          183.245
  545 (vir)          171.802           1.494          -1.567         -13.122          184.851
  546 (vir)          171.848           1.516          -1.574         -13.136          184.926
  547 (vir)          172.109           1.485          -1.539         -13.066          185.120
  548 (vir)          172.165           1.478          -1.564         -13.108          185.186
  549 (vir)          174.570           1.459          -1.116         -12.758          187.670
  550 (vir)          174.632           1.400          -1.112         -12.759          187.679
  551 (vir)          174.677           1.162          -1.207         -12.911          187.543
  552 (vir)          174.771           1.313          -1.253         -13.013          187.844
  553 (vir)          177.020          -1.034          -1.279         -13.121          187.827
  554 (vir)          177.077           1.211          -2.555         -15.047          190.781
  555 (vir)          177.286           1.443          -1.348         -13.298          190.679
  556 (vir)          177.357           0.364          -2.574         -15.097          190.243
  557 (vir)          177.926           1.475          -1.312         -13.246          191.336
  558 (vir)          178.148           1.271          -2.432         -14.899          191.886
  559 (vir)          178.601           1.132          -2.689         -15.287          192.331
  560 (vir)          178.746           1.073          -2.744         -15.393          192.468
  561 (vir)          180.090           1.749          -1.168         -13.062          193.732
  562 (vir)          180.448           1.743          -1.167         -13.054          194.078
  563 (vir)          180.949           1.088          -3.086         -15.824          194.774
  564 (vir)          181.361           1.289          -2.501         -14.988          195.138
  565 (vir)          181.438           1.227          -2.652         -15.191          195.205
  566 (vir)          181.675           1.181          -2.759         -15.311          195.408
  567 (vir)          181.696           1.366          -2.197         -14.444          195.309
  568 (vir)          181.725           0.952          -3.220         -16.128          195.585
  569 (vir)          181.869           1.265          -2.526         -14.988          195.595
  570 (vir)          182.154           1.245          -2.378         -14.722          195.743
  571 (vir)          182.267           1.175          -2.737         -15.397          196.103
  572 (vir)          182.568           0.845          -3.653         -16.798          196.558
  573 (vir)          185.340           1.358          -3.292         -16.806          200.211
  574 (vir)          186.379           1.390          -3.232         -16.629          201.166
  575 (vir)          186.812           1.844          -2.833         -16.215          202.038
  576 (vir)          186.829           1.901          -2.950         -16.387          202.167
  577 (vir)          187.258           1.313          -3.205         -16.562          201.927
  578 (vir)          187.308           1.475          -3.090         -16.471          202.164
  579 (vir)          187.695           0.892          -3.150         -16.544          201.982
  580 (vir)          188.096           1.566          -2.807         -16.162          203.017
  581 (vir)          188.149           1.381          -3.297         -16.685          202.918
  582 (vir)          188.818           1.153          -3.466         -16.916          203.421
  583 (vir)          188.935           1.604          -2.764         -16.130          203.905
  584 (vir)          189.216           1.436          -3.167         -16.679          204.164
  585 (vir)          209.546           3.094          -1.111         -14.349          225.879
  586 (vir)          209.763           3.144          -1.088         -14.285          226.104
  587 (vir)          209.910           3.163          -1.073         -14.218          226.217
  588 (vir)          210.040           3.177          -1.086         -14.279          226.410
  589 (vir)          210.166           3.131          -1.074         -14.229          226.453
  590 (vir)          210.263           3.063          -1.106         -14.340          226.561
  591 (vir)          210.977           3.145          -1.100         -14.315          227.338
  592 (vir)          211.324           3.220          -1.041         -14.018          227.521
  593 (vir)          211.547           3.112          -1.087         -14.289          227.862
  594 (vir)          212.025           3.077          -1.095         -14.309          228.316
  595 (vir)          212.301           3.211          -1.011         -13.923          228.425
  596 (vir)          212.367           3.048          -1.081         -14.290          228.624
  597 (vir)          212.507           3.160          -1.073         -14.245          228.839
  598 (vir)          212.828           3.245          -1.007         -13.963          229.029
  599 (vir)          213.020           3.276          -0.995         -13.963          229.265
  600 (vir)          213.102           3.247          -1.009         -14.013          229.352
  601 (vir)          213.296           3.175          -1.104         -14.324          229.691
  602 (vir)          213.553           3.171          -1.017         -14.055          229.762
  603 (vir)          213.692           3.362          -0.963         -13.801          229.893
  604 (vir)          213.833           3.482          -0.867         -13.386          229.833
  605 (vir)          213.956           3.174          -1.024         -14.075          230.180
  606 (vir)          214.251           3.450          -0.910         -13.612          230.403
  607 (vir)          214.859           3.374          -0.961         -13.878          231.149
  608 (vir)          215.158           3.322          -0.969         -13.912          231.423
  609 (vir)          215.998           3.438          -0.959         -13.883          232.361
  610 (vir)          216.311           3.402          -0.980         -14.001          232.735
  611 (vir)          217.297           3.464          -0.871         -13.409          233.300
  612 (vir)          217.480           3.381          -0.870         -13.420          233.410
  613 (vir)          217.565           3.219          -0.891         -13.440          233.333
  614 (vir)          217.653           3.236          -0.910         -13.501          233.480
  615 (vir)          217.711           3.273          -0.894         -13.503          233.593
  616 (vir)          217.809           3.265          -0.897         -13.409          233.585
  617 (vir)          217.993           3.221          -0.896         -13.527          233.844
  618 (vir)          218.038           3.300          -0.868         -13.391          233.861
  619 (vir)          218.174           3.258          -0.847         -13.222          233.808
  620 (vir)          218.808           3.296          -0.856         -13.245          234.493
  621 (vir)          218.832           3.103          -0.926         -13.534          234.543
  622 (vir)          218.988           3.254          -0.838         -13.221          234.625
  623 (vir)          219.057           3.328          -0.832         -13.182          234.735
  624 (vir)          219.289           3.236          -0.821         -13.138          234.842
  625 (vir)          219.410           3.238          -0.832         -13.177          234.993
  626 (vir)          219.501           3.299          -0.830         -13.176          235.144
  627 (vir)          219.666           3.305          -0.819         -13.165          235.316
  628 (vir)          219.958           3.327          -0.813         -13.096          235.568
  629 (vir)          219.961           3.318          -0.813         -13.101          235.566
  630 (vir)          220.063           3.293          -0.823         -13.128          235.661
  631 (vir)          220.311           3.355          -0.816         -13.152          236.002
  632 (vir)          220.434           3.115          -0.947         -13.628          236.231
  633 (vir)          229.527           3.299          -0.792         -13.022          245.055
  634 (vir)          229.981           3.209          -0.800         -13.047          245.437
  635 (vir)          230.850           3.254          -0.815         -13.122          246.411
  636 (vir)          230.870           3.208          -0.804         -13.093          246.368
  637 (vir)          230.996           3.232          -0.817         -13.138          246.549
  638 (vir)          231.039           3.273          -0.811         -13.118          246.619
  639 (vir)          231.570           3.062          -0.806         -13.080          246.906
  640 (vir)          232.594           3.665          -0.831         -13.167          248.596
  641 (vir)          232.782           3.174          -0.830         -13.207          248.333
  642 (vir)          233.030           3.703          -0.806         -13.137          249.064
  643 (vir)          233.144           3.386          -0.812         -13.134          248.853
  644 (vir)          233.631           3.408          -0.798         -13.094          249.335
  645 (vir)          233.778           2.457          -0.838         -13.206          248.603
  646 (vir)          233.924           2.833          -0.817         -13.169          249.108
  647 (vir)          233.932           2.934          -0.791         -13.055          249.130
  648 (vir)          234.619           3.130          -0.778         -13.035          250.006
  649 (vir)          234.964           3.174          -0.804         -13.108          250.442
  650 (vir)          235.000           2.625          -0.823         -13.177          249.978
  651 (vir)          235.186           2.822          -0.821         -13.186          250.373
  652 (vir)          235.211           2.977          -0.813         -13.169          250.544
  653 (vir)          235.334           2.828          -0.813         -13.160          250.509
  654 (vir)          235.564           2.346          -0.786         -13.092          250.215
  655 (vir)          235.597           3.510          -0.777         -13.042          251.372
  656 (vir)          235.667           3.196          -0.781         -13.081          251.162
  657 (vir)          238.395           1.827          -1.053         -13.794          252.962
  658 (vir)          238.634           3.028          -1.055         -13.820          254.427
  659 (vir)          239.133           4.239          -0.971         -13.575          255.976
  660 (vir)          239.352           2.981          -0.989         -13.610          254.955
  661 (vir)          239.702           1.278          -1.078         -13.870          253.772
  662 (vir)          240.195           2.433          -1.217         -14.214          255.625
  663 (vir)          240.258           3.157          -1.140         -14.016          256.291
  664 (vir)          240.420           2.233          -0.949         -13.531          255.234
  665 (vir)          240.645           2.874          -0.850         -13.242          255.911
  666 (vir)          240.932           2.026          -0.834         -13.210          255.334
  667 (vir)          241.481           2.545          -0.987         -13.594          256.632
  668 (vir)          242.207           2.556          -1.028         -13.666          257.402
  669 (vir)          247.644           2.398          -1.756         -15.691          263.978
  670 (vir)          248.773           1.988          -1.731         -15.664          264.694
  671 (vir)          249.610           2.056          -1.743         -15.748          265.672
  672 (vir)          249.921           1.980          -1.754         -15.766          265.913
  673 (vir)          249.929           2.614          -1.818         -15.986          266.711
  674 (vir)          250.012           1.879          -1.789         -15.630          265.732
  675 (vir)          250.192           1.722          -1.755         -15.583          265.742
  676 (vir)          250.502           1.912          -1.677         -15.483          266.219
  677 (vir)          250.660           1.736          -1.683         -15.464          266.177
  678 (vir)          250.973           2.198          -1.649         -15.274          266.796
  679 (vir)          252.416           2.160          -1.566         -15.083          268.094
  680 (vir)          252.472           2.151          -1.568         -15.103          268.158
  681 (vir)          314.404           1.967         -16.925         -42.720          342.167
  682 (vir)          315.333           1.877         -16.908         -42.721          343.023
  683 (vir)          317.344           1.891         -16.887         -42.716          345.065
  684 (vir)          321.446           1.974         -16.809         -42.654          349.265
  685 (vir)          333.220           2.155         -16.337         -42.041          361.079
  686 (vir)          333.327           2.198         -16.346         -42.045          361.224
  687 (vir)          333.454           2.170         -16.346         -42.046          361.324
  688 (vir)          333.501           2.131         -16.345         -42.062          361.350
  689 (vir)          333.799           2.176         -16.342         -42.045          361.677
  690 (vir)          333.951           1.949         -16.360         -42.085          361.624
  691 (vir)          334.172           1.940         -16.362         -42.100          361.851
  692 (vir)          335.421           2.206         -16.542         -42.485          363.569
  693 (vir)          337.599           2.013         -16.582         -42.595          365.626
  694 (vir)          338.569           1.816         -16.688         -42.829          366.526
  695 (vir)          338.576           1.982         -16.644         -42.729          366.643
  696 (vir)          447.749           1.799         -15.505         -41.642          475.685
  697 (vir)          448.681           1.791         -15.454         -41.580          476.597
  698 (vir)          450.986           1.786         -15.373         -41.492          478.891
  699 (vir)          452.945           1.788         -15.325         -41.454          480.862
  700 (vir)          453.268           1.807         -15.344         -41.494          481.226
  701 (vir)         1569.528           1.296         -27.598         -77.706         1620.932
  702 (vir)         1570.091           1.295         -27.592         -77.702         1621.496
  703 (vir)         1571.799           1.298         -27.573         -77.689         1623.213
  704 (vir)         1573.477           1.303         -27.554         -77.677         1624.903
  705 (vir)         1573.912           1.308         -27.548         -77.673         1625.345
  706 (vir)         8576.790           0.079         -45.611        -177.242         8708.499
  707 (vir)         8577.763           0.079         -45.608        -177.243         8709.477
  708 (vir)         8580.538           0.079         -45.601        -177.247         8712.263
  709 (vir)         8583.167           0.079         -45.594        -177.251         8714.903
  710 (vir)         8583.686           0.079         -45.593        -177.253         8715.425
