 
  kpoint:     0.0000    0.0000    0.0000
 
    n          ϵ_nk^DFT (eV)     Σ^c_nk (eV)     Σ^x_nk (eV)     v_n^xc (eV)   ϵ_nk^G0W0 (eV)
 
    1 (occ)         -510.896          -2.832        -132.593         -83.740         -562.582
    2 (occ)         -271.719          -1.053         -96.905         -61.538         -308.138
    3 (occ)          -26.624           6.934         -33.686         -21.997          -31.379
    4 (occ)          -15.685           3.111         -23.765         -16.287          -20.053
    5 (occ)          -12.143           2.197         -21.946         -15.605          -16.286
    6 (occ)          -10.973           2.774         -26.725         -19.777          -15.147
    7 (occ)          -10.076           0.763         -21.865         -17.242          -13.935
    8 (occ)           -6.254           1.759         -24.137         -18.309          -10.323
    9 (vir)           -2.673          -2.474          -8.653         -14.749            0.949
   10 (vir)            0.271          -0.985          -2.084          -5.324            2.526
   11 (vir)            1.732          -0.948          -2.099          -5.275            3.960
   12 (vir)            1.867          -0.893          -1.820          -5.072            4.226
   13 (vir)            3.016          -1.054          -1.278          -4.458            5.142
   14 (vir)            4.314          -0.539          -1.341          -3.914            6.347
   15 (vir)            4.423          -1.366          -2.211          -6.131            6.978
   16 (vir)            6.514          -1.186          -1.855          -5.468            8.941
   17 (vir)            8.017          -2.097          -3.936          -9.100           11.084
   18 (vir)            8.115          -1.699          -2.499          -6.645           10.562
   19 (vir)            8.362          -1.591          -1.973          -6.147           10.944
   20 (vir)            9.511          -2.743          -5.678         -11.780           12.871
   21 (vir)            9.672          -1.932          -2.292          -7.427           12.876
   22 (vir)           11.055          -1.194          -2.209          -6.129           13.780
   23 (vir)           14.583          -2.191          -2.065          -7.449           17.777
   24 (vir)           14.763          -1.653          -1.876          -6.664           17.897
   25 (vir)           15.691          -1.923          -1.843          -6.759           18.683
   26 (vir)           18.224          -1.975          -2.756          -7.765           21.257
   27 (vir)           18.543          -2.875          -1.761          -7.730           21.636
   28 (vir)           18.627          -1.772          -1.530          -6.652           21.976
   29 (vir)           19.378          -4.437          -5.615         -13.560           22.886
   30 (vir)           19.476          -1.839          -1.541          -6.559           22.655
   31 (vir)           19.957          -2.017          -0.937          -5.886           22.889
   32 (vir)           21.152          -2.136          -2.356          -7.866           24.527
   33 (vir)           21.632          -2.089          -1.829          -6.937           24.651
   34 (vir)           22.029          -2.129          -1.635          -6.926           25.191
   35 (vir)           27.321          -1.827          -1.862          -7.299           30.930
   36 (vir)           27.941          -2.503          -2.533          -9.131           32.035
   37 (vir)           29.538          -2.014          -1.181          -6.879           33.223
   38 (vir)           31.424          -2.750          -1.603          -7.914           34.985
   39 (vir)           33.336          -2.200          -2.830          -9.891           38.196
   40 (vir)           35.167          -3.285          -3.502         -11.194           39.573
   41 (vir)           35.746          -2.864          -3.158         -10.463           40.188
   42 (vir)           37.151          -3.364          -3.997         -11.665           41.455
   43 (vir)           37.365          -3.587          -3.762         -12.543           42.559
   44 (vir)           38.593          -2.549          -2.473          -9.724           43.296
   45 (vir)           42.619          -2.719          -2.892         -11.596           48.604
   46 (vir)           43.616          -2.824          -3.222         -11.074           48.644
   47 (vir)           43.954          -2.148          -2.523         -10.625           49.906
   48 (vir)           47.438          -2.315          -1.901         -10.313           53.534
   49 (vir)           48.630          -2.416          -1.589          -9.531           54.156
   50 (vir)           49.368          -2.835          -2.870         -11.620           55.283
   51 (vir)           49.383          -1.943          -1.594          -9.568           55.415
   52 (vir)           50.179          -2.616          -3.447         -12.267           56.383
   53 (vir)           51.156          -2.540          -2.617         -10.994           56.992
   54 (vir)           53.338          -2.749          -1.792          -9.881           58.678
   55 (vir)           54.252          -1.331          -2.792         -10.849           60.979
   56 (vir)           56.689          -1.655          -1.170          -9.024           62.888
   57 (vir)           57.399          -2.613          -1.906         -10.275           63.154
   58 (vir)           58.885          -3.419          -2.211         -11.090           64.344
   59 (vir)           59.144          -2.984          -2.298         -11.329           65.191
   60 (vir)           62.143          -1.801          -1.182          -9.322           68.482
   61 (vir)           62.597          -1.961          -1.894         -10.311           69.053
   62 (vir)           64.677          -1.668          -0.894          -8.467           70.582
   63 (vir)           65.553          -2.076          -1.579          -9.996           71.894
   64 (vir)           67.764          -1.252          -1.107          -9.344           74.749
   65 (vir)           68.132          -2.253          -1.860         -10.506           74.526
   66 (vir)           70.091          -1.248          -1.389          -9.934           77.388
   67 (vir)           70.102          -2.270          -1.625         -10.086           76.293
   68 (vir)           71.617          -4.360          -3.131         -13.805           77.931
   69 (vir)           77.371          -1.495          -1.647         -10.405           84.635
   70 (vir)           80.526          -1.903          -2.112         -11.537           88.048
   71 (vir)           82.687          -2.067          -2.553         -13.417           91.483
   72 (vir)           84.110          -2.909          -2.971         -14.042           92.273
   73 (vir)           84.552          -4.120          -2.325         -12.633           90.740
   74 (vir)           85.347          -3.564          -3.875         -15.472           93.380
   75 (vir)           86.793          -2.298          -1.513         -11.288           94.269
   76 (vir)           89.401          -4.699          -2.593         -13.142           95.251
   77 (vir)           94.742          -2.632          -1.842         -11.902          102.170
   78 (vir)           95.156          -2.709          -2.360         -13.195          103.282
   79 (vir)           96.532          -2.102          -2.890         -14.015          105.555
   80 (vir)           97.732          -3.122          -4.182         -16.828          107.256
   81 (vir)           99.194          -3.415          -3.873         -15.979          107.885
   82 (vir)          104.868          -1.050          -4.100         -16.913          116.631
   83 (vir)          105.174          -0.706          -2.129         -13.685          116.024
   84 (vir)          105.950          -4.181          -4.715         -17.722          114.777
   85 (vir)          106.048          -2.991          -3.129         -15.129          115.057
   86 (vir)          113.350          -3.316          -3.534         -16.044          122.545
   87 (vir)          116.197          -3.388          -4.429         -17.382          125.761
   88 (vir)          116.816          -2.058          -2.513         -14.600          126.845
   89 (vir)          119.720          -7.269          -4.568         -18.203          126.086
   90 (vir)          123.770          -1.860          -2.267         -14.224          133.867
   91 (vir)          124.092           3.627          -3.705         -16.177          140.190
   92 (vir)          131.351          -0.130          -5.940         -22.045          147.326
   93 (vir)          134.208          -0.083          -1.895         -14.079          146.310
   94 (vir)          138.709          -1.568          -1.639         -13.898          149.400
   95 (vir)          139.693          -0.327          -2.303         -15.127          152.191
   96 (vir)          140.697          -1.818          -5.214         -20.217          153.882
   97 (vir)          142.026          -0.875          -1.400         -13.402          153.152
   98 (vir)          144.804          -2.602          -1.862         -14.508          154.849
   99 (vir)          145.225          -0.626          -2.289         -15.469          157.779
  100 (vir)          148.403          -0.025          -1.625         -14.117          160.871
  101 (vir)          150.441          -1.161          -1.978         -15.240          162.542
  102 (vir)          152.999          -3.115          -3.061         -17.089          163.911
  103 (vir)          153.820           2.704          -2.138         -15.384          169.770
  104 (vir)          155.865           2.217          -1.807         -14.697          170.971
  105 (vir)          156.250          -2.305          -1.598         -13.784          166.131
  106 (vir)          156.843          -8.133          -2.633         -16.720          162.797
  107 (vir)          160.310          -0.257          -1.400         -13.073          171.724
  108 (vir)          160.870          -0.347          -0.859         -11.677          171.341
  109 (vir)          161.099           0.160          -1.413         -13.687          173.533
  110 (vir)          163.293          -3.267          -1.564         -13.719          172.181
  111 (vir)          166.842          -1.227          -2.251         -15.417          178.780
  112 (vir)          169.536           0.060          -1.536         -14.338          182.397
  113 (vir)          170.812           2.154          -1.822         -15.002          186.147
  114 (vir)          174.575           9.143          -2.132         -15.448          197.034
  115 (vir)          176.806           4.740          -1.743         -15.459          195.263
  116 (vir)          178.941           2.334          -2.342         -16.304          195.238
  117 (vir)          179.421          -4.975          -4.488         -19.540          189.498
  118 (vir)          188.241           0.860          -1.040         -13.128          201.190
  119 (vir)          190.019          -5.791          -2.515         -16.515          198.228
  120 (vir)          195.662           6.064          -1.522         -14.524          214.729
  121 (vir)          196.737           1.513          -1.618         -15.140          211.771
  122 (vir)          196.836          -0.029          -1.599         -14.446          209.654
  123 (vir)          199.375           0.292          -1.150         -13.791          212.307
  124 (vir)          201.787           0.111          -0.802         -12.191          213.288
  125 (vir)          201.912           1.303          -0.944         -12.709          214.981
  126 (vir)          202.169          -0.609          -1.891         -15.938          215.607
  127 (vir)          203.740           2.869          -1.170         -13.680          219.119
  128 (vir)          207.884           1.265          -0.883         -12.500          220.765
  129 (vir)          211.232           2.140          -1.079         -13.109          225.402
  130 (vir)          212.786           6.670          -2.416         -16.625          233.665
  131 (vir)          217.697           2.273          -1.614         -15.301          233.657
  132 (vir)          218.292           1.046          -1.238         -14.086          232.186
  133 (vir)          218.532           0.733          -1.092         -14.308          232.481
  134 (vir)          218.724          -0.079          -0.866         -13.169          230.948
  135 (vir)          224.599           2.673          -1.303         -14.759          240.728
  136 (vir)          225.765          -1.399          -0.870         -13.132          236.628
  137 (vir)          228.286           0.509          -1.047         -13.790          241.538
  138 (vir)          236.109           7.166          -2.012         -17.383          258.646
  139 (vir)          237.309           3.607          -2.270         -18.624          257.270
  140 (vir)          238.050           2.088          -1.893         -17.124          255.369
  141 (vir)          240.296           5.233          -1.513         -15.557          259.573
  142 (vir)          243.007           1.791          -1.880         -17.295          260.213
  143 (vir)          243.499           1.999          -1.600         -15.811          259.710
  144 (vir)          249.242         -19.039          -1.882         -16.565          244.886
  145 (vir)          252.801           3.761          -4.188         -21.664          274.038
  146 (vir)          255.932           0.208          -1.891         -17.416          271.665
  147 (vir)          258.066           1.146          -1.780         -17.226          274.658
  148 (vir)          258.472           3.367          -1.044         -14.788          275.584
  149 (vir)          263.064           0.205          -1.384         -15.991          277.876
  150 (vir)          264.958           1.234          -2.667         -19.948          283.473
  151 (vir)          271.238           0.934          -2.194         -18.939          288.916
  152 (vir)          275.426          -5.870          -2.680         -20.254          287.130
  153 (vir)          276.296           2.315          -1.510         -16.650          293.750
  154 (vir)          287.195           2.180          -2.704         -20.282          306.952
  155 (vir)          295.203           8.821          -3.430         -22.974          323.568
  156 (vir)          295.334           6.485          -3.208         -22.280          320.891
  157 (vir)          297.594           3.292          -2.052         -18.525          317.360
  158 (vir)          305.647           6.472          -3.234         -22.668          331.553
  159 (vir)          308.568           6.611          -3.227         -22.540          334.492
  160 (vir)          315.134           2.010          -1.735         -17.385          332.795
  161 (vir)          315.780           7.554          -3.017         -22.382          342.698
  162 (vir)          316.562           3.670          -4.535         -24.798          340.495
  163 (vir)          324.591           0.798          -4.301         -25.452          346.540
  164 (vir)          325.333           4.813          -2.952         -22.068          349.262
  165 (vir)          328.609           6.118          -4.069         -24.726          355.384
  166 (vir)          336.751           1.645          -2.404         -19.051          355.043
  167 (vir)          352.137           2.071          -3.604         -24.401          375.005
  168 (vir)          363.799          -1.570          -3.758         -24.654          383.125
  169 (vir)          374.937           3.193          -9.298         -31.442          400.274
  170 (vir)          387.267           2.775          -4.807         -26.370          411.605
  171 (vir)          768.236           0.897         -12.712         -45.821          802.242
  172 (vir)         1296.869           1.244         -18.064         -62.289         1342.338
  173 (vir)         3997.023           1.317         -14.749         -94.538         4078.129
  174 (vir)         6864.011           0.389         -20.633        -126.367         6970.135
