 
  kpoint:     0.0000    0.0000    0.0000
 
    n          ϵ_nk^DFT (eV)     Σ^c_nk (eV)     Σ^x_nk (eV)     v_n^xc (eV)   ϵ_nk^G0W0 (eV)
 
    1 (occ)         -269.231           1.298         -96.867         -61.539         -303.260
    2 (occ)         -268.963           2.415         -96.900         -61.539         -301.909
    3 (occ)         -268.957           2.306         -96.901         -61.540         -302.012
    4 (occ)         -268.944           2.323         -96.887         -61.551         -301.957
    5 (occ)         -268.939           2.366         -96.882         -61.553         -301.902
    6 (occ)          -21.244           6.784         -26.551         -16.934          -24.076
    7 (occ)          -17.347           5.368         -25.414         -16.921          -20.471
    8 (occ)          -17.309           5.052         -24.698         -16.399          -20.557
    9 (occ)          -13.460           3.293         -22.521         -15.818          -16.870
   10 (occ)          -12.845           2.967         -21.971         -15.533          -16.316
   11 (occ)          -12.572           2.660         -20.740         -14.740          -15.913
   12 (occ)          -10.785           1.783         -19.260         -13.971          -14.291
   13 (occ)           -9.510           1.621         -21.022         -15.798          -13.113
   14 (occ)           -8.994           1.407         -20.937         -16.125          -12.399
   15 (occ)           -8.649           1.110         -20.112         -15.602          -12.049
   16 (occ)           -8.553           1.193         -20.205         -15.527          -12.038
   17 (occ)           -7.420           0.584         -17.188         -13.591          -10.434
   18 (occ)           -5.395          -0.250         -16.236         -13.538           -8.344
   19 (vir)           -1.469          -2.481          -7.836         -12.821            1.035
   20 (vir)            0.351          -1.248          -1.942          -5.051            2.213
   21 (vir)            0.773          -3.154          -6.438         -12.002            3.184
   22 (vir)            1.034          -1.185          -1.858          -4.857            2.849
   23 (vir)            1.126          -1.130          -1.648          -4.503            2.852
   24 (vir)            1.544          -1.169          -1.605          -4.580            3.351
   25 (vir)            1.603          -1.244          -1.894          -4.938            3.404
   26 (vir)            1.701          -1.214          -1.828          -4.862            3.520
   27 (vir)            2.114          -1.248          -1.693          -4.826            3.998
   28 (vir)            3.382          -1.634          -2.890          -6.589            5.448
   29 (vir)            3.490          -1.323          -1.454          -4.590            5.303
   30 (vir)            3.718          -1.644          -2.893          -6.635            5.816
   31 (vir)            3.799          -1.225          -1.410          -4.433            5.597
   32 (vir)            3.961          -1.327          -1.432          -4.557            5.759
   33 (vir)            4.403          -1.942          -3.348          -7.496            6.609
   34 (vir)            4.643          -1.650          -2.193          -5.888            6.688
   35 (vir)            5.625          -1.456          -1.282          -4.532            7.419
   36 (vir)            5.717          -2.324          -3.557          -8.111            7.948
   37 (vir)            6.102          -1.746          -1.774          -5.502            8.084
   38 (vir)            6.220          -1.955          -1.863          -5.790            8.192
   39 (vir)            7.058          -1.916          -2.869          -6.933            9.205
   40 (vir)            7.340          -2.130          -3.445          -7.751            9.517
   41 (vir)            7.408          -2.458          -3.551          -8.084            9.483
   42 (vir)            7.798          -2.324          -3.262          -7.570            9.782
   43 (vir)            7.820          -1.891          -2.952          -7.243           10.220
   44 (vir)            7.908          -1.271          -1.496          -4.499            9.640
   45 (vir)            7.981          -2.615          -3.407          -8.257           10.216
   46 (vir)            8.256          -1.511          -1.726          -5.138           10.158
   47 (vir)            8.869          -1.737          -2.234          -6.008           10.906
   48 (vir)            9.039          -1.799          -2.224          -6.161           11.178
   49 (vir)            9.437          -3.275          -4.131          -9.812           11.843
   50 (vir)            9.803          -1.731          -1.708          -5.436           11.800
   51 (vir)           10.753          -1.778          -2.121          -5.922           12.776
   52 (vir)           11.401          -2.567          -2.512          -7.659           13.980
   53 (vir)           11.600          -3.278          -3.861          -9.426           13.887
   54 (vir)           12.008          -2.853          -2.981          -7.921           14.096
   55 (vir)           12.049          -2.462          -2.491          -7.711           14.807
   56 (vir)           12.633          -1.640          -1.258          -4.928           14.663
   57 (vir)           12.761          -2.867          -3.105          -8.333           15.122
   58 (vir)           13.673          -2.579          -2.253          -7.077           15.918
   59 (vir)           13.880          -3.426          -4.175         -10.145           16.424
   60 (vir)           14.203          -2.683          -2.398          -7.837           16.959
   61 (vir)           14.768          -2.305          -2.167          -7.384           17.681
   62 (vir)           15.482          -2.858          -2.847          -8.146           17.923
   63 (vir)           16.366          -2.632          -2.351          -7.387           18.769
   64 (vir)           17.068          -2.315          -2.420          -7.709           20.042
   65 (vir)           17.383          -3.709          -2.800          -8.813           19.686
   66 (vir)           17.530          -3.231          -2.946          -8.546           19.899
   67 (vir)           18.389          -2.732          -1.938          -7.707           21.426
   68 (vir)           19.120          -3.797          -2.318          -8.609           21.613
   69 (vir)           19.203          -3.259          -2.777          -8.529           21.696
   70 (vir)           19.398          -3.561          -2.105          -8.188           21.920
   71 (vir)           19.504          -3.230          -2.200          -8.458           22.531
   72 (vir)           19.572          -3.689          -2.809          -8.864           21.938
   73 (vir)           20.104          -3.435          -2.514          -8.233           22.388
   74 (vir)           20.228          -3.266          -1.502          -7.248           22.708
   75 (vir)           20.840          -3.988          -2.499          -8.796           23.149
   76 (vir)           20.964          -3.095          -1.563          -6.981           23.287
   77 (vir)           20.978          -3.430          -2.242          -7.902           23.208
   78 (vir)           21.157          -4.627          -1.689          -7.430           22.271
   79 (vir)           21.571          -3.510          -1.943          -7.684           23.801
   80 (vir)           21.665          -3.489          -2.179          -7.814           23.811
   81 (vir)           22.265          -3.299          -1.911          -7.463           24.518
   82 (vir)           22.786          -3.700          -2.244          -8.249           25.091
   83 (vir)           22.995          -3.987          -2.134          -8.129           25.003
   84 (vir)           23.063          -4.440          -3.049          -9.744           25.317
   85 (vir)           23.574          -2.871          -1.147          -6.595           26.150
   86 (vir)           23.642          -3.759          -2.233          -8.118           25.768
   87 (vir)           23.671          -3.762          -2.565          -8.638           25.983
   88 (vir)           24.828          -3.549          -1.237          -6.881           26.923
   89 (vir)           25.130          -3.222          -1.968          -7.301           27.241
   90 (vir)           25.250          -3.489          -1.634          -7.203           27.330
   91 (vir)           25.857          -3.221          -1.545          -7.350           28.441
   92 (vir)           26.284          -3.823          -1.975          -8.070           28.557
   93 (vir)           27.450          -3.634          -2.051          -8.592           30.357
   94 (vir)           27.694          -3.528          -1.763          -8.002           30.405
   95 (vir)           28.016          -3.840          -1.416          -7.290           30.049
   96 (vir)           28.182          -3.132          -1.387          -7.052           30.716
   97 (vir)           28.289          -3.225          -2.056          -7.514           30.522
   98 (vir)           28.714          -2.944          -1.496          -7.466           31.739
   99 (vir)           29.190          -3.107          -1.519          -7.294           31.857
  100 (vir)           30.465          -3.239          -1.116          -6.871           32.981
  101 (vir)           30.739          -3.589          -1.614          -7.700           33.237
  102 (vir)           30.866          -3.690          -1.728          -7.890           33.338
  103 (vir)           31.192          -3.905          -2.134          -8.749           33.902
  104 (vir)           32.250          -3.006          -1.622          -7.922           35.544
  105 (vir)           33.062          -2.380          -1.685          -7.963           36.960
  106 (vir)           33.113          -3.958          -2.020          -8.800           35.935
  107 (vir)           33.893          -2.675          -0.810          -5.966           36.374
  108 (vir)           35.081          -2.547          -1.177          -7.128           38.485
  109 (vir)           35.148          -2.723          -1.351          -7.145           38.220
  110 (vir)           36.058          -2.771          -1.018          -6.650           38.920
  111 (vir)           36.158          -3.348          -1.594          -8.058           39.274
  112 (vir)           36.545          -3.139          -1.660          -7.923           39.669
  113 (vir)           37.453          -3.522          -1.352          -7.582           40.161
  114 (vir)           39.613          -2.432          -1.764          -8.548           43.965
  115 (vir)           39.627          -3.990          -2.206          -9.415           42.845
  116 (vir)           39.674          -2.820          -1.919          -8.865           43.801
  117 (vir)           40.315          -2.985          -2.074          -9.759           45.016
  118 (vir)           41.743          -2.411          -1.580          -7.970           45.723
  119 (vir)           42.105          -3.036          -2.129          -9.589           46.528
  120 (vir)           43.310          -1.638          -1.849          -9.014           48.837
  121 (vir)           43.988          -2.856          -2.679         -10.772           49.226
  122 (vir)           45.000          -3.665          -2.723         -11.096           49.708
  123 (vir)           45.158          -5.340          -2.678         -11.090           48.230
  124 (vir)           45.629          -2.648          -2.233         -10.133           50.882
  125 (vir)           45.899          -5.221          -2.670         -11.116           49.124
  126 (vir)           47.184          -2.740          -2.747         -11.210           52.906
  127 (vir)           47.700          -2.164          -2.870         -11.199           53.865
  128 (vir)           47.874          -3.449          -2.283         -10.856           52.998
  129 (vir)           48.203          -2.273          -2.284         -10.666           54.312
  130 (vir)           48.367          -2.893          -2.701         -10.809           53.582
  131 (vir)           48.571          -1.537          -2.846         -11.256           55.444
  132 (vir)           49.159          -1.281          -2.462         -10.799           56.215
  133 (vir)           50.442          -2.157          -2.453         -11.177           57.008
  134 (vir)           51.018          -1.720          -2.471         -10.748           57.575
  135 (vir)           51.233          -1.248          -1.945         -10.423           58.462
  136 (vir)           51.336          -1.667          -2.757         -11.579           58.491
  137 (vir)           51.644          -1.440          -2.600         -11.014           58.618
  138 (vir)           52.867          -2.717          -2.231         -10.933           58.852
  139 (vir)           53.009          -1.157          -2.180         -10.813           60.484
  140 (vir)           53.097          -1.333          -2.035         -10.446           60.175
  141 (vir)           53.753          -2.039          -2.145         -10.650           60.218
  142 (vir)           54.215          -1.672          -2.427         -11.024           61.139
  143 (vir)           54.530          -1.874          -2.020         -10.700           61.336
  144 (vir)           55.117          -1.883          -2.205         -11.034           62.064
  145 (vir)           55.241          -1.794          -1.796         -10.211           61.862
  146 (vir)           55.318          -1.240          -2.355         -10.813           62.537
  147 (vir)           55.854          -1.933          -1.840         -10.665           62.747
  148 (vir)           56.134          -1.346          -2.358         -11.011           63.441
  149 (vir)           56.452          -1.879          -1.993         -10.767           63.347
  150 (vir)           56.508          -1.480          -1.437          -9.468           63.059
  151 (vir)           56.782          -0.963          -1.925         -10.525           64.419
  152 (vir)           57.433          -1.607          -2.348         -11.386           64.864
  153 (vir)           58.368          -1.061          -1.715         -10.211           65.803
  154 (vir)           58.545          -1.092          -1.276          -9.445           65.622
  155 (vir)           58.712          -1.513          -2.455         -11.428           66.172
  156 (vir)           60.373          -1.227          -2.310         -11.082           67.918
  157 (vir)           60.568          -0.665          -1.278          -9.416           68.041
  158 (vir)           60.670          -0.693          -2.198         -10.843           68.622
  159 (vir)           61.161          -1.795          -2.013         -11.094           68.448
  160 (vir)           61.420          -0.039          -2.546         -11.683           70.518
  161 (vir)           61.622          -0.991          -2.128         -11.016           69.519
  162 (vir)           62.102          -0.567          -1.696         -10.117           69.957
  163 (vir)           63.089          -2.023          -2.018         -11.017           70.065
  164 (vir)           63.817          -1.061          -1.811         -10.671           71.616
  165 (vir)           64.123          -0.759          -2.384         -11.914           72.894
  166 (vir)           64.550          -1.195          -1.995         -10.673           72.032
  167 (vir)           65.281          -0.673          -2.408         -12.092           74.292
  168 (vir)           65.586          -0.893          -2.237         -11.625           74.081
  169 (vir)           65.800          -0.571          -2.001         -10.729           73.956
  170 (vir)           66.132          -0.600          -2.140         -11.053           74.446
  171 (vir)           66.263          -0.632          -1.994         -11.273           74.910
  172 (vir)           66.819          -0.183          -1.211          -9.072           74.497
  173 (vir)           67.038          -0.428          -1.707         -10.247           75.150
  174 (vir)           67.306          -0.734          -1.622         -10.208           75.158
  175 (vir)           68.130          -0.485          -1.163          -9.436           75.918
  176 (vir)           69.044          -0.098          -2.151         -11.159           77.954
  177 (vir)           69.052          -0.407          -1.869         -10.605           77.382
  178 (vir)           69.320          -1.117          -3.241         -13.966           78.928
  179 (vir)           70.128          -0.264          -1.106          -9.287           78.045
  180 (vir)           70.341          -0.985          -1.665         -10.062           77.753
  181 (vir)           70.544          -0.114          -1.789         -10.608           79.249
  182 (vir)           70.727          -1.138          -1.070          -9.339           77.858
  183 (vir)           70.909          -0.935          -1.524         -10.142           78.591
  184 (vir)           70.929          -0.626          -1.894         -10.843           79.252
  185 (vir)           72.451          -0.200          -1.401         -10.009           80.859
  186 (vir)           73.163          -0.345          -2.594         -12.624           82.849
  187 (vir)           73.331          -0.218          -1.557         -10.547           82.102
  188 (vir)           73.337          -0.481          -2.676         -12.748           82.928
  189 (vir)           74.148          -0.125          -1.937         -11.178           83.264
  190 (vir)           74.187          -1.146          -1.843         -10.918           82.116
  191 (vir)           74.494          -0.091          -1.193          -9.860           83.070
  192 (vir)           75.182          -0.178          -1.646         -10.619           83.977
  193 (vir)           75.847          -0.496          -1.806         -10.899           84.444
  194 (vir)           76.056          -0.469          -1.814         -11.233           85.006
  195 (vir)           76.727          -1.118          -1.915         -11.361           85.055
  196 (vir)           76.749          -1.150          -2.085         -11.757           85.272
  197 (vir)           77.313          -0.348          -1.442         -10.449           85.973
  198 (vir)           78.284          -1.289          -1.871         -11.308           86.433
  199 (vir)           78.739          -0.659          -1.883         -10.866           87.063
  200 (vir)           79.014          -0.225          -1.426         -10.755           88.118
  201 (vir)           80.678          -0.440          -1.483         -10.348           89.102
  202 (vir)           81.365          -0.195          -2.464         -12.830           91.537
  203 (vir)           81.997          -0.301          -1.511         -10.554           90.739
  204 (vir)           84.049          -0.353          -2.413         -12.737           94.019
  205 (vir)           84.354          -0.328          -1.439         -10.951           93.538
  206 (vir)           85.663          -0.288          -1.626         -10.706           94.455
  207 (vir)           85.823          -0.173          -1.509         -11.222           95.362
  208 (vir)           85.930          -0.754          -1.724         -11.273           94.725
  209 (vir)           88.054          -0.535          -1.974         -12.277           97.822
  210 (vir)           88.243           0.104          -2.379         -12.867           98.835
  211 (vir)           89.397          -0.074          -2.013         -11.956           99.266
  212 (vir)           89.831           0.052          -1.770         -11.077           99.190
  213 (vir)           90.194           1.373          -2.343         -13.365          102.588
  214 (vir)           90.663          -0.570          -1.907         -11.635           99.821
  215 (vir)           90.913          -0.516          -2.494         -12.743          100.646
  216 (vir)           91.436          -0.213          -3.160         -14.742          102.806
  217 (vir)           91.788          -0.517          -2.672         -13.857          102.456
  218 (vir)           92.830          -0.001          -2.064         -12.717          103.483
  219 (vir)           93.283          -1.772          -2.227         -12.215          101.498
  220 (vir)           95.029          -0.143          -2.093         -12.425          105.218
  221 (vir)           95.424           0.133          -2.450         -13.683          106.789
  222 (vir)           96.102          -0.244          -2.208         -12.447          106.097
  223 (vir)           96.229          -0.338          -2.417         -13.604          107.078
  224 (vir)           96.352           0.066          -1.754         -12.437          107.101
  225 (vir)           98.917           0.066          -2.915         -14.695          110.763
  226 (vir)           99.642          -0.049          -1.592         -11.996          109.997
  227 (vir)          100.940          -0.490          -2.502         -14.265          112.213
  228 (vir)          101.126           0.137          -1.830         -12.459          111.892
  229 (vir)          101.886           0.206          -2.581         -13.836          113.348
  230 (vir)          101.981           0.318          -1.853         -12.629          113.075
  231 (vir)          102.593          -0.272          -2.263         -13.523          113.581
  232 (vir)          104.239          -0.181          -1.588         -11.746          114.216
  233 (vir)          104.646          -0.307          -2.026         -12.829          115.143
  234 (vir)          106.637           0.008          -1.794         -12.519          117.371
  235 (vir)          107.589           0.138          -2.232         -13.375          118.870
  236 (vir)          108.898          -0.093          -2.215         -13.652          120.242
  237 (vir)          109.054          -0.387          -2.293         -13.649          120.024
  238 (vir)          110.763           0.556          -2.270         -13.662          122.710
  239 (vir)          115.359          -0.027          -2.241         -14.155          127.245
  240 (vir)          115.412          -0.089          -1.850         -13.295          126.769
  241 (vir)          117.184           0.081          -2.101         -13.817          128.981
  242 (vir)          117.794          -0.027          -2.101         -13.951          129.617
  243 (vir)          119.398          -0.443          -2.721         -15.376          131.610
  244 (vir)          120.480           0.146          -2.214         -14.398          132.811
  245 (vir)          122.637          -0.045          -1.903         -13.321          134.011
  246 (vir)          127.278           0.147          -2.451         -15.278          140.252
  247 (vir)          127.840          -0.026          -2.672         -15.656          140.799
  248 (vir)          130.260           0.044          -1.831         -14.218          142.690
  249 (vir)          130.864          -0.389          -2.373         -15.080          143.182
  250 (vir)          131.701          -0.388          -1.964         -14.479          143.828
  251 (vir)          132.549           0.297          -2.287         -15.021          145.580
  252 (vir)          132.604           0.237          -2.493         -15.445          145.793
  253 (vir)          132.937          -0.042          -1.849         -14.367          145.413
  254 (vir)          134.869          -0.054          -1.974         -14.531          147.371
  255 (vir)          135.229           0.276          -2.247         -14.980          148.239
  256 (vir)          135.761          -0.012          -1.820         -14.278          148.206
  257 (vir)          136.261           0.096          -2.116         -14.811          149.052
  258 (vir)          137.267           0.144          -1.737         -14.121          149.796
  259 (vir)          137.434           0.082          -2.677         -16.129          150.968
  260 (vir)          139.150           0.319          -1.956         -14.501          152.014
  261 (vir)          140.297          -0.486          -1.775         -14.332          152.368
  262 (vir)          140.709           0.125          -1.992         -14.592          153.434
  263 (vir)          141.494          -0.379          -1.872         -14.440          153.683
  264 (vir)          143.548           1.208          -1.762         -14.272          157.266
  265 (vir)          143.715           0.206          -1.794         -14.209          156.336
  266 (vir)          144.027          -0.338          -1.519         -13.745          155.915
  267 (vir)          144.185           0.089          -2.084         -14.976          157.166
  268 (vir)          146.980           0.151          -1.466         -13.717          159.381
  269 (vir)          147.221           0.241          -1.563         -13.818          159.718
  270 (vir)          148.519           0.067          -1.549         -13.878          160.914
  271 (vir)          148.714          -0.047          -2.409         -15.917          162.175
  272 (vir)          149.221           0.042          -2.179         -15.304          162.388
  273 (vir)          149.232          -0.179          -2.017         -15.042          162.079
  274 (vir)          151.116          -0.089          -1.861         -14.624          163.790
  275 (vir)          151.319          -0.333          -1.720         -14.514          163.781
  276 (vir)          152.375          -0.891          -1.715         -14.359          164.128
  277 (vir)          152.519          -0.116          -2.086         -15.144          165.461
  278 (vir)          153.581          -0.263          -1.868         -15.031          166.481
  279 (vir)          154.152           0.024          -1.805         -14.695          167.067
  280 (vir)          154.504           0.181          -1.542         -13.865          167.009
  281 (vir)          156.534           0.053          -1.683         -14.382          169.286
  282 (vir)          156.589          -0.444          -1.777         -14.796          169.163
  283 (vir)          157.205          -0.086          -1.764         -14.745          170.100
  284 (vir)          157.368           0.234          -1.483         -13.815          169.934
  285 (vir)          157.600           0.152          -1.309         -13.055          169.498
  286 (vir)          158.403          -0.045          -2.173         -15.548          171.733
  287 (vir)          159.061           0.153          -1.354         -13.372          171.233
  288 (vir)          159.074          -0.165          -1.535         -13.994          171.368
  289 (vir)          159.396           0.058          -1.826         -14.875          172.503
  290 (vir)          159.934          -0.250          -2.026         -14.944          172.602
  291 (vir)          160.975           0.087          -1.622         -14.582          174.022
  292 (vir)          161.124          -0.238          -1.459         -13.899          173.325
  293 (vir)          161.309           0.396          -1.202         -13.017          173.520
  294 (vir)          161.464           0.020          -1.862         -14.734          174.356
  295 (vir)          161.530           0.416          -1.050         -12.353          173.249
  296 (vir)          162.659          -0.017          -1.865         -15.262          176.038
  297 (vir)          163.098           0.283          -1.470         -13.871          175.782
  298 (vir)          163.689          -0.178          -1.742         -14.761          176.530
  299 (vir)          164.209           0.070          -1.652         -14.206          176.832
  300 (vir)          164.301           0.204          -1.315         -13.466          176.657
  301 (vir)          164.827          -0.020          -1.428         -13.836          177.215
  302 (vir)          165.049           0.233          -1.314         -13.453          177.421
  303 (vir)          165.970           0.240          -1.605         -14.470          179.075
  304 (vir)          166.080           0.044          -1.382         -13.791          178.533
  305 (vir)          166.210          -0.031          -1.587         -14.603          179.196
  306 (vir)          166.467           0.073          -1.768         -14.657          179.430
  307 (vir)          167.268           0.092          -1.724         -14.793          180.429
  308 (vir)          167.480          -0.081          -1.413         -13.910          179.896
  309 (vir)          168.752           0.106          -1.629         -14.461          181.690
  310 (vir)          169.611           0.013          -1.807         -14.601          182.419
  311 (vir)          170.078           0.335          -1.604         -14.562          183.371
  312 (vir)          170.560           0.199          -1.613         -14.332          183.478
  313 (vir)          170.739           0.147          -1.548         -14.463          183.801
  314 (vir)          171.260           0.123          -1.663         -14.640          184.360
  315 (vir)          171.530           0.138          -1.402         -13.938          184.204
  316 (vir)          172.003          -0.137          -1.463         -14.148          184.551
  317 (vir)          172.967          -0.198          -1.615         -14.718          185.872
  318 (vir)          173.366           0.201          -1.642         -14.902          186.827
  319 (vir)          173.499           0.189          -1.510         -13.902          186.081
  320 (vir)          173.961          -0.109          -1.627         -14.891          187.116
  321 (vir)          174.933          -0.266          -1.641         -14.874          187.900
  322 (vir)          175.574          -0.087          -1.584         -14.393          188.296
  323 (vir)          175.816           0.175          -1.571         -14.292          188.712
  324 (vir)          176.720           0.094          -2.035         -15.713          190.492
  325 (vir)          176.923          -0.057          -1.675         -15.114          190.305
  326 (vir)          177.348           0.193          -1.668         -14.707          190.581
  327 (vir)          177.977           0.229          -1.638         -15.017          191.585
  328 (vir)          178.777          -0.183          -1.973         -15.129          191.749
  329 (vir)          179.063           0.145          -1.582         -14.603          192.229
  330 (vir)          179.361          -0.238          -1.638         -15.001          192.485
  331 (vir)          180.731          -0.041          -1.816         -15.691          194.565
  332 (vir)          181.428          -0.218          -1.726         -15.367          194.851
  333 (vir)          181.463          -0.073          -2.520         -16.535          195.404
  334 (vir)          181.797           0.034          -1.410         -14.326          194.746
  335 (vir)          183.097           0.180          -1.513         -14.882          196.647
  336 (vir)          183.694           0.020          -1.588         -14.593          196.719
  337 (vir)          183.766           0.083          -1.746         -15.331          197.433
  338 (vir)          185.845          -0.099          -1.488         -14.703          198.961
  339 (vir)          186.277          -0.058          -2.322         -16.223          200.120
  340 (vir)          187.416           0.009          -1.882         -15.036          200.580
  341 (vir)          187.942          -0.051          -1.667         -15.513          201.737
  342 (vir)          187.971          -0.136          -1.951         -15.823          201.707
  343 (vir)          188.776           0.061          -1.511         -15.081          202.407
  344 (vir)          189.042           0.035          -1.758         -15.354          202.673
  345 (vir)          189.929          -0.052          -1.627         -15.355          203.606
  346 (vir)          191.240          -0.097          -2.144         -16.073          205.073
  347 (vir)          192.224          -0.296          -3.115         -17.378          206.191
  348 (vir)          192.279          -0.005          -1.980         -15.929          206.223
  349 (vir)          193.971          -0.109          -2.703         -16.695          207.853
  350 (vir)          194.020           0.077          -2.000         -15.729          207.826
  351 (vir)          194.861           0.504          -1.118         -13.657          207.904
  352 (vir)          195.930          -0.355          -3.247         -17.548          209.877
  353 (vir)          197.610          -0.303          -3.672         -18.307          211.943
  354 (vir)          199.584           0.264          -2.226         -15.678          213.299
  355 (vir)          200.595           0.306          -1.126         -13.813          213.587
  356 (vir)          200.807           0.329          -1.349         -14.112          213.898
  357 (vir)          201.301          -0.002          -1.847         -15.354          214.805
  358 (vir)          201.351           0.259          -1.276         -14.277          214.612
  359 (vir)          201.554           0.183          -1.507         -14.527          214.756
  360 (vir)          203.755           0.161          -1.688         -15.163          217.391
  361 (vir)          204.027           0.172          -1.357         -14.030          216.872
  362 (vir)          204.586           0.602          -0.991         -13.219          217.416
  363 (vir)          205.111           0.429          -1.143         -13.832          218.230
  364 (vir)          205.466           0.281          -1.500         -14.567          218.815
  365 (vir)          205.853           0.321          -1.404         -14.813          219.582
  366 (vir)          206.229           0.403          -0.943         -13.027          218.716
  367 (vir)          206.849           0.131          -0.887         -12.824          218.916
  368 (vir)          207.175           0.295          -1.096         -13.591          219.964
  369 (vir)          207.368           0.307          -1.299         -13.825          220.201
  370 (vir)          208.415           0.174          -1.554         -14.411          221.446
  371 (vir)          208.594           0.174          -1.437         -14.227          221.557
  372 (vir)          210.022           0.274          -1.059         -13.611          222.848
  373 (vir)          210.544           0.003          -1.836         -15.639          224.350
  374 (vir)          210.730           0.229          -1.105         -13.634          223.488
  375 (vir)          211.456           0.300          -0.964         -13.261          224.053
  376 (vir)          212.622           0.252          -1.466         -14.467          225.875
  377 (vir)          213.780           0.212          -1.911         -15.409          227.491
  378 (vir)          214.666           0.297          -1.154         -14.058          227.867
  379 (vir)          215.202           0.089          -1.437         -14.669          228.522
  380 (vir)          215.398           0.221          -1.292         -14.097          228.425
  381 (vir)          216.220           0.552          -0.932         -13.306          229.146
  382 (vir)          216.321           0.403          -1.531         -14.331          229.524
  383 (vir)          217.466           0.499          -1.517         -15.583          232.031
  384 (vir)          217.587           0.073          -1.525         -15.019          231.153
  385 (vir)          218.588           0.464          -1.329         -13.880          231.603
  386 (vir)          219.662           0.433          -0.860         -12.961          232.196
  387 (vir)          219.752           0.429          -0.987         -13.184          232.377
  388 (vir)          220.334          -0.977          -1.747         -15.194          232.804
  389 (vir)          220.361           0.560          -0.892         -13.325          233.354
  390 (vir)          221.130           0.147          -1.616         -14.590          234.252
  391 (vir)          221.443           0.538          -0.920         -13.508          234.570
  392 (vir)          221.973           0.440          -1.820         -15.316          235.908
  393 (vir)          223.299          -0.078          -1.807         -14.822          236.236
  394 (vir)          223.354           0.115          -1.477         -14.550          236.542
  395 (vir)          223.589           0.243          -1.088         -14.195          236.939
  396 (vir)          224.464           0.539          -1.131         -13.916          237.788
  397 (vir)          224.857           1.112          -0.905         -13.348          238.412
  398 (vir)          225.417          -1.081          -1.827         -15.489          237.998
  399 (vir)          227.519           0.267          -1.364         -14.618          241.040
  400 (vir)          227.815           0.432          -1.064         -13.990          241.174
  401 (vir)          228.420           0.555          -1.283         -15.073          242.765
  402 (vir)          228.781           0.280          -1.387         -14.351          242.025
  403 (vir)          229.466           0.685          -1.341         -14.369          243.180
  404 (vir)          229.473           0.737          -1.910         -15.612          243.913
  405 (vir)          230.941           0.176          -1.330         -14.828          244.614
  406 (vir)          231.240           0.242          -1.749         -16.213          245.946
  407 (vir)          231.909          -0.122          -0.906         -13.402          244.283
  408 (vir)          232.962           0.176          -1.458         -14.989          246.669
  409 (vir)          233.381           0.415          -1.428         -15.597          247.966
  410 (vir)          233.907           0.167          -1.335         -14.881          247.620
  411 (vir)          234.087           0.016          -1.550         -16.065          248.618
  412 (vir)          235.665           0.195          -1.977         -16.379          250.261
  413 (vir)          236.636           0.952          -0.920         -13.432          250.100
  414 (vir)          236.794           0.165          -1.900         -15.558          250.616
  415 (vir)          240.049           0.477          -1.068         -14.449          253.907
  416 (vir)          241.388           0.433          -1.112         -14.166          254.875
  417 (vir)          241.666           0.613          -1.026         -14.196          255.449
  418 (vir)          243.022           0.288          -1.173         -14.285          256.423
  419 (vir)          243.741           0.207          -0.953         -13.956          256.951
  420 (vir)          244.314          -0.127          -1.289         -14.654          257.553
  421 (vir)          244.367           0.901          -0.958         -13.922          258.232
  422 (vir)          247.445           0.379          -1.128         -14.555          261.251
  423 (vir)          248.684           0.144          -1.417         -15.463          262.875
  424 (vir)          252.540           0.708          -3.712         -20.130          269.667
  425 (vir)          253.581          -0.040          -3.141         -19.223          269.622
  426 (vir)          255.350           0.197          -2.164         -17.151          270.534
  427 (vir)          257.355           0.301          -1.802         -16.873          272.726
  428 (vir)          258.194           0.401          -1.596         -16.168          273.167
  429 (vir)          259.642           0.454          -1.528         -16.085          274.653
  430 (vir)          261.179           0.365          -1.946         -17.231          276.830
  431 (vir)          261.276           0.246          -1.048         -14.791          275.264
  432 (vir)          261.999           0.099          -2.583         -18.335          277.851
  433 (vir)          262.597           0.340          -1.043         -14.809          276.704
  434 (vir)          264.199          -0.063          -1.739         -16.582          278.979
  435 (vir)          266.493           0.535          -1.416         -15.751          281.364
  436 (vir)          270.008           0.318          -1.014         -14.844          284.157
  437 (vir)          270.102           0.491          -1.086         -14.779          284.287
  438 (vir)          270.609           0.393          -1.013         -14.814          284.803
  439 (vir)          272.086           0.668          -1.373         -15.991          287.373
  440 (vir)          272.455          -0.073          -1.446         -16.211          287.146
  441 (vir)          276.619           0.286          -1.221         -15.370          291.054
  442 (vir)          278.251           0.445          -1.002         -14.877          292.571
  443 (vir)          280.706          -0.189          -1.735         -16.850          295.631
  444 (vir)          284.136           0.299          -1.107         -15.322          298.649
  445 (vir)          285.163           0.016          -2.921         -19.246          301.503
  446 (vir)          286.212           0.739          -3.666         -20.409          303.693
  447 (vir)          291.755           0.228          -1.607         -16.659          307.035
  448 (vir)          293.564           0.121          -3.090         -19.675          310.270
  449 (vir)          309.964           0.621          -1.259         -16.048          325.373
  450 (vir)          323.159           0.444          -1.387         -16.285          338.502
  451 (vir)          334.846          -0.485          -2.228         -18.183          350.316
  452 (vir)          340.459           0.375          -2.266         -18.403          356.970
  453 (vir)          348.525           0.127          -2.345         -18.643          364.951
  454 (vir)          353.740          -0.185          -2.321         -18.662          369.896
  455 (vir)          357.511           0.226          -2.612         -19.125          374.250
  456 (vir)          761.852          -0.695         -12.911         -46.152          794.398
  457 (vir)          771.748          -0.978         -12.771         -46.046          804.045
  458 (vir)          783.538          -0.867         -12.553         -45.773          815.890
  459 (vir)          786.816          -1.243         -12.524         -45.745          818.795
  460 (vir)          787.473          -2.107         -12.522         -45.780          818.624
  461 (vir)         3992.820          -1.855         -14.766         -94.554         4070.753
  462 (vir)         4002.060          -1.849         -14.726         -94.519         4080.004
  463 (vir)         4014.767          -1.847         -14.664         -94.453         4092.709
  464 (vir)         4017.898          -1.842         -14.660         -94.459         4095.855
  465 (vir)         4018.513          -1.844         -14.656         -94.452         4096.465
