 
  kpoint:     0.0000    0.0000    0.0000
 
    n          ϵ_nk^DFT (eV)     Σ^c_nk (eV)     Σ^x_nk (eV)     v_n^xc (eV)   ϵ_nk^G0W0 (eV)
 
    1 (occ)         -510.156          -2.514        -132.567         -83.736         -561.501
    2 (occ)         -270.069           8.823         -96.850         -61.529         -296.567
    3 (occ)         -268.674           7.213         -96.873         -61.544         -296.790
    4 (occ)          -25.326           7.634         -32.721         -21.126          -29.287
    5 (occ)          -18.533           4.933         -25.543         -16.725          -22.418
    6 (occ)          -14.903           3.372         -24.069         -16.478          -19.122
    7 (occ)          -12.630           2.050         -23.317         -17.072          -16.825
    8 (occ)          -11.432           1.880         -20.659         -14.618          -15.594
    9 (occ)           -9.759           1.585         -21.871         -16.290          -13.755
   10 (occ)           -9.267           0.998         -20.798         -15.789          -13.277
   11 (occ)           -8.795           1.135         -20.256         -14.962          -12.954
   12 (occ)           -7.908           1.477         -22.965         -17.504          -11.891
   13 (occ)           -6.124           2.117         -24.676         -18.537          -10.145
   14 (vir)           -0.164          -1.183          -2.547          -5.955            2.062
   15 (vir)            0.614          -1.091          -2.311          -5.493            2.707
   16 (vir)            1.336          -1.014          -1.933          -4.961            3.349
   17 (vir)            1.475          -1.065          -1.830          -4.973            3.553
   18 (vir)            1.910          -1.064          -1.796          -4.975            4.025
   19 (vir)            2.550          -1.047          -2.025          -5.178            4.656
   20 (vir)            2.775          -1.623          -3.638          -7.721            5.235
   21 (vir)            3.138          -1.158          -2.021          -5.399            5.357
   22 (vir)            3.667          -1.296          -2.440          -5.943            5.875
   23 (vir)            3.683          -0.940          -1.391          -4.422            5.774
   24 (vir)            4.547          -1.128          -1.963          -5.324            6.780
   25 (vir)            5.193          -1.227          -2.182          -5.666            7.450
   26 (vir)            6.064          -2.304          -4.072          -9.112            8.800
   27 (vir)            6.829          -2.144          -3.896          -8.740            9.528
   28 (vir)            7.488          -1.747          -2.910          -7.054            9.885
   29 (vir)            7.860          -1.879          -3.112          -7.552           10.421
   30 (vir)            8.039          -2.647          -4.700          -9.977           10.670
   31 (vir)            8.228          -1.934          -2.776          -7.341           10.859
   32 (vir)            8.337          -2.196          -3.423          -8.184           10.902
   33 (vir)            8.562          -1.744          -2.738          -6.786           10.866
   34 (vir)            8.800          -2.202          -3.451          -8.234           11.381
   35 (vir)            9.495          -1.998          -3.367          -8.086           12.217
   36 (vir)           10.458          -1.746          -1.952          -6.224           12.984
   37 (vir)           10.965          -2.390          -2.213          -6.768           13.131
   38 (vir)           11.617          -2.439          -1.969          -6.577           13.785
   39 (vir)           11.675          -1.807          -2.040          -6.621           14.449
   40 (vir)           14.126          -2.193          -1.987          -6.746           16.693
   41 (vir)           14.439          -2.412          -2.159          -7.354           17.222
   42 (vir)           15.187          -2.634          -2.638          -7.917           17.833
   43 (vir)           15.292          -2.465          -2.187          -7.317           17.957
   44 (vir)           15.578          -2.647          -2.682          -7.986           18.236
   45 (vir)           16.985          -2.618          -2.188          -7.389           19.568
   46 (vir)           17.427          -2.599          -1.634          -6.642           19.836
   47 (vir)           17.539          -3.079          -2.873          -8.618           20.205
   48 (vir)           18.505          -2.575          -1.580          -6.878           21.228
   49 (vir)           19.041          -3.275          -2.435          -8.313           21.643
   50 (vir)           19.803          -3.026          -1.643          -7.024           22.158
   51 (vir)           20.460          -3.736          -2.492          -8.905           23.137
   52 (vir)           20.823          -2.122          -1.375          -6.628           23.955
   53 (vir)           21.223          -2.240          -2.010          -7.447           24.419
   54 (vir)           21.343          -2.787          -1.719          -7.166           24.003
   55 (vir)           21.884          -3.235          -1.973          -7.421           24.097
   56 (vir)           23.022          -3.059          -2.174          -7.792           25.581
   57 (vir)           23.039          -3.156          -1.938          -7.689           25.635
   58 (vir)           23.790          -3.295          -2.627          -8.723           26.592
   59 (vir)           24.060          -2.574          -1.884          -7.318           26.920
   60 (vir)           24.192          -2.834          -1.911          -7.707           27.154
   61 (vir)           25.037          -3.060          -1.539          -6.894           27.331
   62 (vir)           25.509          -2.576          -1.765          -7.298           28.466
   63 (vir)           25.601          -2.891          -1.963          -7.902           28.650
   64 (vir)           27.043          -2.226          -1.010          -6.241           30.048
   65 (vir)           27.103          -3.241          -3.123         -10.106           30.845
   66 (vir)           27.206          -1.759          -0.831          -5.886           30.502
   67 (vir)           28.355          -3.328          -2.255          -8.294           31.066
   68 (vir)           28.646          -2.419          -1.452          -6.917           31.691
   69 (vir)           29.426          -2.659          -1.399          -6.795           32.162
   70 (vir)           31.661          -3.177          -1.874          -8.089           34.699
   71 (vir)           31.776          -1.901          -1.498          -7.415           35.792
   72 (vir)           33.573          -3.411          -2.292          -8.727           36.597
   73 (vir)           34.124          -0.739          -1.512          -7.533           39.407
   74 (vir)           34.547          -2.736          -1.606          -7.440           37.645
   75 (vir)           35.276          -3.109          -1.316          -7.311           38.162
   76 (vir)           35.321          -1.877          -2.921          -9.860           40.383
   77 (vir)           35.938          -2.056          -3.067         -10.325           41.140
   78 (vir)           36.434          -4.068          -2.171          -8.894           39.090
   79 (vir)           37.488          -5.321          -1.795          -8.263           38.635
   80 (vir)           37.899          -2.475          -1.765          -8.248           41.908
   81 (vir)           38.075          -4.494          -2.669          -9.792           40.704
   82 (vir)           38.723          -3.503          -2.281          -9.574           42.513
   83 (vir)           39.441          -4.731          -2.317          -9.307           41.700
   84 (vir)           45.324          -3.237          -2.952         -11.510           50.645
   85 (vir)           45.943          -1.587          -2.393         -10.415           52.377
   86 (vir)           46.119          -3.107          -3.019         -11.636           51.628
   87 (vir)           47.526          -3.140          -2.293         -10.607           52.700
   88 (vir)           47.674          -2.427          -2.429         -10.849           53.666
   89 (vir)           48.313          -2.018          -2.788         -10.939           54.446
   90 (vir)           48.376          -1.128          -2.947         -11.542           55.844
   91 (vir)           49.992          -2.372          -2.050         -10.102           55.672
   92 (vir)           50.082          -0.219          -2.761         -11.395           58.496
   93 (vir)           50.586          -3.821          -2.595         -11.287           55.456
   94 (vir)           52.121          -0.533          -2.431         -10.785           59.942
   95 (vir)           52.425          -2.965          -2.332         -10.964           58.092
   96 (vir)           52.485         -12.010          -2.090         -10.354           48.739
   97 (vir)           52.777          -2.072          -2.314         -10.812           59.204
   98 (vir)           53.809          -2.479          -2.666         -11.839           60.503
   99 (vir)           54.122          -5.182          -2.280         -10.874           57.535
  100 (vir)           54.504          -2.819          -2.583         -11.593           60.695
  101 (vir)           55.440          -3.849          -2.347         -11.071           60.315
  102 (vir)           55.517          -2.337          -1.486          -9.556           61.249
  103 (vir)           56.015          -2.447          -1.682          -9.768           61.654
  104 (vir)           56.196          -3.291          -2.155         -10.908           61.658
  105 (vir)           56.821          -7.446          -2.227         -10.679           57.827
  106 (vir)           57.258          -5.641          -1.818         -10.103           59.903
  107 (vir)           57.594          -2.637          -1.503          -9.646           63.101
  108 (vir)           58.898          -5.252          -2.204         -10.644           62.087
  109 (vir)           58.956          -4.102          -1.101          -8.902           62.655
  110 (vir)           60.680          -2.881          -1.245          -9.214           65.768
  111 (vir)           60.689          -3.131          -2.233         -11.023           66.349
  112 (vir)           61.158          -4.992          -2.065         -10.798           64.898
  113 (vir)           62.720          -5.227          -1.998         -10.732           66.228
  114 (vir)           63.056          -2.031          -1.923         -10.749           69.852
  115 (vir)           64.096           2.779          -2.041         -10.822           75.655
  116 (vir)           64.678          -4.527          -1.450          -9.860           68.561
  117 (vir)           65.801           2.207          -2.110         -10.844           76.742
  118 (vir)           66.691          -4.581          -1.390          -9.580           70.301
  119 (vir)           67.965          -2.567          -1.276          -9.401           73.524
  120 (vir)           68.535           2.156          -1.458          -9.628           78.861
  121 (vir)           68.614          -1.734          -1.206          -9.197           74.871
  122 (vir)           68.771           3.160          -1.643          -9.927           80.215
  123 (vir)           70.123          -2.423          -1.428          -9.711           75.983
  124 (vir)           70.570          -0.302          -1.400          -9.709           78.578
  125 (vir)           71.529          -4.236          -1.978         -10.812           76.127
  126 (vir)           72.436          -5.235          -1.395          -9.887           75.693
  127 (vir)           72.883           0.675          -1.518         -10.081           82.121
  128 (vir)           73.336          -4.227          -1.369          -9.810           77.551
  129 (vir)           73.408           2.925          -1.435          -9.937           84.835
  130 (vir)           74.634          -4.493          -1.588         -10.375           78.929
  131 (vir)           74.796          -3.748          -1.675         -10.358           79.731
  132 (vir)           75.609          -4.673          -1.003          -9.207           79.140
  133 (vir)           75.867          -4.576          -2.777         -13.202           81.715
  134 (vir)           77.137          -5.399          -1.037          -9.232           79.933
  135 (vir)           77.694           4.065          -1.696         -10.649           90.711
  136 (vir)           77.790          -3.734          -1.289          -9.880           82.647
  137 (vir)           78.242          -2.178          -1.807         -10.904           85.161
  138 (vir)           78.742         -13.681          -1.724         -10.711           74.048
  139 (vir)           80.083          -2.534          -1.306         -10.099           86.342
  140 (vir)           80.232          -2.436          -1.751         -11.100           87.143
  141 (vir)           80.996           2.711          -2.075         -10.975           92.606
  142 (vir)           83.606          -7.290          -2.283         -11.976           86.009
  143 (vir)           83.904          -0.736          -1.173          -9.694           91.688
  144 (vir)           84.151          -9.638          -1.467         -10.343           83.389
  145 (vir)           85.904          -0.226          -1.575         -10.880           94.984
  146 (vir)           86.518           3.016          -2.179         -12.159           99.514
  147 (vir)           87.491          -5.463          -1.892         -11.444           91.580
  148 (vir)           87.808          -2.260          -1.638         -11.026           94.935
  149 (vir)           88.325          -5.001          -2.830         -13.426           93.920
  150 (vir)           89.760           4.911          -2.336         -12.448          104.783
  151 (vir)           90.324           3.929          -2.175         -12.243          104.321
  152 (vir)           91.669           0.109          -2.570         -13.129          102.336
  153 (vir)           95.260           4.423          -2.143         -11.850          109.390
  154 (vir)           96.159           4.564          -2.041         -12.121          110.803
  155 (vir)           96.838          -1.908          -2.443         -13.281          105.768
  156 (vir)           97.615          -7.724          -2.691         -13.507          100.707
  157 (vir)           97.983          -4.156          -2.524         -13.610          104.913
  158 (vir)           98.289          -1.812          -2.198         -12.902          107.181
  159 (vir)           99.717          -4.040          -1.811         -12.252          106.119
  160 (vir)          102.071           5.557          -2.599         -13.823          118.852
  161 (vir)          103.050          -3.734          -1.520         -11.489          109.286
  162 (vir)          103.565          -6.778          -1.627         -11.788          106.948
  163 (vir)          104.095          -2.722          -3.474         -15.567          113.466
  164 (vir)          104.654         -11.762          -1.886         -12.442          103.448
  165 (vir)          106.006          -0.413          -2.821         -14.551          117.324
  166 (vir)          107.183          -1.024          -3.291         -15.088          117.956
  167 (vir)          107.545           6.515          -2.693         -14.409          125.776
  168 (vir)          109.651         -10.141          -2.147         -13.883          111.247
  169 (vir)          111.698          -9.324          -3.478         -15.759          114.655
  170 (vir)          112.359          -5.241          -1.975         -12.890          118.033
  171 (vir)          113.896           8.183          -3.228         -15.505          134.355
  172 (vir)          114.243          -3.187          -2.137         -13.679          122.599
  173 (vir)          114.512           4.359          -2.102         -13.467          130.236
  174 (vir)          118.400           4.380          -3.277         -15.855          135.358
  175 (vir)          118.567          -3.649          -2.875         -14.925          126.968
  176 (vir)          120.465          -6.138          -3.022         -15.622          126.928
  177 (vir)          120.975           7.907          -3.172         -16.027          141.737
  178 (vir)          124.991          -3.360          -3.538         -16.855          134.948
  179 (vir)          126.107           2.668          -3.232         -16.313          141.855
  180 (vir)          136.210           4.778          -3.121         -16.075          153.942
  181 (vir)          138.138          -1.213          -5.357         -20.464          152.031
  182 (vir)          139.273           4.372          -2.132         -14.790          156.303
  183 (vir)          140.330          -0.275          -2.134         -15.174          153.095
  184 (vir)          140.863           5.329          -3.508         -17.713          160.397
  185 (vir)          141.151          -0.779          -2.455         -15.534          153.451
  186 (vir)          143.384          -0.799          -1.877         -14.442          155.150
  187 (vir)          145.121           0.452          -3.078         -17.090          159.586
  188 (vir)          145.733           0.312          -1.628         -13.890          158.307
  189 (vir)          146.404           1.729          -2.963         -16.677          161.847
  190 (vir)          149.649           0.895          -1.575         -13.796          162.764
  191 (vir)          149.813           0.850          -1.557         -13.833          162.938
  192 (vir)          151.234           1.261          -2.164         -15.638          165.968
  193 (vir)          151.588           1.237          -1.563         -13.716          164.978
  194 (vir)          154.339           1.985          -1.337         -12.980          167.968
  195 (vir)          154.478           2.252          -1.649         -14.128          169.209
  196 (vir)          155.372           0.109          -1.449         -13.213          167.245
  197 (vir)          156.681           1.289          -1.398         -13.632          170.205
  198 (vir)          156.724           1.515          -1.210         -12.842          169.870
  199 (vir)          157.969           1.149          -1.435         -13.667          171.349
  200 (vir)          158.298           1.106          -1.618         -13.989          171.775
  201 (vir)          158.322           1.668          -1.302         -13.119          171.806
  202 (vir)          158.596           1.634          -1.270         -12.931          171.892
  203 (vir)          160.072           0.982          -1.665         -14.270          173.658
  204 (vir)          160.824          -4.775          -1.875         -14.882          169.057
  205 (vir)          161.461           1.842          -1.191         -12.977          175.090
  206 (vir)          162.593           1.837          -1.083         -12.557          175.905
  207 (vir)          163.439           1.665          -1.481         -13.625          177.248
  208 (vir)          164.781           1.402          -1.761         -14.417          178.839
  209 (vir)          165.920           1.747          -1.481         -13.831          180.017
  210 (vir)          166.101          -2.464          -1.602         -14.265          176.300
  211 (vir)          167.244           2.042          -1.457         -13.905          181.733
  212 (vir)          168.479           1.702          -1.193         -13.028          182.017
  213 (vir)          168.615           0.652          -1.169         -12.831          180.930
  214 (vir)          168.718           1.713          -1.426         -13.752          182.756
  215 (vir)          169.666           1.797          -1.511         -14.024          183.977
  216 (vir)          170.059           2.012          -1.443         -13.684          184.312
  217 (vir)          170.180          -4.651          -1.524         -13.928          177.933
  218 (vir)          171.234           1.692          -1.514         -13.506          184.918
  219 (vir)          171.293           1.961          -1.563         -14.286          185.978
  220 (vir)          173.782           1.410          -1.369         -13.537          187.359
  221 (vir)          174.200           0.007          -1.826         -14.980          187.362
  222 (vir)          174.917           2.034          -1.537         -14.244          189.659
  223 (vir)          177.549           1.748          -1.670         -14.770          192.396
  224 (vir)          177.718           1.688          -1.678         -14.700          192.428
  225 (vir)          178.819           1.714          -1.591         -14.706          193.648
  226 (vir)          179.306           1.278          -1.611         -14.802          193.774
  227 (vir)          179.771           1.745          -1.525         -14.262          194.253
  228 (vir)          181.288           1.645          -1.477         -14.528          195.985
  229 (vir)          181.503           1.301          -1.748         -15.330          196.386
  230 (vir)          184.129           0.104          -1.934         -15.164          197.464
  231 (vir)          184.131           1.575          -1.364         -14.014          198.356
  232 (vir)          185.175           1.464          -1.766         -14.741          199.614
  233 (vir)          185.625           0.964          -1.508         -14.352          199.433
  234 (vir)          186.181           1.357          -2.335         -16.102          201.305
  235 (vir)          188.446           2.526          -2.566         -16.223          204.629
  236 (vir)          189.230           1.524          -2.123         -15.484          204.115
  237 (vir)          189.487           1.348          -1.043         -13.125          202.916
  238 (vir)          191.878           2.357          -1.656         -14.871          207.450
  239 (vir)          193.403           2.265          -2.229         -15.621          209.060
  240 (vir)          194.462           2.141          -1.352         -14.005          209.256
  241 (vir)          195.655           2.065          -1.619         -14.224          210.325
  242 (vir)          196.288           1.911          -1.110         -13.537          210.625
  243 (vir)          196.737           1.712          -1.452         -14.177          211.174
  244 (vir)          197.348           3.382          -1.511         -14.087          213.306
  245 (vir)          198.074           1.983          -0.990         -13.060          212.127
  246 (vir)          198.403           1.884          -2.082         -15.519          213.723
  247 (vir)          199.970           2.154          -1.602         -14.291          214.813
  248 (vir)          200.406           2.091          -1.215         -13.985          215.267
  249 (vir)          201.160           1.932          -1.135         -13.310          215.267
  250 (vir)          201.575           2.841          -1.719         -14.757          217.453
  251 (vir)          202.865           1.623          -1.187         -13.814          217.116
  252 (vir)          203.567           1.896          -0.946         -12.928          217.445
  253 (vir)          204.674           2.062          -1.426         -14.353          219.663
  254 (vir)          205.308           2.187          -1.262         -13.603          219.836
  255 (vir)          206.224           2.403          -0.894         -12.700          220.434
  256 (vir)          207.119           1.789          -1.018         -13.173          221.063
  257 (vir)          207.635           1.942          -0.970         -12.980          221.587
  258 (vir)          207.931          -0.171          -1.461         -14.363          220.662
  259 (vir)          208.475           2.036          -1.481         -14.184          223.214
  260 (vir)          209.050           2.121          -0.950         -12.870          223.092
  261 (vir)          210.685           1.688          -1.220         -13.842          224.996
  262 (vir)          210.782           2.652          -1.107         -13.581          225.909
  263 (vir)          211.760           1.591          -1.398         -13.972          225.925
  264 (vir)          211.995           2.141          -1.049         -13.528          226.615
  265 (vir)          213.097           2.156          -1.048         -13.253          227.458
  266 (vir)          214.643           1.249          -1.272         -13.564          228.183
  267 (vir)          215.256           1.980          -0.907         -13.168          229.497
  268 (vir)          217.001           2.168          -1.624         -14.579          232.124
  269 (vir)          218.349           2.098          -1.955         -15.293          233.785
  270 (vir)          218.637           1.290          -1.591         -15.023          233.358
  271 (vir)          219.718           2.427          -0.836         -12.694          234.002
  272 (vir)          221.934           3.256          -1.358         -14.378          238.210
  273 (vir)          223.351           2.148          -1.502         -15.213          239.211
  274 (vir)          223.480           1.228          -1.595         -15.068          238.182
  275 (vir)          223.672           1.867          -1.576         -15.275          239.237
  276 (vir)          224.925           2.331          -1.066         -13.752          239.942
  277 (vir)          225.548           3.540          -1.903         -15.167          242.353
  278 (vir)          225.852           1.988          -1.372         -14.786          241.254
  279 (vir)          226.553           1.777          -0.989         -13.703          241.044
  280 (vir)          226.588           2.121          -1.855         -15.583          242.438
  281 (vir)          227.002           1.903          -1.736         -15.321          242.490
  282 (vir)          227.881           1.639          -0.955         -13.506          242.070
  283 (vir)          228.342           2.241          -1.378         -14.418          243.624
  284 (vir)          230.060           1.754          -1.221         -14.667          245.260
  285 (vir)          230.539           1.275          -1.563         -15.079          245.331
  286 (vir)          231.237           1.811          -1.361         -14.657          246.344
  287 (vir)          231.385           2.661          -1.461         -14.980          247.565
  288 (vir)          232.423           1.548          -1.143         -14.442          247.270
  289 (vir)          233.236           3.534          -1.188         -13.982          249.564
  290 (vir)          234.894           2.570          -1.584         -14.910          250.790
  291 (vir)          235.370           2.443          -1.332         -14.662          251.142
  292 (vir)          237.302         -12.763          -0.968         -13.587          237.158
  293 (vir)          238.798           2.523          -1.238         -14.547          254.630
  294 (vir)          238.929           2.432          -1.254         -14.792          254.898
  295 (vir)          241.574           2.703          -1.377         -14.818          257.717
  296 (vir)          242.186           1.736          -1.279         -14.788          257.432
  297 (vir)          242.608           2.443          -1.024         -14.053          258.080
  298 (vir)          243.484           2.084          -1.136         -14.190          258.622
  299 (vir)          245.708           3.164          -1.119         -14.217          261.968
  300 (vir)          246.309           2.988          -1.211         -14.777          262.863
  301 (vir)          247.217           1.049          -1.245         -14.525          261.545
  302 (vir)          251.289           2.822          -1.905         -17.341          269.547
  303 (vir)          253.633           2.375          -2.851         -18.838          271.994
  304 (vir)          254.833           2.494          -2.373         -18.168          273.122
  305 (vir)          256.800           2.642          -1.871         -17.190          274.762
  306 (vir)          261.961           2.037          -1.173         -15.016          277.841
  307 (vir)          262.237           2.000          -1.403         -15.754          278.588
  308 (vir)          263.242           1.931          -1.350         -15.459          279.282
  309 (vir)          263.616           2.914          -1.824         -17.019          281.725
  310 (vir)          263.712           2.301          -1.851         -17.242          281.405
  311 (vir)          265.103           2.546          -1.480         -15.988          282.156
  312 (vir)          266.791           1.842          -1.167         -15.282          282.749
  313 (vir)          267.473           2.157          -1.583         -16.472          284.519
  314 (vir)          269.453           1.730          -1.549         -16.355          285.988
  315 (vir)          270.717           1.520          -1.486         -16.319          287.070
  316 (vir)          270.848           2.086          -1.567         -16.733          288.100
  317 (vir)          276.541           1.942          -1.475         -16.236          293.244
  318 (vir)          278.802           2.266          -1.659         -17.268          296.677
  319 (vir)          279.508           1.660          -1.253         -15.721          295.637
  320 (vir)          279.813           1.819          -1.384         -16.011          296.259
  321 (vir)          280.369           2.200          -2.053         -18.168          298.684
  322 (vir)          281.878           1.399          -1.200         -15.675          297.751
  323 (vir)          287.391           1.580          -1.281         -16.046          303.736
  324 (vir)          287.446           2.762          -2.743         -19.896          307.361
  325 (vir)          293.868           2.116          -2.700         -20.368          313.651
  326 (vir)          301.468           3.540          -2.483         -20.225          322.749
  327 (vir)          307.701           2.962          -3.039         -21.731          329.355
  328 (vir)          307.971           2.465          -3.232         -22.496          329.700
  329 (vir)          313.613           2.776          -3.118         -22.029          335.301
  330 (vir)          315.743           2.006          -3.272         -22.793          337.270
  331 (vir)          317.876           1.759          -1.535         -16.788          334.888
  332 (vir)          319.454           2.050          -1.795         -17.818          337.526
  333 (vir)          320.072           1.851          -2.150         -18.632          338.405
  334 (vir)          322.554           1.864          -2.425         -19.894          341.887
  335 (vir)          325.326           2.571          -2.520         -20.472          345.848
  336 (vir)          329.831           1.118          -3.438         -22.816          350.328
  337 (vir)          336.664           2.972          -4.187         -25.286          360.736
  338 (vir)          340.225           4.830          -4.441         -24.672          365.287
  339 (vir)          350.588          -0.446          -3.132         -21.270          368.279
  340 (vir)          351.606           2.053          -3.631         -22.974          373.002
  341 (vir)          359.908           2.685          -2.782         -19.529          379.340
  342 (vir)          371.180           5.459          -3.115         -22.793          396.317
  343 (vir)          376.500           0.986          -3.446         -23.336          397.376
  344 (vir)          386.190           2.752          -6.947         -28.657          410.652
  345 (vir)          446.489           2.474          -4.007         -24.266          469.223
  346 (vir)          780.484           1.206         -12.546         -45.663          814.808
  347 (vir)          785.698           1.194         -12.490         -45.654          820.056
  348 (vir)         1305.544           0.843         -17.945         -62.199         1350.641
  349 (vir)         4011.930           1.090         -14.668         -94.444         4092.795
  350 (vir)         4017.043           1.090         -14.654         -94.439         4097.919
  351 (vir)         6872.964           0.102         -20.585        -126.324         6978.806
