 
  kpoint:     0.0000    0.0000    0.0000
 
    n          ϵ_nk^DFT (eV)     Σ^c_nk (eV)     Σ^x_nk (eV)     v_n^xc (eV)   ϵ_nk^G0W0 (eV)
 
    1 (occ)        -2738.633          -5.844        -300.468        -187.110        -2857.835
    2 (occ)        -2738.633          -5.844        -300.468        -187.110        -2857.835
    3 (occ)        -1259.994          -4.288        -205.984        -129.131        -1341.135
    4 (occ)         -249.102           0.348         -97.736         -60.450         -286.040
    5 (occ)         -249.102           0.370         -97.736         -60.450         -286.018
    6 (occ)         -189.750           6.259         -89.903         -62.024         -211.369
    7 (occ)         -189.750           6.252         -89.902         -62.024         -211.376
    8 (occ)         -189.671           5.457         -89.996         -62.053         -212.156
    9 (occ)         -189.671           5.457         -89.996         -62.053         -212.156
   10 (occ)         -189.671           5.443         -89.995         -62.053         -212.170
   11 (occ)         -189.671           5.443         -89.995         -62.053         -212.170
   12 (occ)          -81.496           9.841         -61.157         -38.376          -94.436
   13 (occ)          -48.674           6.478         -52.536         -37.091          -57.642
   14 (occ)          -48.674           6.478         -52.536         -37.091          -57.642
   15 (occ)          -48.491           6.712         -52.771         -37.155          -57.396
   16 (occ)          -19.571           7.056         -27.606         -18.488          -21.632
   17 (occ)          -19.477           7.024         -27.760         -18.661          -21.551
   18 (occ)           -9.120           1.383         -19.583         -14.984          -12.337
   19 (occ)           -8.449           1.186         -20.601         -16.135          -11.729
   20 (occ)           -7.740           1.287         -19.745         -15.110          -11.087
   21 (occ)           -7.740           1.287         -19.745         -15.110          -11.087
   22 (occ)           -7.631           1.270         -20.092         -15.470          -10.983
   23 (occ)           -7.631           1.270         -20.092         -15.470          -10.983
   24 (vir)           -2.534          -1.355          -3.769          -7.228           -0.430
   25 (vir)           -0.927          -1.127          -2.620          -5.645            0.972
   26 (vir)           -0.927          -1.127          -2.620          -5.645            0.972
   27 (vir)            0.381          -0.596          -0.898          -2.959            1.845
   28 (vir)            0.869          -0.783          -1.831          -4.256            2.511
   29 (vir)            1.433          -0.581          -1.057          -3.056            2.852
   30 (vir)            1.433          -0.581          -1.057          -3.056            2.852
   31 (vir)            1.474          -0.663          -0.623          -2.906            3.095
   32 (vir)            1.474          -0.663          -0.623          -2.906            3.095
   33 (vir)            2.832          -0.830          -1.228          -3.742            4.515
   34 (vir)            2.849          -0.829          -1.689          -4.415            4.746
   35 (vir)            2.849          -0.829          -1.689          -4.415            4.746
   36 (vir)            4.475          -1.148          -2.214          -5.285            6.399
   37 (vir)            4.696          -1.341          -2.504          -6.304            7.156
   38 (vir)            5.396          -1.922          -3.653          -8.614            8.435
   39 (vir)            5.396          -1.922          -3.653          -8.614            8.435
   40 (vir)            5.507          -1.530          -3.087          -7.156            8.047
   41 (vir)            6.177          -1.238          -2.170          -5.570            8.340
   42 (vir)            6.177          -1.238          -2.170          -5.570            8.340
   43 (vir)            7.042          -2.241          -4.278          -9.767           10.291
   44 (vir)            7.042          -2.241          -4.278          -9.767           10.291
   45 (vir)            7.529          -2.466          -4.838         -10.091           10.316
   46 (vir)            7.767          -1.205          -1.735          -4.801            9.629
   47 (vir)            8.493          -2.362          -3.912          -9.160           11.379
   48 (vir)            8.493          -2.362          -3.912          -9.160           11.379
   49 (vir)            9.178          -1.734          -2.521          -6.609           11.532
   50 (vir)            9.178          -1.734          -2.521          -6.609           11.532
   51 (vir)            9.326          -1.453          -2.177          -5.861           11.557
   52 (vir)            9.326          -1.453          -2.177          -5.861           11.557
   53 (vir)           10.560          -2.584          -1.675          -6.612           12.913
   54 (vir)           10.560          -2.584          -1.675          -6.612           12.913
   55 (vir)           10.997          -2.589          -3.397          -9.060           14.072
   56 (vir)           10.997          -2.589          -3.397          -9.060           14.072
   57 (vir)           12.789          -1.106          -0.258          -3.630           15.055
   58 (vir)           12.789          -1.106          -0.258          -3.630           15.055
   59 (vir)           13.315          -2.928          -3.699          -9.899           16.588
   60 (vir)           13.970          -2.244          -2.875          -7.721           16.572
   61 (vir)           14.714          -1.958          -3.095          -7.892           17.553
   62 (vir)           15.632          -2.222          -1.889          -7.327           18.848
   63 (vir)           15.632          -2.222          -1.889          -7.327           18.848
   64 (vir)           17.022          -3.558          -3.359         -10.404           20.508
   65 (vir)           17.022          -3.558          -3.359         -10.404           20.508
   66 (vir)           19.101          -2.326          -2.857          -8.409           22.326
   67 (vir)           21.807          -2.017          -3.309          -9.245           25.726
   68 (vir)           22.792          -3.022          -4.013         -10.720           26.477
   69 (vir)           22.909          -2.749          -2.688          -8.585           26.057
   70 (vir)           22.909          -2.749          -2.688          -8.585           26.057
   71 (vir)           29.646          -2.878          -3.867         -11.952           34.852
   72 (vir)           29.646          -2.878          -3.867         -11.952           34.852
   73 (vir)           30.504          -3.198          -4.348         -13.740           36.697
   74 (vir)           30.504          -3.198          -4.348         -13.740           36.697
   75 (vir)           30.507          -2.898          -4.041         -13.174           36.742
   76 (vir)           30.508          -2.898          -4.041         -13.174           36.742
   77 (vir)           30.588          -2.453          -3.125         -11.133           36.144
   78 (vir)           31.975          -3.186          -4.124         -12.433           37.097
   79 (vir)           31.975          -3.186          -4.124         -12.433           37.097
   80 (vir)           32.169          -1.331          -3.015         -10.822           38.644
   81 (vir)           32.169          -1.331          -3.015         -10.822           38.644
   82 (vir)           32.614          -3.265          -4.295         -13.077           38.131
   83 (vir)           33.298          -3.306          -3.884         -12.108           38.216
   84 (vir)           33.298          -3.306          -3.884         -12.108           38.216
   85 (vir)           34.328          -0.768          -2.351         -10.617           41.826
   86 (vir)           34.328          -0.768          -2.351         -10.617           41.826
   87 (vir)           34.900          -1.187          -2.559         -11.034           42.188
   88 (vir)           34.900          -1.187          -2.559         -11.034           42.188
   89 (vir)           34.906          -0.808          -2.316         -10.562           42.344
   90 (vir)           34.906          -0.808          -2.316         -10.562           42.344
   91 (vir)           35.131          -3.545          -3.067         -11.262           39.781
   92 (vir)           35.596          -3.419          -4.159         -13.435           41.453
   93 (vir)           36.074          -1.979          -4.740         -13.126           42.481
   94 (vir)           36.074          -1.979          -4.740         -13.126           42.481
   95 (vir)           40.049          -1.124          -2.356         -10.816           47.385
   96 (vir)           40.049          -1.124          -2.356         -10.816           47.385
   97 (vir)           40.365          -2.038          -3.772         -11.059           45.613
   98 (vir)           40.483          -1.913          -3.430         -11.291           46.431
   99 (vir)           40.483          -1.913          -3.430         -11.291           46.431
  100 (vir)           42.160          -1.971          -3.684         -12.058           48.563
  101 (vir)           42.160          -1.971          -3.684         -12.058           48.563
  102 (vir)           45.062          -0.784          -2.476         -11.263           53.064
  103 (vir)           45.062          -0.784          -2.476         -11.263           53.064
  104 (vir)           45.738          -1.284          -3.067         -10.679           52.066
  105 (vir)           50.775          -1.350          -2.649         -10.983           57.759
  106 (vir)           50.775          -1.350          -2.649         -10.983           57.759
  107 (vir)           54.284          -0.914          -5.145         -15.688           63.913
  108 (vir)           57.077          -2.006          -5.090         -14.566           64.546
  109 (vir)           58.428          -0.733          -5.612         -15.952           68.035
  110 (vir)           62.804          -3.153          -5.725         -15.675           69.602
  111 (vir)           73.964          -1.961          -4.974         -14.781           81.809
  112 (vir)           85.607          -4.446          -5.611         -18.762           94.311
  113 (vir)           85.607          -4.447          -5.611         -18.762           94.311
  114 (vir)           85.872          -4.943          -5.539         -18.668           94.057
  115 (vir)           85.872          -4.943          -5.539         -18.668           94.057
  116 (vir)           87.898          -4.364          -5.389         -18.465           96.610
  117 (vir)           87.898          -4.364          -5.389         -18.465           96.610
  118 (vir)           88.952          -4.425          -5.298         -18.337           97.567
  119 (vir)           88.952          -4.425          -5.298         -18.337           97.567
  120 (vir)           89.925          -5.075          -5.674         -18.899           98.074
  121 (vir)           90.238          -5.081          -5.525         -18.559           98.190
  122 (vir)           95.107          -1.118          -2.168         -14.377          106.198
  123 (vir)           95.107          -1.118          -2.168         -14.377          106.198
  124 (vir)           95.121          -0.277          -2.194         -14.420          107.071
  125 (vir)           95.121          -0.277          -2.194         -14.420          107.071
  126 (vir)           95.137           0.027          -2.327         -14.617          107.454
  127 (vir)           95.137           0.027          -2.327         -14.617          107.454
  128 (vir)           95.286          -0.732          -2.164         -14.372          106.762
  129 (vir)           95.286          -0.732          -2.164         -14.372          106.762
  130 (vir)           95.416          -0.338          -2.146         -14.329          107.262
  131 (vir)           95.416          -0.319          -2.146         -14.329          107.280
  132 (vir)           95.416          -0.338          -2.146         -14.329          107.262
  133 (vir)           95.416          -0.319          -2.146         -14.329          107.280
  134 (vir)           95.420          -0.192          -2.240         -14.493          107.482
  135 (vir)           95.420          -0.192          -2.240         -14.493          107.482
  136 (vir)           95.872          -0.255          -2.401         -14.759          107.977
  137 (vir)           95.872          -0.255          -2.401         -14.759          107.977
  138 (vir)           97.761          -0.920          -2.744         -15.327          109.424
  139 (vir)           98.880          -0.818          -2.578         -15.142          110.627
  140 (vir)          103.925           0.803          -3.001         -16.596          118.322
  141 (vir)          103.925           0.803          -3.001         -16.596          118.322
  142 (vir)          104.239           0.842          -2.987         -16.570          118.665
  143 (vir)          104.239           0.842          -2.987         -16.570          118.665
  144 (vir)          104.333          -0.567          -7.359         -21.581          117.988
  145 (vir)          104.333          -0.567          -7.359         -21.581          117.988
  146 (vir)          104.611           0.835          -2.963         -16.563          119.047
  147 (vir)          104.611           0.835          -2.963         -16.563          119.047
  148 (vir)          104.957          -1.410          -8.735         -23.154          117.967
  149 (vir)          104.957          -1.410          -8.735         -23.154          117.967
  150 (vir)          106.007          -0.821          -6.635         -20.713          119.265
  151 (vir)          106.150          -0.169          -6.537         -20.682          120.126
  152 (vir)          107.399           0.794          -2.875         -16.383          121.701
  153 (vir)          107.399           0.794          -2.875         -16.383          121.701
  154 (vir)          111.495           0.525          -3.473         -17.085          125.632
  155 (vir)          111.495           0.525          -3.473         -17.085          125.632
  156 (vir)          115.388           0.190          -4.770         -18.536          129.343
  157 (vir)          115.388           0.190          -4.770         -18.536          129.343
  158 (vir)          121.499           0.158          -5.326         -19.515          135.845
  159 (vir)          128.829          -0.222          -5.254         -19.249          142.602
  160 (vir)          212.537           0.078         -14.046         -34.495          233.065
  161 (vir)          212.537           0.078         -14.046         -34.495          233.065
  162 (vir)          213.971          -0.738         -13.995         -34.474          233.712
  163 (vir)          213.971          -0.738         -13.995         -34.474          233.712
  164 (vir)          218.442           2.230         -13.221         -32.568          240.018
  165 (vir)          225.431           2.744         -12.546         -30.638          246.268
  166 (vir)          228.668           2.709         -12.545         -31.778          250.609
  167 (vir)          246.661           2.721         -12.332         -32.444          269.495
  168 (vir)          285.061           2.324         -14.988         -37.662          310.060
  169 (vir)          285.061           2.324         -14.988         -37.662          310.060
  170 (vir)          285.431           2.329         -14.971         -37.640          310.430
  171 (vir)          285.431           2.329         -14.971         -37.640          310.430
  172 (vir)          287.341           0.254         -14.866         -37.523          310.252
  173 (vir)          287.341           0.254         -14.866         -37.523          310.252
  174 (vir)          288.569           0.040         -14.810         -37.451          311.250
  175 (vir)          288.569           0.040         -14.810         -37.451          311.250
  176 (vir)          288.820           4.672         -14.778         -37.435          316.149
  177 (vir)          289.300           0.458         -14.772         -37.409          312.395
  178 (vir)          771.879           1.641         -21.011         -55.432          807.941
  179 (vir)          773.209           1.648         -20.991         -55.408          809.275
  180 (vir)          935.782           1.139         -22.168         -61.292          976.046
  181 (vir)         1125.576           2.323         -37.585         -90.510         1180.825
  182 (vir)         1125.576           2.323         -37.585         -90.510         1180.825
  183 (vir)         1125.782           2.308         -37.561         -90.476         1181.006
  184 (vir)         1125.782           2.308         -37.561         -90.476         1181.006
  185 (vir)         1126.308           2.339         -37.434         -90.353         1181.567
  186 (vir)         1126.865           2.366         -37.379         -90.273         1182.125
  187 (vir)         2657.513           2.462         -35.504        -100.798         2725.268
  188 (vir)         2658.853           2.472         -35.494        -100.789         2726.620
  189 (vir)         5314.351           1.152         -39.223        -143.904         5420.184
  190 (vir)        14257.766           0.485         -55.466        -224.073        14426.858
  191 (vir)        14260.087           0.485         -55.461        -224.075        14429.185
