 
  kpoint:     0.0000    0.0000    0.0000
 
    n          ϵ_nk^DFT (eV)     Σ^c_nk (eV)     Σ^x_nk (eV)     v_n^xc (eV)   ϵ_nk^G0W0 (eV)
 
    1 (occ)         -381.243          -2.604        -114.699         -72.594         -425.952
    2 (occ)         -270.487          -0.499         -96.977         -61.574         -306.390
    3 (occ)          -23.014           5.524         -30.460         -20.147          -27.803
    4 (occ)          -15.142           2.139         -21.692         -15.271          -19.425
    5 (occ)           -9.125           2.409         -24.091         -17.697          -13.110
    6 (occ)           -9.031           0.090         -19.690         -15.419          -13.212
    7 (occ)           -9.031           0.090         -19.690         -15.419          -13.212
    8 (vir)           -1.038          -2.111          -7.176         -12.902            2.577
    9 (vir)           -1.038          -2.111          -7.176         -12.902            2.577
   10 (vir)            0.298          -1.169          -2.410          -5.926            2.645
   11 (vir)            1.481          -0.885          -1.901          -5.012            3.706
   12 (vir)            3.102          -0.918          -1.568          -4.702            5.318
   13 (vir)            3.102          -0.918          -1.568          -4.702            5.318
   14 (vir)            4.273          -1.010          -1.917          -5.128            6.474
   15 (vir)            7.110          -1.184          -1.666          -5.302            9.562
   16 (vir)            7.268          -1.680          -1.875          -5.878            9.590
   17 (vir)            7.268          -1.680          -1.875          -5.878            9.590
   18 (vir)            8.141          -1.346          -1.843          -5.328           10.280
   19 (vir)           11.409          -1.680          -2.121          -7.111           14.719
   20 (vir)           11.409          -1.680          -2.121          -7.111           14.719
   21 (vir)           13.392          -1.667          -1.955          -7.182           16.952
   22 (vir)           13.392          -1.667          -1.955          -7.182           16.952
   23 (vir)           13.443          -2.043          -2.656          -7.094           15.838
   24 (vir)           15.881          -2.655          -2.948          -7.859           18.137
   25 (vir)           18.541          -2.656          -2.154          -7.973           21.703
   26 (vir)           18.541          -2.656          -2.154          -7.973           21.703
   27 (vir)           20.313          -2.985          -4.457         -10.996           23.867
   28 (vir)           22.488          -1.169          -1.626          -6.916           26.609
   29 (vir)           22.861          -2.187          -2.095          -8.463           27.042
   30 (vir)           22.861          -2.187          -2.095          -8.463           27.042
   31 (vir)           23.952          -1.879          -1.417          -6.951           27.608
   32 (vir)           23.952          -1.879          -1.417          -6.951           27.608
   33 (vir)           28.954          -3.458          -2.907         -10.248           32.838
   34 (vir)           28.954          -3.458          -2.907         -10.248           32.838
   35 (vir)           30.104          -1.792          -2.668          -9.725           35.369
   36 (vir)           32.196          -2.999          -4.444         -13.091           37.844
   37 (vir)           33.963          -0.860          -1.007          -6.163           38.260
   38 (vir)           37.681          -1.831          -1.773          -8.312           42.389
   39 (vir)           37.681          -1.831          -1.773          -8.312           42.389
   40 (vir)           40.155          -4.870          -2.677          -9.081           41.690
   41 (vir)           43.381          -2.034          -1.424          -9.228           49.150
   42 (vir)           43.381          -2.034          -1.424          -9.228           49.150
   43 (vir)           45.790          -1.227          -1.372          -9.270           52.461
   44 (vir)           45.790          -1.226          -1.372          -9.270           52.461
   45 (vir)           45.892          -2.329          -2.672         -11.402           52.293
   46 (vir)           45.892          -2.329          -2.672         -11.402           52.293
   47 (vir)           46.497          -2.704          -3.018         -12.178           52.953
   48 (vir)           46.497          -2.704          -3.018         -12.178           52.953
   49 (vir)           49.655          -2.236          -3.535         -11.861           55.746
   50 (vir)           55.278          -2.209          -2.686         -11.466           61.849
   51 (vir)           55.278          -2.209          -2.686         -11.466           61.849
   52 (vir)           56.480          -1.462          -2.376         -10.626           63.269
   53 (vir)           62.852          -1.893          -1.352          -9.736           69.343
   54 (vir)           62.852          -1.893          -1.352          -9.736           69.343
   55 (vir)           66.573          -3.247          -2.333         -11.723           72.715
   56 (vir)           67.218           0.254          -1.748         -11.388           77.112
   57 (vir)           67.218           0.254          -1.748         -11.388           77.112
   58 (vir)           68.594          -3.883          -3.080         -13.688           75.319
   59 (vir)           68.594          -3.883          -3.080         -13.688           75.319
   60 (vir)           73.773          -2.672          -2.303         -11.549           80.348
   61 (vir)           73.773          -2.672          -2.303         -11.549           80.348
   62 (vir)           75.467          -2.953          -3.271         -14.596           83.840
   63 (vir)           75.467          -2.953          -3.271         -14.596           83.840
   64 (vir)           76.802          -5.758          -2.403         -11.960           80.601
   65 (vir)           84.268           3.672          -4.111         -15.192           99.020
   66 (vir)           84.517          -1.521          -2.629         -13.522           93.889
   67 (vir)           84.517          -1.521          -2.629         -13.522           93.889
   68 (vir)           87.807           1.035          -1.525         -11.461           98.778
   69 (vir)           87.807           1.035          -1.525         -11.461           98.778
   70 (vir)           88.737          -2.831          -3.002         -13.380           96.285
   71 (vir)           98.269           3.123          -3.543         -14.952          112.800
   72 (vir)          100.072          -4.095          -4.534         -17.733          109.175
   73 (vir)          100.072          -4.095          -4.534         -17.733          109.176
   74 (vir)          101.382          -9.251          -2.980         -14.821          103.972
   75 (vir)          102.473          -2.809          -1.612         -11.931          109.983
   76 (vir)          102.473          -2.809          -1.612         -11.931          109.983
   77 (vir)          126.317           1.252          -1.480         -13.328          139.417
   78 (vir)          126.317           1.252          -1.480         -13.328          139.417
   79 (vir)          127.349           3.496          -1.191         -12.533          142.188
   80 (vir)          127.349           3.496          -1.191         -12.533          142.188
   81 (vir)          128.106           5.789          -5.073         -19.221          148.043
   82 (vir)          128.584          -4.033          -4.109         -18.290          138.732
   83 (vir)          128.584          -4.033          -4.109         -18.290          138.732
   84 (vir)          134.566           5.440          -3.590         -16.495          152.911
   85 (vir)          144.588           0.338          -1.475         -13.757          157.208
   86 (vir)          144.588           0.338          -1.475         -13.757          157.208
   87 (vir)          147.210           0.455          -2.493         -16.081          161.252
   88 (vir)          147.210           0.455          -2.493         -16.081          161.252
   89 (vir)          150.699           0.338          -2.477         -16.448          165.008
   90 (vir)          150.699           0.338          -2.477         -16.448          165.008
   91 (vir)          153.264           3.877          -3.671         -18.473          171.944
   92 (vir)          156.532          -0.109          -1.678         -14.831          169.576
   93 (vir)          156.532          -0.109          -1.678         -14.831          169.576
   94 (vir)          160.929          -3.494          -2.116         -16.340          171.659
   95 (vir)          160.929          -3.494          -2.116         -16.340          171.659
   96 (vir)          161.393          -0.019          -2.528         -16.965          175.811
   97 (vir)          161.393          -0.019          -2.528         -16.965          175.811
   98 (vir)          161.921           0.425          -0.815         -11.638          173.168
   99 (vir)          161.921           0.425          -0.815         -11.638          173.168
  100 (vir)          166.349           6.544          -2.243         -16.044          186.693
  101 (vir)          183.160           2.816          -1.651         -15.656          199.981
  102 (vir)          183.160           2.816          -1.651         -15.656          199.981
  103 (vir)          191.515           4.881          -3.268         -18.401          211.529
  104 (vir)          194.388           4.581          -1.615         -14.579          211.933
  105 (vir)          194.388           4.581          -1.615         -14.579          211.933
  106 (vir)          196.667           0.897          -1.649         -15.949          211.864
  107 (vir)          196.667           0.897          -1.649         -15.949          211.864
  108 (vir)          199.069          -0.666          -1.018         -12.978          210.363
  109 (vir)          199.070          -0.667          -1.018         -12.978          210.363
  110 (vir)          201.659          -1.303          -1.234         -13.956          213.078
  111 (vir)          201.659          -1.303          -1.234         -13.956          213.078
  112 (vir)          202.597           4.564          -1.699         -15.076          220.537
  113 (vir)          211.417           3.846          -2.396         -16.903          229.770
  114 (vir)          213.218          -4.039          -1.041         -13.941          222.080
  115 (vir)          213.219          -4.039          -1.041         -13.941          222.080
  116 (vir)          222.650          -1.943          -2.151         -17.529          236.085
  117 (vir)          222.650          -1.943          -2.151         -17.529          236.085
  118 (vir)          226.461           1.687          -2.339         -18.831          244.640
  119 (vir)          226.461           1.687          -2.339         -18.831          244.640
  120 (vir)          227.154           3.161          -2.797         -17.347          244.865
  121 (vir)          228.834          -5.698          -2.161         -17.870          238.845
  122 (vir)          228.834          -5.697          -2.161         -17.870          238.846
  123 (vir)          235.611           1.591          -1.320         -14.925          250.806
  124 (vir)          235.611           1.590          -1.320         -14.925          250.806
  125 (vir)          238.494          -2.715          -2.451         -19.129          252.457
  126 (vir)          238.495          -2.715          -2.451         -19.128          252.457
  127 (vir)          243.836           4.579          -3.540         -20.266          265.141
  128 (vir)          254.219           0.410          -2.255         -18.679          271.053
  129 (vir)          254.219           0.410          -2.255         -18.679          271.053
  130 (vir)          258.023           3.420          -5.283         -22.860          279.019
  131 (vir)          258.286          -1.000          -2.071         -18.395          273.609
  132 (vir)          258.286          -1.000          -2.071         -18.394          273.609
  133 (vir)          272.261           3.207          -3.619         -20.235          292.082
  134 (vir)          288.367           3.501          -1.813         -17.703          307.759
  135 (vir)          288.367           3.501          -1.813         -17.703          307.759
  136 (vir)          298.708           3.539          -4.337         -22.425          320.336
  137 (vir)          331.011           2.384          -1.753         -18.129          349.771
  138 (vir)          331.011           2.384          -1.753         -18.129          349.771
  139 (vir)          332.601           2.308          -3.148         -20.022          351.784
  140 (vir)          359.088           2.169          -4.759         -23.527          380.025
  141 (vir)          804.762           1.163         -12.419         -45.733          839.238
  142 (vir)         1022.043           1.237         -15.357         -54.017         1061.941
  143 (vir)         4040.703           1.373         -14.602         -94.422         4121.896
  144 (vir)         5345.682           1.292         -17.667        -110.500         5439.807
