 
  kpoint:     0.0000    0.0000    0.0000
 
    n          ϵ_nk^DFT (eV)     Σ^c_nk (eV)     Σ^x_nk (eV)     v_n^xc (eV)   ϵ_nk^G0W0 (eV)
 
    1 (occ)         -662.973           3.037        -150.708         -94.970         -715.674
    2 (occ)         -662.973           3.077        -150.700         -94.970         -715.626
    3 (occ)          -33.903           6.549         -39.330         -25.097          -41.587
    4 (occ)          -27.588           6.363         -39.815         -26.482          -34.557
    5 (occ)          -15.382           0.457         -28.789         -23.453          -20.261
    6 (occ)          -12.805           4.360         -32.173         -22.788          -17.830
    7 (occ)          -12.805           4.360         -32.173         -22.788          -17.830
    8 (occ)           -9.408           3.281         -33.553         -24.732          -14.948
    9 (occ)           -9.408           3.281         -33.553         -24.732          -14.948
   10 (vir)           -5.757          -2.912         -16.905         -24.864           -0.709
   11 (vir)            6.099          -1.235          -2.387          -6.630            9.107
   12 (vir)            7.285          -0.607          -3.181          -7.278           10.775
   13 (vir)            7.285          -0.607          -3.181          -7.278           10.775
   14 (vir)            9.050          -1.198          -1.928          -6.177           12.102
   15 (vir)            9.914          -0.585          -2.278          -6.259           13.310
   16 (vir)            9.914          -0.585          -2.278          -6.259           13.310
   17 (vir)           11.789          -1.674          -4.243         -10.134           16.006
   18 (vir)           23.887          -2.059          -3.230          -9.227           27.826
   19 (vir)           30.120          -2.469          -5.658         -13.670           35.663
   20 (vir)           30.120          -2.469          -5.658         -13.670           35.663
   21 (vir)           31.145          -1.568          -4.621         -12.203           37.159
   22 (vir)           31.145          -1.568          -4.621         -12.203           37.159
   23 (vir)           38.765          -0.901          -4.665         -12.715           45.914
   24 (vir)           38.765          -0.901          -4.665         -12.715           45.914
   25 (vir)           40.288          -2.315          -4.105         -13.103           46.971
   26 (vir)           41.263          -3.430          -5.558         -14.510           46.785
   27 (vir)           41.263          -3.430          -5.558         -14.510           46.785
   28 (vir)           41.379          -2.871          -4.053         -12.117           46.572
   29 (vir)           43.379          -3.315          -5.041         -13.819           48.843
   30 (vir)           43.379          -3.315          -5.041         -13.819           48.843
   31 (vir)           47.796          -3.093          -6.467         -18.348           56.584
   32 (vir)           53.029          -3.357          -4.047         -13.542           59.168
   33 (vir)           53.029          -3.357          -4.047         -13.542           59.168
   34 (vir)           67.797          -0.266          -3.106         -11.967           76.391
   35 (vir)           87.284          -2.857          -8.511         -21.582           97.498
   36 (vir)           99.487          -3.416          -3.212         -15.543          108.401
   37 (vir)           99.487          -3.416          -3.212         -15.543          108.401
   38 (vir)           99.545          -4.536          -3.460         -15.913          107.461
   39 (vir)           99.545          -4.536          -3.460         -15.913          107.461
   40 (vir)          102.145          -0.492          -4.822         -18.268          115.099
   41 (vir)          104.292          -3.531          -6.364         -19.732          114.129
   42 (vir)          106.996          -3.001          -3.282         -15.892          116.606
   43 (vir)          106.996          -3.001          -3.282         -15.892          116.606
   44 (vir)          111.165          -3.040          -3.279         -16.059          120.905
   45 (vir)          111.165          -3.040          -3.279         -16.059          120.905
   46 (vir)          120.105          -2.393          -3.733         -17.112          131.091
   47 (vir)          120.105          -2.393          -3.733         -17.111          131.091
   48 (vir)          128.195          -3.287          -7.522         -22.522          139.908
   49 (vir)          128.195          -3.287          -7.521         -22.522          139.908
   50 (vir)          130.636          -4.728          -5.894         -21.113          141.128
   51 (vir)          130.636          -4.728          -5.894         -21.113          141.128
   52 (vir)          133.239          -3.996          -6.175         -21.573          144.642
   53 (vir)          133.239          -3.996          -6.175         -21.573          144.642
   54 (vir)          133.404          -2.434          -6.627         -21.391          145.733
   55 (vir)          133.404          -2.434          -6.627         -21.391          145.733
   56 (vir)          137.932          -2.183          -6.400         -22.344          151.694
   57 (vir)          147.822          -1.472          -6.492         -23.414          163.273
   58 (vir)          152.651          -2.632          -6.081         -22.110          166.048
   59 (vir)          154.029          -3.168          -3.404         -17.674          165.130
   60 (vir)          154.029          -3.168          -3.404         -17.674          165.130
   61 (vir)          160.501           2.722          -9.913         -29.054          182.364
   62 (vir)          160.501           2.722          -9.913         -29.054          182.364
   63 (vir)          163.097         -10.656          -9.620         -28.580          171.402
   64 (vir)          163.097         -10.656          -9.620         -28.580          171.402
   65 (vir)          179.449          -1.859          -6.149         -24.015          195.455
   66 (vir)          191.165          -0.422          -6.155         -24.576          209.163
   67 (vir)          290.099          -0.987          -2.872         -21.375          307.615
   68 (vir)          290.099          -0.987          -2.872         -21.375          307.615
   69 (vir)          294.486          -0.711          -3.066         -21.815          312.523
   70 (vir)          296.536          -0.152          -2.858         -21.483          315.009
   71 (vir)          296.546          -0.152          -2.858         -21.473          315.009
   72 (vir)          302.332          -0.680          -2.919         -21.783          320.516
   73 (vir)          302.332          -0.680          -2.919         -21.783          320.516
   74 (vir)          304.503          -1.658          -3.092         -22.224          321.977
   75 (vir)          304.505          -1.658          -3.092         -22.222          321.977
   76 (vir)          304.725          -1.681          -3.090         -22.227          322.181
   77 (vir)          304.726          -1.681          -3.090         -22.226          322.181
   78 (vir)          305.356          -0.666          -2.887         -21.818          323.622
   79 (vir)          305.356          -0.666          -2.887         -21.818          323.622
   80 (vir)          311.841          -0.216          -2.772         -21.720          330.573
   81 (vir)          311.852          -0.216          -2.772         -21.709          330.573
   82 (vir)          327.335          -1.405          -2.859         -22.268          345.340
   83 (vir)          327.335          -1.405          -2.859         -22.268          345.340
   84 (vir)          331.912          -0.533          -3.199         -22.933          351.113
   85 (vir)          384.669          -1.766          -4.464         -27.352          405.791
   86 (vir)          384.679          -1.766          -4.464         -27.343          405.792
   87 (vir)          385.232          -1.662         -11.939         -36.110          407.742
   88 (vir)          387.886          -1.873          -4.883         -28.078          409.208
   89 (vir)          387.886          -1.873          -4.883         -28.078          409.208
   90 (vir)          389.039          -2.011          -4.185         -26.898          409.741
   91 (vir)          389.039          -2.011          -4.185         -26.898          409.741
   92 (vir)          390.090          -1.847          -4.850         -28.047          411.440
   93 (vir)          390.090          -1.847          -4.850         -28.047          411.440
   94 (vir)          393.982          -1.448          -8.562         -32.072          416.043
   95 (vir)          396.163          -1.576          -4.313         -27.176          417.451
   96 (vir)          396.176          -1.576          -4.313         -27.164          417.451
   97 (vir)          401.538          -1.877          -5.394         -29.040          423.307
   98 (vir)          418.032          -2.041          -3.912         -26.558          438.637
   99 (vir)          418.032          -2.041          -3.912         -26.558          438.637
  100 (vir)          419.371          -2.060          -6.230         -31.209          442.290
  101 (vir)          419.371          -2.060          -6.230         -31.209          442.290
  102 (vir)          422.201          -2.168          -6.160         -31.120          444.992
  103 (vir)          422.204          -2.168          -6.160         -31.116          444.992
  104 (vir)          422.772          -2.189          -5.292         -29.797          445.087
  105 (vir)          422.772          -2.189          -5.292         -29.797          445.087
  106 (vir)          427.020          -1.561          -5.056         -29.310          449.713
  107 (vir)          427.020          -1.561          -5.056         -29.310          449.713
  108 (vir)          430.791          -1.768          -5.712         -29.412          452.723
  109 (vir)          445.687          -1.653          -4.393         -27.932          467.571
  110 (vir)          456.651          -1.201          -6.456         -30.429          479.422
  111 (vir)         1443.710          -1.390         -20.433         -67.455         1489.342
  112 (vir)         1469.452          -1.359         -20.159         -67.253         1515.186
  113 (vir)         7708.527          -1.893         -24.380        -138.500         7820.754
  114 (vir)         7740.922          -1.886         -24.283        -138.442         7853.196
