 
  kpoint:     0.0000    0.0000    0.0000
 
    n          ϵ_nk^DFT (eV)     Σ^c_nk (eV)     Σ^x_nk (eV)     v_n^xc (eV)   ϵ_nk^G0W0 (eV)
 
    1 (occ)        -2736.123          -5.505        -300.466        -187.110        -2854.985
    2 (occ)        -1033.741          -3.370        -187.351        -117.677        -1106.785
    3 (occ)         -246.576           0.384         -97.734         -60.450         -283.475
    4 (occ)         -187.200           7.500         -89.932         -62.034         -207.598
    5 (occ)         -187.159           7.033         -89.978         -62.048         -208.056
    6 (occ)         -187.159           7.033         -89.978         -62.048         -208.056
    7 (occ)          -57.277           9.260         -53.880         -34.017          -67.881
    8 (occ)          -29.442           5.292         -45.048         -32.045          -37.153
    9 (occ)          -29.442           5.292         -45.048         -32.045          -37.153
   10 (occ)          -29.380           5.085         -45.108         -32.035          -37.368
   11 (occ)          -16.843           7.088         -27.656         -18.586          -18.826
   12 (occ)           -5.726           1.744         -19.640         -15.217           -8.405
   13 (occ)           -5.254           1.720         -19.696         -15.111           -8.119
   14 (occ)           -5.254           1.720         -19.696         -15.111           -8.119
   15 (vir)           -2.252          -0.523          -1.540          -3.919           -0.396
   16 (vir)           -0.232          -0.294          -0.638          -2.051            0.887
   17 (vir)           -0.232          -0.294          -0.638          -2.051            0.887
   18 (vir)            0.217          -0.224          -0.438          -1.474            1.028
   19 (vir)            0.444          -0.201          -0.323          -1.360            1.280
   20 (vir)            1.298          -0.234          -0.462          -1.601            2.203
   21 (vir)            1.298          -0.234          -0.462          -1.601            2.203
   22 (vir)            2.005          -0.356          -0.712          -2.247            3.184
   23 (vir)            3.454          -0.534          -0.312          -2.422            5.030
   24 (vir)            3.454          -0.534          -0.312          -2.422            5.030
   25 (vir)            3.522          -0.413          -1.063          -3.033            5.079
   26 (vir)            4.170          -0.582          -1.205          -3.759            6.143
   27 (vir)            4.170          -0.582          -1.205          -3.759            6.143
   28 (vir)            4.344          -0.656          -1.079          -3.434            6.044
   29 (vir)            6.128          -0.827          -1.903          -5.119            8.518
   30 (vir)            6.166          -0.722          -1.532          -4.359            8.271
   31 (vir)            6.166          -0.722          -1.532          -4.359            8.271
   32 (vir)            7.122          -1.050          -2.109          -5.497            9.460
   33 (vir)            7.122          -1.050          -2.109          -5.497            9.460
   34 (vir)            8.444          -1.270          -2.526          -6.143           10.792
   35 (vir)            9.319          -1.686          -3.362          -8.081           12.352
   36 (vir)            9.319          -1.686          -3.362          -8.081           12.352
   37 (vir)           11.130          -1.686          -3.221          -7.962           14.184
   38 (vir)           11.130          -1.686          -3.221          -7.962           14.184
   39 (vir)           11.157          -2.072          -3.558          -8.624           14.150
   40 (vir)           11.956          -0.404          -0.108          -2.650           14.094
   41 (vir)           11.956          -0.404          -0.108          -2.650           14.094
   42 (vir)           13.874          -1.380          -1.926          -6.228           16.796
   43 (vir)           13.874          -1.380          -1.926          -6.228           16.796
   44 (vir)           14.712          -0.825          -1.221          -4.546           17.212
   45 (vir)           15.045          -0.589          -0.683          -4.233           18.006
   46 (vir)           15.045          -0.589          -0.683          -4.233           18.006
   47 (vir)           15.664          -0.850          -0.937          -5.264           19.141
   48 (vir)           15.664          -0.850          -0.937          -5.264           19.141
   49 (vir)           17.000          -1.835          -2.996          -8.022           20.191
   50 (vir)           18.904          -2.093          -2.676          -8.440           22.576
   51 (vir)           18.904          -2.093          -2.676          -8.440           22.576
   52 (vir)           23.583          -2.136          -3.177          -9.121           27.390
   53 (vir)           24.553          -1.010          -4.336         -10.693           29.899
   54 (vir)           24.553          -1.010          -4.336         -10.693           29.899
   55 (vir)           24.889          -1.264          -4.555         -11.128           30.199
   56 (vir)           27.929          -1.877          -4.804         -11.960           33.208
   57 (vir)           31.459          -3.232          -4.328         -11.934           35.832
   58 (vir)           31.459          -3.232          -4.328         -11.934           35.832
   59 (vir)           32.695          -3.206          -4.304         -13.713           38.898
   60 (vir)           32.695          -3.206          -4.304         -13.713           38.898
   61 (vir)           35.024          -3.071          -3.536         -12.401           40.818
   62 (vir)           35.024          -3.071          -3.536         -12.401           40.818
   63 (vir)           35.065          -1.869          -3.633         -12.556           42.119
   64 (vir)           36.694          -0.649          -2.371         -10.671           44.344
   65 (vir)           36.694          -0.649          -2.371         -10.671           44.344
   66 (vir)           37.330          -2.309          -3.347         -11.002           42.675
   67 (vir)           38.225          -1.194          -2.434         -10.835           45.432
   68 (vir)           38.225          -1.194          -2.434         -10.835           45.432
   69 (vir)           42.945          -1.561          -2.781         -11.593           50.197
   70 (vir)           42.945          -1.561          -2.781         -11.593           50.197
   71 (vir)           51.743          -0.523          -4.238         -13.790           60.772
   72 (vir)           61.558          -3.025          -6.171         -16.018           68.380
   73 (vir)           88.019          -6.958          -5.614         -18.801           94.248
   74 (vir)           88.019          -6.958          -5.614         -18.801           94.248
   75 (vir)           91.170          -4.831          -5.461         -18.562           99.440
   76 (vir)           91.197          -5.309          -5.421         -18.513           98.979
   77 (vir)           91.197          -5.309          -5.421         -18.513           98.979
   78 (vir)           97.655          -1.062          -2.165         -14.377          108.805
   79 (vir)           97.655          -1.062          -2.165         -14.377          108.805
   80 (vir)           97.668          -1.528          -2.181         -14.405          108.364
   81 (vir)           97.668          -1.528          -2.181         -14.405          108.364
   82 (vir)           97.778          -0.346          -2.156         -14.355          109.631
   83 (vir)           97.778          -0.346          -2.156         -14.355          109.631
   84 (vir)           97.945           0.985          -2.261         -14.529          111.198
   85 (vir)           97.945           0.985          -2.261         -14.529          111.198
   86 (vir)           98.256           3.032          -2.452         -14.808          113.644
   87 (vir)          105.799          -3.720          -9.067         -23.607          116.620
   88 (vir)          105.799          -3.720          -9.067         -23.607          116.620
   89 (vir)          106.419           1.048          -2.995         -16.608          121.080
   90 (vir)          106.419           1.048          -2.995         -16.608          121.080
   91 (vir)          107.344           0.887          -2.963         -16.562          121.830
   92 (vir)          107.344           0.887          -2.963         -16.562          121.830
   93 (vir)          107.548          -0.511          -5.994         -20.068          121.111
   94 (vir)          109.845           0.465          -3.397         -17.047          123.959
   95 (vir)          109.845           0.465          -3.397         -17.047          123.959
   96 (vir)          117.094          -0.869          -6.427         -20.707          130.505
   97 (vir)          151.231          -9.621          -9.718         -25.466          157.358
   98 (vir)          153.673          -3.437         -13.607         -31.308          167.937
   99 (vir)          153.673          -3.437         -13.607         -31.308          167.937
  100 (vir)          154.560          -4.047         -13.492         -31.185          168.206
  101 (vir)          154.560          -4.047         -13.492         -31.185          168.206
  102 (vir)          156.550           5.267         -13.254         -30.934          179.496
  103 (vir)          225.438           3.073         -12.610         -30.674          246.575
  104 (vir)          287.612           0.315         -14.981         -37.662          310.608
  105 (vir)          287.612           0.315         -14.981         -37.662          310.608
  106 (vir)          290.133          -1.496         -14.858         -37.516          311.294
  107 (vir)          290.133          -1.496         -14.858         -37.516          311.294
  108 (vir)          290.469           0.383         -14.841         -37.495          313.506
  109 (vir)          564.415           0.933         -17.672         -48.322          595.998
  110 (vir)          773.378           1.638         -21.028         -55.439          809.428
  111 (vir)         1127.923           3.195         -37.596         -90.536         1184.058
  112 (vir)         1127.923           3.195         -37.596         -90.536         1184.058
  113 (vir)         1128.627           3.199         -37.477         -90.395         1184.743
  114 (vir)         2659.168           2.358         -35.510        -100.800         2726.815
  115 (vir)         3416.118           0.962         -36.820        -122.197         3502.458
  116 (vir)        14258.935           0.365         -55.467        -224.070        14427.902
