 
  kpoint:     0.0000    0.0000    0.0000
 
    n          ϵ_nk^DFT (eV)     Σ^c_nk (eV)     Σ^x_nk (eV)     v_n^xc (eV)   ϵ_nk^G0W0 (eV)
 
    1 (occ)         -661.834           1.700        -150.701         -94.985         -715.851
    2 (occ)         -661.834           1.700        -150.701         -94.985         -715.851
    3 (occ)         -661.834           1.700        -150.701         -94.985         -715.851
    4 (occ)         -661.834           1.545        -150.699         -94.985         -716.004
    5 (occ)         -277.950           6.241         -96.742         -61.476         -306.975
    6 (occ)          -34.819           8.101         -37.867         -23.845          -40.741
    7 (occ)          -31.766           7.811         -39.429         -25.578          -37.806
    8 (occ)          -31.766           7.811         -39.429         -25.578          -37.806
    9 (occ)          -31.766           7.811         -39.429         -25.578          -37.806
   10 (occ)          -18.260           4.203         -32.339         -23.026          -23.370
   11 (occ)          -15.949           3.275         -30.189         -22.052          -20.811
   12 (occ)          -15.949           3.275         -30.189         -22.052          -20.811
   13 (occ)          -15.949           3.275         -30.189         -22.052          -20.811
   14 (occ)          -12.225           3.688         -31.474         -22.817          -17.195
   15 (occ)          -12.225           3.688         -31.474         -22.817          -17.195
   16 (occ)          -11.669           2.962         -31.188         -23.342          -16.554
   17 (occ)          -11.669           2.962         -31.188         -23.342          -16.554
   18 (occ)          -11.669           2.962         -31.188         -23.342          -16.554
   19 (occ)          -10.395           3.378         -32.935         -24.586          -15.366
   20 (occ)          -10.395           3.378         -32.935         -24.586          -15.366
   21 (occ)          -10.395           3.378         -32.935         -24.586          -15.366
   22 (vir)            1.435          -1.605          -5.229          -9.808            4.409
   23 (vir)            2.567          -1.515          -5.587         -10.014            5.479
   24 (vir)            2.567          -1.515          -5.587         -10.014            5.479
   25 (vir)            2.567          -1.515          -5.587         -10.014            5.479
   26 (vir)            3.719          -2.856          -7.230         -13.682            7.314
   27 (vir)            3.719          -2.856          -7.230         -13.682            7.314
   28 (vir)            3.719          -2.856          -7.230         -13.682            7.314
   29 (vir)            4.734          -3.722         -11.775         -19.506            8.743
   30 (vir)            7.056          -1.260          -3.263          -7.458            9.991
   31 (vir)            7.056          -1.260          -3.263          -7.458            9.991
   32 (vir)            7.056          -1.260          -3.263          -7.458            9.991
   33 (vir)            7.830          -0.992          -2.647          -6.706           10.897
   34 (vir)            7.830          -0.992          -2.647          -6.706           10.897
   35 (vir)            9.796          -1.618          -2.629          -7.336           12.884
   36 (vir)           11.358          -0.988          -2.034          -6.206           14.541
   37 (vir)           11.358          -0.988          -2.034          -6.206           14.541
   38 (vir)           11.358          -0.988          -2.034          -6.206           14.541
   39 (vir)           14.439          -0.969          -1.672          -5.519           17.316
   40 (vir)           14.439          -0.969          -1.672          -5.519           17.316
   41 (vir)           14.439          -0.969          -1.672          -5.519           17.316
   42 (vir)           16.353          -2.616          -3.261          -9.413           19.889
   43 (vir)           16.353          -2.616          -3.261          -9.413           19.889
   44 (vir)           16.353          -2.616          -3.261          -9.413           19.889
   45 (vir)           18.429          -2.692          -3.719         -10.011           22.029
   46 (vir)           18.429          -2.692          -3.719         -10.011           22.029
   47 (vir)           18.429          -2.692          -3.719         -10.011           22.029
   48 (vir)           18.488          -2.801          -5.391         -12.200           22.496
   49 (vir)           18.488          -2.801          -5.391         -12.200           22.496
   50 (vir)           21.418          -1.756          -2.976          -7.980           24.666
   51 (vir)           27.664          -2.346          -3.738          -9.957           31.536
   52 (vir)           27.664          -2.346          -3.738          -9.957           31.536
   53 (vir)           27.664          -2.346          -3.738          -9.957           31.536
   54 (vir)           35.623          -2.959          -4.801         -12.932           40.796
   55 (vir)           35.623          -2.959          -4.801         -12.932           40.796
   56 (vir)           35.623          -2.959          -4.801         -12.932           40.796
   57 (vir)           36.744          -3.258          -5.124         -13.598           41.960
   58 (vir)           36.744          -3.258          -5.124         -13.598           41.960
   59 (vir)           39.879          -3.838          -4.037         -12.181           44.184
   60 (vir)           40.437          -3.535          -4.506         -12.746           45.143
   61 (vir)           40.437          -3.535          -4.506         -12.746           45.143
   62 (vir)           41.761          -3.276          -4.135         -12.513           46.863
   63 (vir)           41.761          -3.276          -4.135         -12.513           46.863
   64 (vir)           41.761          -3.276          -4.135         -12.513           46.863
   65 (vir)           44.006          -3.624          -4.718         -13.200           48.865
   66 (vir)           44.006          -3.624          -4.718         -13.200           48.865
   67 (vir)           44.006          -3.624          -4.718         -13.200           48.865
   68 (vir)           44.235          -3.987          -4.919         -13.885           49.214
   69 (vir)           44.235          -3.987          -4.919         -13.885           49.214
   70 (vir)           44.235          -3.987          -4.919         -13.885           49.214
   71 (vir)           46.573          -3.938          -3.668         -12.434           51.401
   72 (vir)           47.446          -4.736          -6.029         -16.258           52.939
   73 (vir)           47.446          -4.736          -6.029         -16.258           52.939
   74 (vir)           47.446          -4.736          -6.029         -16.258           52.939
   75 (vir)           47.456          -4.626          -4.407         -13.948           52.371
   76 (vir)           47.456          -4.626          -4.407         -13.948           52.371
   77 (vir)           47.456          -4.626          -4.407         -13.948           52.371
   78 (vir)           48.684          -4.048          -3.670         -12.684           53.650
   79 (vir)           48.684          -4.048          -3.670         -12.684           53.650
   80 (vir)           53.242          -3.451          -3.855         -12.264           58.199
   81 (vir)           53.242          -3.451          -3.855         -12.264           58.199
   82 (vir)           53.242          -3.451          -3.855         -12.264           58.199
   83 (vir)           54.068          -4.189          -4.027         -13.508           59.361
   84 (vir)           54.068          -4.189          -4.027         -13.508           59.361
   85 (vir)           54.068          -4.189          -4.027         -13.508           59.361
   86 (vir)           62.767          -2.500          -4.041         -12.603           68.828
   87 (vir)           67.430          -3.720          -1.930         -11.102           72.881
   88 (vir)           67.430          -3.720          -1.930         -11.102           72.881
   89 (vir)           67.430          -3.720          -1.930         -11.102           72.881
   90 (vir)           68.628          -3.661          -3.173         -13.271           75.065
   91 (vir)           68.846          -4.999          -3.955         -15.474           75.366
   92 (vir)           68.846          -5.000          -3.955         -15.474           75.366
   93 (vir)           68.846          -4.999          -3.955         -15.474           75.366
   94 (vir)           75.249          -3.658          -4.339         -16.036           83.289
   95 (vir)           75.249          -3.658          -4.339         -16.036           83.289
   96 (vir)           75.249          -3.658          -4.339         -16.036           83.289
   97 (vir)           75.898          -3.916          -3.614         -14.287           82.655
   98 (vir)           75.898          -3.916          -3.614         -14.287           82.655
   99 (vir)           89.939          -1.768          -6.092         -17.994          100.072
  100 (vir)           89.939          -1.768          -6.092         -17.994          100.072
  101 (vir)           89.939          -1.768          -6.092         -17.994          100.072
  102 (vir)          103.661          -1.763          -3.381         -15.961          114.478
  103 (vir)          103.661          -1.763          -3.381         -15.961          114.478
  104 (vir)          104.027          -2.108          -4.092         -17.186          115.013
  105 (vir)          104.027          -2.108          -4.092         -17.186          115.013
  106 (vir)          104.027          -2.108          -4.092         -17.186          115.013
  107 (vir)          108.177          -1.724          -4.988         -18.612          120.078
  108 (vir)          108.177          -1.724          -4.988         -18.612          120.078
  109 (vir)          108.177          -1.724          -4.988         -18.612          120.078
  110 (vir)          108.923          -0.906          -3.360         -16.177          120.833
  111 (vir)          108.923          -0.907          -3.360         -16.177          120.833
  112 (vir)          108.923          -0.907          -3.360         -16.177          120.832
  113 (vir)          109.130          -1.106          -3.487         -16.403          120.940
  114 (vir)          109.130          -1.106          -3.487         -16.403          120.940
  115 (vir)          109.130          -1.106          -3.487         -16.403          120.940
  116 (vir)          109.292          -0.449          -3.269         -16.058          121.631
  117 (vir)          111.095          -1.967          -5.066         -18.948          123.011
  118 (vir)          120.609          -1.619          -4.462         -18.121          132.650
  119 (vir)          120.609          -1.619          -4.462         -18.121          132.650
  120 (vir)          120.609          -1.619          -4.462         -18.121          132.650
  121 (vir)          121.940          -1.862          -5.187         -19.304          134.196
  122 (vir)          127.648          -1.853          -5.644         -19.903          140.053
  123 (vir)          127.648          -1.853          -5.644         -19.903          140.053
  124 (vir)          127.648          -1.853          -5.644         -19.903          140.053
  125 (vir)          130.167          -1.904          -5.855         -20.598          143.007
  126 (vir)          130.167          -1.904          -5.855         -20.598          143.007
  127 (vir)          130.167          -1.904          -5.855         -20.598          143.007
  128 (vir)          130.946          -1.598          -5.541         -20.435          144.243
  129 (vir)          130.946          -1.598          -5.541         -20.435          144.243
  130 (vir)          133.012          -1.498          -5.624         -19.476          145.366
  131 (vir)          134.508          -1.989          -6.326         -21.337          147.529
  132 (vir)          134.508          -1.989          -6.326         -21.337          147.529
  133 (vir)          138.681          -1.306          -5.015         -19.432          151.791
  134 (vir)          138.681          -1.306          -5.015         -19.432          151.791
  135 (vir)          138.681          -1.306          -5.015         -19.432          151.791
  136 (vir)          140.483          -1.535          -5.168         -19.872          153.652
  137 (vir)          140.483          -1.535          -5.168         -19.872          153.652
  138 (vir)          140.483          -1.535          -5.168         -19.872          153.652
  139 (vir)          147.041          -1.386          -5.254         -20.185          160.586
  140 (vir)          147.041          -1.386          -5.254         -20.185          160.586
  141 (vir)          147.041          -1.386          -5.254         -20.185          160.586
  142 (vir)          148.375          -1.023          -4.431         -18.925          161.847
  143 (vir)          148.375          -1.023          -4.431         -18.925          161.847
  144 (vir)          148.375          -1.023          -4.431         -18.925          161.847
  145 (vir)          148.848          -0.722          -4.021         -18.959          163.064
  146 (vir)          148.848          -0.722          -4.021         -18.959          163.064
  147 (vir)          153.073          -1.288          -4.806         -19.503          166.483
  148 (vir)          154.001          -0.966          -4.519         -19.327          167.843
  149 (vir)          154.001          -0.966          -4.519         -19.327          167.843
  150 (vir)          154.001          -0.966          -4.519         -19.327          167.843
  151 (vir)          155.892          -1.275          -6.205         -22.762          171.174
  152 (vir)          157.538          -1.043          -6.192         -22.459          172.762
  153 (vir)          157.538          -1.043          -6.192         -22.459          172.762
  154 (vir)          157.538          -1.043          -6.192         -22.459          172.762
  155 (vir)          158.788          -0.869          -4.426         -19.792          173.287
  156 (vir)          158.788          -0.869          -4.426         -19.792          173.286
  157 (vir)          158.788          -0.869          -4.426         -19.792          173.286
  158 (vir)          159.888          -0.943          -6.263         -22.966          175.649
  159 (vir)          159.888          -0.943          -6.263         -22.966          175.649
  160 (vir)          165.201          -0.134          -4.643         -19.201          179.626
  161 (vir)          167.490          -1.129          -6.530         -23.504          183.334
  162 (vir)          167.490          -1.129          -6.530         -23.504          183.335
  163 (vir)          167.490          -1.129          -6.530         -23.504          183.335
  164 (vir)          171.313          -1.020          -6.765         -24.411          187.939
  165 (vir)          171.313          -1.020          -6.765         -24.411          187.939
  166 (vir)          171.313          -1.021          -6.765         -24.411          187.938
  167 (vir)          172.711          -0.304          -3.922         -19.347          187.831
  168 (vir)          172.711          -0.304          -3.922         -19.347          187.832
  169 (vir)          172.711          -0.305          -3.922         -19.347          187.831
  170 (vir)          180.904          -0.596          -5.681         -22.515          197.142
  171 (vir)          180.904          -0.596          -5.681         -22.515          197.142
  172 (vir)          191.183          -0.716          -3.476         -18.511          205.502
  173 (vir)          191.183          -0.716          -3.476         -18.511          205.502
  174 (vir)          191.183          -0.716          -3.476         -18.511          205.502
  175 (vir)          193.232          -0.253          -3.053         -18.228          208.155
  176 (vir)          193.232          -0.253          -3.053         -18.228          208.154
  177 (vir)          193.232          -0.253          -3.053         -18.228          208.155
  178 (vir)          196.226           0.377          -2.075         -16.313          210.841
  179 (vir)          196.226           0.377          -2.075         -16.313          210.841
  180 (vir)          197.042           0.029          -3.939         -20.225          213.356
  181 (vir)          197.042           0.029          -3.939         -20.225          213.356
  182 (vir)          197.042           0.029          -3.939         -20.225          213.357
  183 (vir)          207.316          -0.422          -3.987         -19.322          222.229
  184 (vir)          246.330          -0.156          -6.130         -25.221          265.265
  185 (vir)          248.043          -0.360          -5.841         -25.227          267.069
  186 (vir)          248.043          -0.361          -5.841         -25.227          267.068
  187 (vir)          248.043          -0.360          -5.841         -25.227          267.069
  188 (vir)          303.425           0.655          -2.993         -22.012          323.098
  189 (vir)          303.983           0.595          -3.007         -22.046          323.618
  190 (vir)          303.983           0.593          -3.007         -22.046          323.616
  191 (vir)          303.983           0.596          -3.007         -22.046          323.619
  192 (vir)          304.238           1.018          -3.022         -22.077          324.311
  193 (vir)          304.238           1.024          -3.022         -22.077          324.317
  194 (vir)          304.238           1.017          -3.022         -22.077          324.310
  195 (vir)          304.249           1.062          -3.024         -22.081          324.366
  196 (vir)          304.249           1.061          -3.024         -22.081          324.366
  197 (vir)          304.394           0.602          -2.985         -22.002          324.014
  198 (vir)          304.394           0.600          -2.985         -22.002          324.012
  199 (vir)          304.394           0.601          -2.985         -22.002          324.013
  200 (vir)          304.421           0.888          -3.025         -22.082          324.367
  201 (vir)          304.421           0.886          -3.025         -22.082          324.365
  202 (vir)          304.421           0.891          -3.025         -22.082          324.370
  203 (vir)          307.382           0.328          -3.023         -22.111          326.797
  204 (vir)          309.622           0.186          -3.053         -22.213          328.967
  205 (vir)          309.622           0.186          -3.053         -22.213          328.967
  206 (vir)          309.622           0.186          -3.053         -22.213          328.967
  207 (vir)          311.491           0.489          -2.945         -22.086          331.121
  208 (vir)          311.491           0.489          -2.945         -22.086          331.121
  209 (vir)          311.491           0.489          -2.945         -22.086          331.121
  210 (vir)          313.223           0.300          -3.096         -22.421          332.848
  211 (vir)          313.223           0.300          -3.096         -22.421          332.848
  212 (vir)          319.346          -0.064          -3.210         -22.702          338.775
  213 (vir)          319.346          -0.064          -3.210         -22.702          338.775
  214 (vir)          319.346          -0.064          -3.210         -22.702          338.775
  215 (vir)          328.398           0.082          -3.100         -22.575          347.955
  216 (vir)          328.398           0.082          -3.100         -22.575          347.955
  217 (vir)          328.398           0.082          -3.100         -22.575          347.955
  218 (vir)          328.927           0.252          -2.928         -22.311          348.561
  219 (vir)          328.927           0.252          -2.928         -22.311          348.561
  220 (vir)          331.814           0.261          -3.019         -22.609          351.664
  221 (vir)          331.814           0.261          -3.019         -22.609          351.664
  222 (vir)          331.814           0.263          -3.019         -22.609          351.666
  223 (vir)          339.655          -0.227          -3.687         -23.870          359.610
  224 (vir)          389.416          -0.748          -4.685         -27.779          411.762
  225 (vir)          389.661          -0.750          -4.646         -27.718          411.982
  226 (vir)          389.661          -0.750          -4.646         -27.718          411.982
  227 (vir)          389.661          -0.750          -4.646         -27.718          411.982
  228 (vir)          389.732          -0.835          -4.749         -27.853          412.000
  229 (vir)          389.732          -0.836          -4.749         -27.853          412.000
  230 (vir)          389.732          -0.835          -4.749         -27.853          412.001
  231 (vir)          391.883          -0.875          -4.786         -27.883          414.105
  232 (vir)          395.136          -1.167          -8.267         -31.985          417.687
  233 (vir)          395.136          -1.167          -8.267         -31.985          417.687
  234 (vir)          395.136          -1.167          -8.267         -31.985          417.687
  235 (vir)          396.515          -0.706          -4.431         -27.388          418.766
  236 (vir)          396.515          -0.706          -4.431         -27.388          418.766
  237 (vir)          396.515          -0.706          -4.431         -27.388          418.766
  238 (vir)          398.822          -0.688          -4.354         -27.243          421.023
  239 (vir)          398.822          -0.688          -4.354         -27.243          421.023
  240 (vir)          404.912          -0.987          -4.752         -27.813          426.986
  241 (vir)          404.912          -0.987          -4.752         -27.813          426.986
  242 (vir)          404.912          -0.987          -4.752         -27.813          426.986
  243 (vir)          414.691          -1.004          -6.662         -29.961          436.986
  244 (vir)          417.665          -0.767          -4.306         -27.408          439.999
  245 (vir)          417.665          -0.767          -4.306         -27.408          439.999
  246 (vir)          418.315          -0.849          -4.422         -27.591          440.635
  247 (vir)          418.315          -0.849          -4.422         -27.591          440.635
  248 (vir)          418.315          -0.848          -4.422         -27.591          440.635
  249 (vir)          418.956          -0.652          -4.116         -26.995          441.182
  250 (vir)          418.956          -0.652          -4.116         -26.995          441.182
  251 (vir)          418.956          -0.652          -4.116         -26.995          441.182
  252 (vir)          424.516          -1.391          -5.812         -30.626          447.939
  253 (vir)          424.516          -1.391          -5.812         -30.626          447.939
  254 (vir)          425.490          -1.222          -5.404         -29.762          448.626
  255 (vir)          425.490          -1.222          -5.404         -29.762          448.626
  256 (vir)          425.490          -1.222          -5.404         -29.762          448.626
  257 (vir)          429.951          -1.301          -5.676         -30.330          453.305
  258 (vir)          429.951          -1.301          -5.676         -30.330          453.305
  259 (vir)          429.951          -1.301          -5.676         -30.330          453.305
  260 (vir)          433.473          -1.116          -5.355         -29.914          456.915
  261 (vir)          433.473          -1.116          -5.355         -29.914          456.915
  262 (vir)          433.473          -1.116          -5.355         -29.914          456.915
  263 (vir)          436.458          -1.130          -5.401         -30.137          460.063
  264 (vir)          436.458          -1.130          -5.401         -30.137          460.064
  265 (vir)          436.458          -1.130          -5.401         -30.137          460.064
  266 (vir)          439.481          -0.997          -5.102         -29.413          462.795
  267 (vir)          439.481          -0.997          -5.102         -29.413          462.795
  268 (vir)          448.437          -1.419          -7.982         -32.549          471.585
  269 (vir)          449.372          -1.169          -6.713         -30.471          471.961
  270 (vir)          449.372          -1.169          -6.713         -30.471          471.961
  271 (vir)          449.372          -1.169          -6.713         -30.471          471.961
  272 (vir)          450.754          -1.460          -5.994         -30.828          474.127
  273 (vir)          450.754          -1.460          -5.994         -30.828          474.127
  274 (vir)          450.754          -1.460          -5.994         -30.828          474.127
  275 (vir)          452.203          -1.287          -6.380         -30.687          475.224
  276 (vir)          755.801          -1.106         -12.702         -45.693          787.685
  277 (vir)         1471.036          -0.395         -20.158         -67.378         1517.861
  278 (vir)         1471.036          -0.395         -20.158         -67.378         1517.861
  279 (vir)         1471.036          -0.395         -20.158         -67.378         1517.861
  280 (vir)         1488.585          -0.246         -19.978         -67.234         1535.595
  281 (vir)         3982.592          -0.433         -14.732         -94.471         4061.898
  282 (vir)         7742.219           0.627         -24.252        -138.428         7857.022
  283 (vir)         7742.219           0.627         -24.252        -138.428         7857.022
  284 (vir)         7742.219           0.627         -24.252        -138.428         7857.022
  285 (vir)         7764.226          -0.791         -24.184        -138.383         7877.633
