 
  kpoint:     0.0000    0.0000    0.0000
 
    n          ϵ_nk^DFT (eV)     Σ^c_nk (eV)     Σ^x_nk (eV)     v_n^xc (eV)   ϵ_nk^G0W0 (eV)
 
    1 (occ)        -1779.597           3.998        -243.574        -152.243        -1866.930
    2 (occ)        -1779.572           3.998        -243.571        -152.243        -1866.903
    3 (occ)        -1779.572           3.998        -243.571        -152.243        -1866.903
    4 (occ)        -1779.548           3.995        -243.568        -152.243        -1866.877
    5 (occ)        -1779.548           3.995        -243.568        -152.243        -1866.877
    6 (occ)         -137.474           7.944         -75.674         -47.132         -158.072
    7 (occ)         -137.452           7.929         -75.673         -47.132         -158.065
    8 (occ)         -137.452           7.929         -75.673         -47.132         -158.064
    9 (occ)         -137.435           7.849         -75.671         -47.132         -158.124
   10 (occ)         -137.434           7.849         -75.671         -47.132         -158.124
   11 (occ)          -94.205           7.165         -67.592         -47.166         -107.466
   12 (occ)          -94.191           7.192         -67.606         -47.171         -107.435
   13 (occ)          -94.187           7.310         -67.614         -47.180         -107.311
   14 (occ)          -94.179           7.191         -67.600         -47.174         -107.414
   15 (occ)          -94.178           7.220         -67.605         -47.177         -107.386
   16 (occ)          -94.169           7.227         -67.612         -47.177         -107.377
   17 (occ)          -94.168           7.239         -67.613         -47.179         -107.363
   18 (occ)          -94.166           7.287         -67.614         -47.180         -107.313
   19 (occ)          -94.166           7.289         -67.614         -47.180         -107.310
   20 (occ)          -94.157           7.271         -67.614         -47.187         -107.314
   21 (occ)          -94.156           7.272         -67.614         -47.187         -107.312
   22 (occ)          -94.149           7.203         -67.615         -47.179         -107.382
   23 (occ)          -94.149           7.206         -67.615         -47.179         -107.379
   24 (occ)          -94.149           7.207         -67.615         -47.179         -107.377
   25 (occ)          -94.149           7.212         -67.615         -47.179         -107.373
   26 (occ)          -14.483           4.458         -19.048         -12.564          -16.510
   27 (occ)          -13.930           4.096         -18.963         -12.661          -16.136
   28 (occ)          -13.115           3.627         -18.803         -12.791          -15.500
   29 (occ)          -12.227           3.179         -18.555         -12.869          -14.734
   30 (occ)          -11.674           2.927         -18.194         -12.707          -14.234
   31 (occ)           -9.217           1.663         -16.090         -11.604          -12.040
   32 (occ)           -8.878           1.506         -16.250         -11.833          -11.788
   33 (occ)           -8.701           1.468         -16.152         -11.832          -11.552
   34 (occ)           -8.597           1.451         -16.353         -11.987          -11.512
   35 (occ)           -8.499           1.361         -16.440         -12.101          -11.476
   36 (occ)           -8.234           1.306         -16.504         -12.230          -11.202
   37 (occ)           -8.133           1.308         -16.420         -12.187          -11.059
   38 (occ)           -7.693           0.940         -15.651         -12.086          -10.318
   39 (occ)           -7.692           0.831         -15.097         -11.822          -10.136
   40 (occ)           -7.385           0.840         -15.644         -12.164          -10.025
   41 (occ)           -6.573           0.220         -14.847         -12.272           -8.929
   42 (vir)           -1.656          -2.362          -5.631          -9.804            0.156
   43 (vir)           -0.926          -2.508          -4.781          -9.196            0.981
   44 (vir)           -0.912          -2.129          -3.916          -7.842            0.885
   45 (vir)           -0.880          -2.039          -3.583          -7.394            0.892
   46 (vir)           -0.817          -2.453          -4.470          -8.864            1.124
   47 (vir)           -0.506          -2.314          -3.756          -8.012            1.437
   48 (vir)           -0.376          -1.810          -2.450          -6.050            1.414
   49 (vir)           -0.244          -2.189          -3.885          -7.926            1.609
   50 (vir)           -0.023          -1.948          -3.190          -6.889            1.728
   51 (vir)            0.143          -2.038          -3.323          -7.179            1.960
   52 (vir)            0.168          -2.160          -2.945          -7.012            2.075
   53 (vir)            0.270          -1.726          -2.539          -6.041            2.047
   54 (vir)            0.409          -2.190          -3.321          -7.341            2.239
   55 (vir)            0.911          -2.357          -3.605          -7.977            2.926
   56 (vir)            1.152          -2.071          -2.781          -6.708            3.008
   57 (vir)            1.179          -1.998          -2.389          -6.218            3.010
   58 (vir)            1.325          -1.541          -1.893          -5.028            2.919
   59 (vir)            1.589          -1.317          -1.463          -4.279            3.088
   60 (vir)            1.703          -1.347          -1.526          -4.371            3.201
   61 (vir)            1.868          -1.636          -2.070          -5.311            3.474
   62 (vir)            1.894          -1.327          -1.489          -4.382            3.460
   63 (vir)            2.189          -1.857          -2.618          -6.072            3.786
   64 (vir)            2.256          -1.223          -1.391          -4.155            3.797
   65 (vir)            2.341          -2.096          -2.872          -6.605            3.978
   66 (vir)            2.528          -1.940          -2.270          -6.027            4.346
   67 (vir)            2.634          -1.600          -1.796          -5.044            4.282
   68 (vir)            2.754          -1.934          -2.082          -5.808            4.546
   69 (vir)            3.246          -1.921          -2.438          -5.997            4.884
   70 (vir)            3.308          -1.658          -1.737          -5.081            4.994
   71 (vir)            3.444          -2.498          -3.125          -7.490            5.311
   72 (vir)            3.656          -2.027          -2.174          -6.042            5.497
   73 (vir)            3.860          -1.823          -2.181          -5.538            5.395
   74 (vir)            4.154          -2.259          -2.362          -6.239            5.772
   75 (vir)            4.676          -2.200          -1.906          -5.682            6.252
   76 (vir)            5.151          -1.490          -1.152          -4.221            6.728
   77 (vir)            5.224          -1.730          -1.503          -4.907            6.898
   78 (vir)            5.320          -2.836          -2.640          -7.145            6.989
   79 (vir)            5.536          -1.547          -1.141          -4.206            7.055
   80 (vir)            5.631          -1.751          -1.506          -4.904            7.278
   81 (vir)            5.680          -2.469          -1.746          -5.656            7.122
   82 (vir)            5.742          -1.693          -1.488          -4.826            7.387
   83 (vir)            5.883          -1.615          -1.075          -4.247            7.440
   84 (vir)            6.185          -1.627          -1.248          -4.531            7.841
   85 (vir)            6.313          -3.436          -2.676          -7.750            7.951
   86 (vir)            6.410          -2.702          -1.946          -6.247            8.008
   87 (vir)            6.418          -2.352          -2.252          -6.366            8.179
   88 (vir)            6.432          -2.435          -2.057          -6.209            8.150
   89 (vir)            6.435          -3.377          -2.245          -6.684            7.496
   90 (vir)            6.785          -1.743          -1.050          -4.409            8.402
   91 (vir)            6.904          -1.850          -1.771          -5.309            8.592
   92 (vir)            7.020          -1.979          -1.084          -4.723            8.681
   93 (vir)            7.137          -2.216          -1.658          -5.455            8.718
   94 (vir)            7.270          -3.109          -2.276          -7.226            9.110
   95 (vir)            7.382          -2.148          -1.273          -4.985            8.946
   96 (vir)            7.393          -2.216          -1.630          -5.445            8.992
   97 (vir)            7.764          -2.143          -1.622          -5.229            9.227
   98 (vir)            8.229          -2.808          -2.058          -6.417            9.780
   99 (vir)            8.418          -3.278          -2.595          -7.394            9.939
  100 (vir)            8.647          -3.306          -2.605          -7.547           10.283
  101 (vir)            8.851          -3.571          -2.226          -7.221           10.275
  102 (vir)            8.986          -2.556          -1.932          -6.308           10.806
  103 (vir)            9.027          -2.994          -2.446          -7.251           10.837
  104 (vir)            9.243          -2.932          -1.387          -5.854           10.776
  105 (vir)            9.435          -3.287          -2.289          -6.918           10.776
  106 (vir)            9.853          -2.667          -2.258          -6.583           11.511
  107 (vir)           10.198          -2.638          -1.877          -6.057           11.739
  108 (vir)           11.117          -3.002          -1.954          -6.636           12.798
  109 (vir)           11.217          -2.664          -1.549          -6.351           13.354
  110 (vir)           11.645          -2.745          -1.322          -5.777           13.355
  111 (vir)           11.962          -2.750          -1.843          -6.629           13.997
  112 (vir)           12.066          -3.336          -2.750          -8.042           14.021
  113 (vir)           12.342          -2.913          -1.818          -6.760           14.371
  114 (vir)           12.472          -3.594          -1.992          -7.417           14.302
  115 (vir)           12.925          -3.188          -2.139          -7.515           15.114
  116 (vir)           13.328          -3.509          -2.149          -7.774           15.443
  117 (vir)           13.531          -3.898          -2.929          -9.147           15.851
  118 (vir)           13.618          -2.897          -1.897          -7.086           15.910
  119 (vir)           13.700          -3.216          -2.547          -8.057           15.994
  120 (vir)           13.927          -3.136          -2.176          -7.311           15.926
  121 (vir)           13.980          -4.022          -2.700          -8.390           15.648
  122 (vir)           13.986          -3.581          -2.863          -8.338           15.881
  123 (vir)           14.451          -3.667          -2.570          -8.115           16.329
  124 (vir)           14.612          -3.292          -2.094          -8.122           17.348
  125 (vir)           14.711          -2.384          -1.959          -7.449           17.816
  126 (vir)           14.957          -3.171          -1.993          -7.157           16.950
  127 (vir)           15.033          -3.933          -2.115          -7.971           16.956
  128 (vir)           15.117          -3.170          -2.224          -7.481           17.203
  129 (vir)           15.629          -3.700          -1.792          -7.444           17.580
  130 (vir)           15.658          -3.517          -1.926          -7.480           17.695
  131 (vir)           15.802          -3.786          -2.039          -8.031           18.008
  132 (vir)           15.895          -4.568          -2.090          -8.131           17.368
  133 (vir)           15.942          -3.390          -1.861          -7.375           18.067
  134 (vir)           15.962          -3.388          -1.559          -6.894           17.909
  135 (vir)           16.201          -3.464          -1.699          -7.437           18.475
  136 (vir)           16.502          -3.433          -1.579          -6.915           18.405
  137 (vir)           16.706          -3.805          -1.720          -7.600           18.782
  138 (vir)           16.923          -4.125          -1.753          -7.427           18.473
  139 (vir)           16.995          -3.706          -1.836          -7.641           19.095
  140 (vir)           17.056          -3.940          -1.581          -7.381           18.915
  141 (vir)           17.350          -3.563          -2.029          -8.056           19.814
  142 (vir)           17.358          -3.209          -1.643          -7.444           19.949
  143 (vir)           17.445          -3.610          -1.781          -7.587           19.641
  144 (vir)           17.545          -4.307          -1.800          -7.576           19.015
  145 (vir)           17.853          -3.922          -1.939          -7.996           19.987
  146 (vir)           17.876          -3.627          -2.029          -8.160           20.380
  147 (vir)           17.993          -3.753          -1.816          -7.699           20.124
  148 (vir)           18.310          -3.499          -1.795          -7.569           20.584
  149 (vir)           18.555          -2.557          -1.402          -6.851           21.446
  150 (vir)           18.787          -2.758          -1.889          -7.383           21.523
  151 (vir)           19.064          -3.986          -1.763          -7.862           21.177
  152 (vir)           19.068          -1.331          -2.629          -9.070           24.178
  153 (vir)           19.206          -3.264          -1.328          -6.692           21.306
  154 (vir)           19.216          -3.980          -1.923          -8.343           21.656
  155 (vir)           19.446          -0.032          -1.612          -7.495           25.297
  156 (vir)           19.486          -4.448          -2.124          -8.098           21.012
  157 (vir)           19.601          -3.918          -1.584          -7.361           21.459
  158 (vir)           19.763          -4.231          -2.643          -9.185           22.075
  159 (vir)           20.033          -2.951          -1.329          -6.694           22.447
  160 (vir)           20.456          -4.439          -2.860          -9.486           22.643
  161 (vir)           20.667          -5.832          -1.657          -7.608           20.787
  162 (vir)           21.151           0.137          -1.589          -7.135           26.834
  163 (vir)           21.186          -2.458          -0.925          -6.332           24.134
  164 (vir)           21.308          -3.095          -1.695          -7.435           23.954
  165 (vir)           21.346          -3.124          -1.162          -6.773           23.832
  166 (vir)           21.624          -1.213          -1.395          -7.024           26.039
  167 (vir)           21.736          -3.120          -1.381          -7.023           24.258
  168 (vir)           21.970          -3.370          -1.318          -6.937           24.220
  169 (vir)           22.227          -2.364          -1.210          -6.632           25.286
  170 (vir)           22.377          -3.032          -1.688          -7.496           25.153
  171 (vir)           22.697          -3.737          -1.851          -7.942           25.050
  172 (vir)           22.947          -3.569          -2.082          -8.063           25.358
  173 (vir)           23.170          -4.381          -1.535          -7.321           24.575
  174 (vir)           23.225          -2.876          -1.393          -7.146           26.102
  175 (vir)           23.545          -2.808          -0.905          -6.460           26.293
  176 (vir)           23.566          -2.598          -1.266          -7.078           26.780
  177 (vir)           23.593          -3.203          -1.413          -7.316           26.292
  178 (vir)           23.813          -1.118          -1.584          -7.513           28.625
  179 (vir)           23.947          -3.080          -1.539          -7.600           26.928
  180 (vir)           24.406          -3.654          -1.328          -6.998           26.422
  181 (vir)           24.643          -3.245          -1.592          -7.085           26.891
  182 (vir)           24.933          -3.257          -1.821          -7.698           27.552
  183 (vir)           25.170          -3.438          -1.285          -7.261           27.708
  184 (vir)           25.183          -3.444          -1.866          -7.978           27.850
  185 (vir)           25.615          -3.248          -1.885          -7.859           28.340
  186 (vir)           25.808          -1.073          -1.163          -7.109           30.681
  187 (vir)           25.911          -3.452          -2.131          -8.329           28.657
  188 (vir)           26.366          -3.090          -1.583          -7.614           29.308
  189 (vir)           26.522          -2.454          -1.014          -6.657           29.710
  190 (vir)           26.758          -1.709          -1.248          -7.190           30.991
  191 (vir)           26.834          -3.063          -1.652          -7.706           29.826
  192 (vir)           27.292          -2.417          -1.755          -8.170           31.290
  193 (vir)           27.377          -2.876          -1.337          -7.590           30.753
  194 (vir)           27.466          -3.394          -2.145          -8.431           30.358
  195 (vir)           27.659          -1.588          -1.470          -7.726           32.327
  196 (vir)           28.025          -3.031          -1.479          -7.966           31.480
  197 (vir)           28.288          -2.677          -1.869          -8.050           31.792
  198 (vir)           28.316          -2.721          -1.866          -8.445           32.174
  199 (vir)           28.525          -2.688          -2.077          -8.599           32.358
  200 (vir)           28.834          -1.363          -1.089          -7.339           33.720
  201 (vir)           29.456          -2.912          -1.403          -7.759           32.901
  202 (vir)           29.527          -1.729          -1.938          -8.934           34.793
  203 (vir)           29.679          -2.481          -1.753          -8.500           33.945
  204 (vir)           29.845          -2.140          -1.145          -6.855           33.415
  205 (vir)           30.113          -2.312          -1.192          -7.135           33.745
  206 (vir)           30.417          -3.436          -1.774          -8.484           33.691
  207 (vir)           30.436          -2.018          -1.576          -7.928           34.770
  208 (vir)           30.633          -3.482          -1.819          -8.571           33.903
  209 (vir)           31.229          -2.517          -1.942          -8.710           35.481
  210 (vir)           31.380          -3.115          -1.936          -9.058           35.387
  211 (vir)           31.465           1.293          -2.061          -9.116           39.814
  212 (vir)           31.793          -2.188          -1.836          -8.565           36.335
  213 (vir)           31.846          -2.780          -1.940          -8.742           35.868
  214 (vir)           32.088          -2.449          -1.373          -7.713           35.979
  215 (vir)           32.435          -2.642          -1.973          -8.732           36.553
  216 (vir)           32.538          -3.335          -2.665         -10.057           36.595
  217 (vir)           32.595          -4.484          -2.549         -10.074           35.636
  218 (vir)           32.799          -2.813          -2.659         -10.110           37.436
  219 (vir)           33.142          -5.343          -1.713          -8.321           34.406
  220 (vir)           33.746          -2.911          -2.081          -9.058           37.812
  221 (vir)           33.748          -3.108          -2.476          -9.915           38.079
  222 (vir)           33.919          -2.662          -2.045          -9.082           38.295
  223 (vir)           34.270          -3.493          -2.122          -9.490           38.144
  224 (vir)           34.387          -2.665          -1.880          -8.705           38.548
  225 (vir)           34.594          -1.925          -1.337          -8.046           39.378
  226 (vir)           34.710          -0.715          -1.684          -8.530           40.840
  227 (vir)           34.999          -0.683          -1.589          -8.256           40.983
  228 (vir)           35.020          -1.888          -1.690          -8.601           40.044
  229 (vir)           35.336          -1.370          -1.444          -8.073           40.594
  230 (vir)           35.534          -1.232          -1.484          -8.296           41.115
  231 (vir)           36.011          -1.364          -1.439          -8.359           41.567
  232 (vir)           36.508          -1.373          -1.529          -8.263           41.869
  233 (vir)           37.328          -0.344          -1.258          -8.215           43.940
  234 (vir)           38.015           0.044          -1.315          -8.318           45.062
  235 (vir)           38.196          -1.312          -1.848          -8.910           43.947
  236 (vir)           38.369          -0.851          -1.356          -8.227           44.389
  237 (vir)           38.418          -0.797          -1.323          -8.210           44.508
  238 (vir)           39.452          -0.722          -2.039          -9.185           45.876
  239 (vir)           40.552          -0.936          -2.027          -9.209           46.799
  240 (vir)           41.314          -0.571          -2.322         -10.025           48.446
  241 (vir)           42.331          -1.158          -2.256          -9.616           48.533
  242 (vir)           43.539          -4.543          -2.715         -11.752           48.033
  243 (vir)           44.115          -2.096          -2.242         -10.920           50.697
  244 (vir)           44.209          -0.523          -2.133         -10.639           52.193
  245 (vir)           44.238          -0.648          -2.181         -10.493           51.902
  246 (vir)           44.506           0.775          -1.965         -10.582           53.898
  247 (vir)           44.729          -2.289          -2.129         -10.768           51.080
  248 (vir)           44.835          -1.401          -1.913         -10.498           52.020
  249 (vir)           45.117          -2.264          -2.888         -11.870           51.835
  250 (vir)           45.381          -0.803          -2.147          -9.926           52.357
  251 (vir)           45.631          -3.403          -2.955         -11.978           51.251
  252 (vir)           45.682          -2.900          -2.987         -12.166           51.961
  253 (vir)           45.711          -1.349          -2.306         -10.870           52.926
  254 (vir)           45.954          -2.862          -2.324         -10.953           51.721
  255 (vir)           46.230          -1.623          -2.566         -11.410           53.450
  256 (vir)           46.500          -1.550          -2.023         -10.633           53.560
  257 (vir)           46.887          -0.137          -2.283         -11.061           55.528
  258 (vir)           47.061          -6.338          -2.136         -10.756           49.344
  259 (vir)           47.261          -2.290          -2.660         -11.424           53.735
  260 (vir)           47.744          -1.038          -2.664         -11.661           55.703
  261 (vir)           48.310           0.792          -2.098         -10.837           57.841
  262 (vir)           48.455          -3.476          -2.157         -10.889           53.711
  263 (vir)           49.165           0.983          -2.438         -11.123           58.833
  264 (vir)           49.215           0.071          -2.250         -10.805           57.841
  265 (vir)           49.268          -0.845          -2.419         -11.138           57.143
  266 (vir)           49.419          -0.556          -2.463         -11.106           57.507
  267 (vir)           49.554          -0.326          -2.256         -10.825           57.798
  268 (vir)           50.212           0.515          -2.314         -11.184           59.597
  269 (vir)           50.285          -0.196          -2.398         -11.239           58.931
  270 (vir)           50.692          -0.253          -2.212         -11.024           59.251
  271 (vir)           50.855          -0.652          -2.143         -10.969           59.029
  272 (vir)           51.308          -2.556          -2.120         -11.024           57.657
  273 (vir)           51.309           0.592          -2.095         -10.882           60.689
  274 (vir)           51.748          -0.355          -1.483          -9.928           59.838
  275 (vir)           51.821          -4.401          -1.504          -9.924           55.839
  276 (vir)           51.968           0.002          -2.057         -10.852           60.765
  277 (vir)           52.009          -0.490          -1.855         -10.601           60.265
  278 (vir)           52.395          -1.353          -2.009         -10.759           59.792
  279 (vir)           53.393           0.227          -1.680         -10.242           62.183
  280 (vir)           53.523          -0.214          -1.899         -10.666           62.075
  281 (vir)           53.794          -1.199          -1.417          -9.795           60.974
  282 (vir)           54.274           0.466          -1.534          -9.861           63.068
  283 (vir)           54.404           1.198          -2.027         -10.765           64.340
  284 (vir)           54.723           0.289          -1.725         -10.327           63.615
  285 (vir)           55.015          -0.187          -1.528          -9.847           63.148
  286 (vir)           55.112           0.515          -1.318          -9.532           63.842
  287 (vir)           55.311           0.539          -1.406          -9.633           64.078
  288 (vir)           55.352          -0.215          -1.902         -10.531           63.766
  289 (vir)           55.438           0.178          -1.631          -9.966           63.951
  290 (vir)           55.704          -1.242          -1.157          -9.320           62.624
  291 (vir)           55.822           0.195          -1.544         -10.010           64.483
  292 (vir)           56.336          -0.015          -1.837         -10.554           65.038
  293 (vir)           56.493          -0.566          -1.279          -9.689           64.337
  294 (vir)           56.690           0.033          -1.438          -9.857           65.142
  295 (vir)           56.873           0.593          -1.685         -10.285           66.065
  296 (vir)           57.150           1.892          -1.650         -10.232           67.624
  297 (vir)           57.211           0.361          -1.645         -10.359           66.286
  298 (vir)           57.315          -0.690          -1.396         -10.133           65.363
  299 (vir)           57.509           2.575          -1.147          -9.268           68.205
  300 (vir)           57.572          -0.761          -2.121         -10.754           65.443
  301 (vir)           57.934           0.349          -1.712         -10.280           66.850
  302 (vir)           58.012          -0.804          -1.247          -9.702           65.663
  303 (vir)           58.079          -0.594          -1.481         -10.016           66.020
  304 (vir)           58.307          -3.479          -1.434         -10.023           63.417
  305 (vir)           58.626           0.350          -1.584         -10.205           67.598
  306 (vir)           58.766           2.407          -1.388         -10.054           69.839
  307 (vir)           58.783           0.682          -1.361          -9.949           68.053
  308 (vir)           59.486           1.513          -1.193          -9.736           69.542
  309 (vir)           59.547          -0.212          -1.127          -9.392           67.600
  310 (vir)           59.685           0.636          -1.396         -10.004           68.929
  311 (vir)           59.715           0.051          -1.894         -10.870           68.742
  312 (vir)           59.873          -0.595          -1.343          -9.896           67.831
  313 (vir)           60.044          -0.103          -1.685         -10.441           68.697
  314 (vir)           60.172           3.631          -1.360         -10.110           72.554
  315 (vir)           60.212          -2.314          -1.373         -10.089           66.614
  316 (vir)           60.308           0.498          -1.900         -10.787           69.693
  317 (vir)           60.873           0.353          -1.315          -9.920           69.831
  318 (vir)           61.092           1.272          -1.241          -9.881           71.005
  319 (vir)           61.117           0.515          -1.490         -10.154           70.296
  320 (vir)           61.198           1.140          -2.022         -10.922           71.237
  321 (vir)           61.439           1.274          -1.568         -10.176           71.321
  322 (vir)           61.761           1.378          -1.234          -9.776           71.681
  323 (vir)           61.820           0.183          -1.235          -9.443           70.210
  324 (vir)           62.467           1.334          -1.051          -9.162           71.912
  325 (vir)           62.489           0.631          -1.603         -10.240           71.758
  326 (vir)           62.609           0.450          -1.120          -9.176           71.116
  327 (vir)           62.645          -0.703          -1.133          -9.401           70.209
  328 (vir)           62.825           0.160          -1.574         -10.147           71.557
  329 (vir)           63.195           0.120          -1.211          -9.577           71.681
  330 (vir)           63.279           1.539          -1.182          -9.634           73.270
  331 (vir)           63.407           0.228          -1.293          -9.472           71.815
  332 (vir)           63.409           0.505          -1.549         -10.319           72.684
  333 (vir)           63.517          -0.442          -1.396          -9.985           71.664
  334 (vir)           63.555           1.314          -1.168          -9.540           73.240
  335 (vir)           63.598          -0.030          -1.297          -9.764           72.036
  336 (vir)           64.137          -2.074          -2.067         -10.900           70.897
  337 (vir)           64.272           0.386          -1.532         -10.096           73.222
  338 (vir)           64.843          -0.218          -2.387         -11.631           73.868
  339 (vir)           64.991           0.419          -1.225          -9.755           73.940
  340 (vir)           65.193           0.519          -1.320          -9.763           74.155
  341 (vir)           65.348           0.313          -1.325          -9.736           74.072
  342 (vir)           65.384           0.775          -1.108          -9.358           74.409
  343 (vir)           65.761           0.186          -1.623         -10.300           74.625
  344 (vir)           66.092          -0.424          -1.292          -9.631           74.008
  345 (vir)           66.145           1.148          -1.391         -10.034           75.936
  346 (vir)           66.238           0.280          -1.779         -10.527           75.266
  347 (vir)           66.463           0.662          -2.111         -11.128           76.143
  348 (vir)           66.547          -5.278          -1.267         -10.118           70.120
  349 (vir)           66.781           0.520          -1.394         -10.186           76.093
  350 (vir)           66.976           0.463          -1.390          -9.864           75.914
  351 (vir)           67.896           0.281          -2.349         -11.462           77.290
  352 (vir)           67.963           0.271          -2.248         -11.451           77.438
  353 (vir)           68.235          -0.258          -1.245         -10.125           76.857
  354 (vir)           68.492           0.181          -2.701         -12.140           78.112
  355 (vir)           68.574           0.625          -2.368         -11.820           78.651
  356 (vir)           68.625           0.583          -1.138          -9.780           77.850
  357 (vir)           68.905           1.029          -1.157          -9.889           78.665
  358 (vir)           69.162           0.184          -1.206          -9.831           77.971
  359 (vir)           69.217           0.213          -1.705         -10.685           78.409
  360 (vir)           69.349           1.091          -1.033          -9.483           78.890
  361 (vir)           69.681           0.158          -1.358         -10.295           78.776
  362 (vir)           70.387           0.047          -2.440         -11.787           79.781
  363 (vir)           70.534           0.420          -1.899         -11.051           80.105
  364 (vir)           71.223           0.282          -1.763         -10.741           80.483
  365 (vir)           71.289           0.504          -1.380         -10.099           80.513
  366 (vir)           71.488           0.708          -1.113          -9.589           80.672
  367 (vir)           71.652           0.715          -1.200          -9.738           80.906
  368 (vir)           71.699           0.087          -2.487         -11.873           81.172
  369 (vir)           72.203           0.290          -1.790         -10.676           81.379
  370 (vir)           72.341           0.019          -2.040         -11.121           81.441
  371 (vir)           72.515           0.288          -1.557         -10.497           81.743
  372 (vir)           72.537           0.017          -2.507         -11.884           81.930
  373 (vir)           72.543          -0.030          -2.657         -12.122           81.978
  374 (vir)           72.576           0.025          -2.535         -11.899           81.965
  375 (vir)           73.125           0.066          -2.214         -11.547           82.523
  376 (vir)           73.145           0.086          -2.470         -11.901           82.662
  377 (vir)           73.346           0.612          -1.253          -9.865           82.569
  378 (vir)           73.463          -0.685          -3.362         -13.256           82.672
  379 (vir)           73.626           0.506          -2.021         -11.266           83.376
  380 (vir)           74.105           0.188          -2.350         -11.710           83.653
  381 (vir)           74.262           0.067          -2.023         -11.197           83.503
  382 (vir)           74.769           0.714          -1.367         -10.163           84.280
  383 (vir)           74.860           0.565          -2.187         -11.506           84.745
  384 (vir)           75.067           0.740          -1.476         -10.576           84.908
  385 (vir)           75.099           0.056          -1.713         -10.814           84.256
  386 (vir)           75.323           0.727          -1.348         -10.207           84.908
  387 (vir)           75.966          -0.204          -3.085         -13.083           85.761
  388 (vir)           76.567           0.409          -1.566         -10.587           85.997
  389 (vir)           77.383           0.592          -1.205         -10.058           86.827
  390 (vir)           77.470           0.342          -1.391         -10.413           86.834
  391 (vir)           77.778          -0.002          -2.602         -12.171           87.347
  392 (vir)           77.784           0.334          -1.576         -10.416           86.958
  393 (vir)           78.166           0.708          -1.166         -10.101           87.809
  394 (vir)           78.375           0.618          -1.344         -10.221           87.870
  395 (vir)           79.261           0.626          -1.041          -9.845           88.691
  396 (vir)           79.351           0.386          -2.353         -11.799           89.183
  397 (vir)           79.809           0.640          -1.169         -10.351           89.630
  398 (vir)           80.351           0.562          -1.180         -10.341           90.074
  399 (vir)           80.633           0.687          -1.486         -10.647           90.482
  400 (vir)           80.812           0.398          -1.181         -10.287           90.316
  401 (vir)           80.955           0.473          -1.740         -10.928           90.615
  402 (vir)           80.992           0.394          -1.821         -11.042           90.607
  403 (vir)           81.172           0.745          -1.481         -10.757           91.193
  404 (vir)           81.492           0.760          -1.283         -10.444           91.413
  405 (vir)           82.078           0.189          -1.350         -10.387           91.305
  406 (vir)           83.699           1.080          -0.888          -9.393           93.284
  407 (vir)           83.769           0.761          -0.934          -9.450           93.046
  408 (vir)           83.795           0.563          -1.053          -9.711           93.015
  409 (vir)           83.919           0.174          -0.885          -9.411           92.619
  410 (vir)           84.293          -0.903          -0.987          -9.653           92.057
  411 (vir)           84.539           0.423          -1.555         -10.415           93.821
  412 (vir)           84.895           0.608          -1.017          -9.848           94.334
  413 (vir)           85.078           0.749          -1.094         -10.157           94.890
  414 (vir)           86.002           0.317          -1.246         -10.381           95.454
  415 (vir)           86.281           0.778          -1.684         -11.056           96.431
  416 (vir)           87.189           0.610          -1.256         -10.418           96.961
  417 (vir)           87.358           0.657          -1.287         -10.441           97.169
  418 (vir)           87.573           0.521          -1.155         -10.010           96.949
  419 (vir)           87.584           0.454          -1.173         -10.475           97.340
  420 (vir)           88.271           0.471          -1.615         -11.226           98.352
  421 (vir)           88.294           0.334          -1.294         -10.690           98.024
  422 (vir)           89.553           0.231          -1.721         -10.854           98.917
  423 (vir)           89.670           0.157          -1.683         -10.887           99.030
  424 (vir)           89.682          -0.040          -1.149         -10.353           98.845
  425 (vir)           89.972           0.284          -1.586         -11.200           99.870
  426 (vir)           90.081           0.266          -1.599         -10.590           99.338
  427 (vir)           90.407           0.382          -1.325         -10.214           99.679
  428 (vir)           90.601           0.358          -1.548         -10.784          100.195
  429 (vir)           91.122           0.517          -1.471         -10.702          100.871
  430 (vir)           91.422           0.456          -1.214         -10.220          100.884
  431 (vir)           91.764           0.257          -1.354         -10.228          100.895
  432 (vir)           91.895           0.406          -1.379         -10.483          101.405
  433 (vir)           92.197           0.597          -1.054         -10.515          102.255
  434 (vir)           92.581           0.716          -1.081         -10.388          102.604
  435 (vir)           92.734           0.789          -1.127         -10.262          102.657
  436 (vir)           93.133           0.541          -1.229         -10.112          102.556
  437 (vir)           93.538           0.720          -1.153         -10.527          103.632
  438 (vir)           93.543           0.538          -1.242         -10.416          103.256
  439 (vir)           94.195           0.138          -1.927         -11.678          104.084
  440 (vir)           96.004           0.664          -1.171         -10.311          105.808
  441 (vir)           96.330           0.699          -1.131         -10.658          106.556
  442 (vir)           97.078           0.793          -1.074         -10.565          107.362
  443 (vir)           97.448           0.599          -1.301         -10.958          107.705
  444 (vir)           97.731          -0.154          -3.273         -13.966          108.270
  445 (vir)           99.033          -0.062          -3.528         -14.710          110.153
  446 (vir)           99.930          -0.097          -3.462         -14.589          110.960
  447 (vir)           99.968          -0.143          -3.382         -14.431          110.873
  448 (vir)          100.128          -0.056          -3.121         -13.730          110.681
  449 (vir)          100.140          -0.003          -3.312         -14.347          111.172
  450 (vir)          100.965          -0.125          -3.120         -14.052          111.773
  451 (vir)          101.200           0.019          -3.031         -13.778          111.967
  452 (vir)          102.493          -0.011          -3.006         -13.732          113.209
  453 (vir)          103.002          -0.191          -3.078         -13.794          113.527
  454 (vir)          103.114          -0.112          -3.069         -13.836          113.769
  455 (vir)          104.799          -0.174          -4.600         -16.791          116.815
  456 (vir)          107.747          -0.263          -4.738         -17.061          119.807
  457 (vir)          109.037          -0.791          -5.109         -17.711          120.848
  458 (vir)          110.298          -0.734          -5.310         -18.106          122.360
  459 (vir)          130.037          -1.196          -6.324         -19.739          142.257
  460 (vir)          130.595          -0.626          -6.240         -19.629          143.358
  461 (vir)          132.883           0.377          -6.527         -19.979          146.711
  462 (vir)          134.006          -0.012          -6.611         -19.893          147.277
  463 (vir)          137.166           0.879          -6.933         -20.212          151.324
  464 (vir)          143.193          -0.804          -7.311         -21.886          156.963
  465 (vir)          143.331          -0.483          -7.178         -21.718          157.388
  466 (vir)          143.405          -0.641          -7.173         -21.718          157.309
  467 (vir)          143.419          -0.341          -7.354         -21.900          157.624
  468 (vir)          144.695          -0.542          -7.586         -22.251          158.818
  469 (vir)          145.575          -0.297          -7.349         -21.933          159.863
  470 (vir)          145.984          -0.370          -7.366         -21.899          160.146
  471 (vir)          145.988          -0.207          -6.060         -20.779          160.500
  472 (vir)          146.158           0.196          -7.339         -22.096          161.112
  473 (vir)          146.350          -0.372          -7.046         -21.851          160.782
  474 (vir)          146.400          -0.697          -6.772         -21.550          160.480
  475 (vir)          148.403          -0.164          -6.121         -20.569          162.686
  476 (vir)          148.630           0.142          -5.912         -20.310          163.171
  477 (vir)          149.671          -0.888          -7.063         -21.501          163.222
  478 (vir)          149.696          -0.090          -6.056         -20.380          163.930
  479 (vir)          150.842          -0.149          -5.277         -19.277          164.694
  480 (vir)          151.097           0.076          -4.771         -18.550          164.952
  481 (vir)          151.314          -0.163          -6.030         -19.969          165.090
  482 (vir)          151.855          -0.262          -5.950         -19.755          165.397
  483 (vir)          154.125           0.014          -4.802         -18.073          167.410
  484 (vir)          154.175          -0.259          -6.556         -20.773          168.133
  485 (vir)          154.862           0.755          -0.682         -11.098          166.033
  486 (vir)          154.864           0.819          -0.682         -11.098          166.099
  487 (vir)          155.142           0.174          -4.809         -17.889          168.395
  488 (vir)          155.290           0.206          -4.342         -17.101          168.255
  489 (vir)          155.675           0.431          -2.011         -13.352          167.447
  490 (vir)          155.729           0.816          -0.813         -11.316          167.047
  491 (vir)          155.733           1.103          -0.769         -11.267          167.334
  492 (vir)          155.848           0.822          -0.725         -11.220          167.164
  493 (vir)          155.930           0.977          -0.701         -11.144          167.350
  494 (vir)          156.026           0.338          -2.630         -14.332          168.067
  495 (vir)          156.046           0.802          -1.091         -11.760          167.517
  496 (vir)          156.495           0.238          -3.728         -16.044          169.049
  497 (vir)          156.672           0.615          -1.460         -12.432          168.259
  498 (vir)          156.879           0.897          -0.953         -11.571          168.394
  499 (vir)          156.903           0.800          -0.924         -11.525          168.304
  500 (vir)          157.199           0.634          -1.095         -11.969          168.707
  501 (vir)          157.203           0.737          -0.887         -11.527          168.580
  502 (vir)          157.438           1.006          -0.935         -11.534          169.044
  503 (vir)          157.490           0.600          -1.355         -12.334          169.068
  504 (vir)          157.496           0.778          -1.089         -11.812          168.997
  505 (vir)          157.507           0.602          -1.244         -12.227          169.093
  506 (vir)          157.816           0.767          -1.031         -11.687          169.239
  507 (vir)          158.002           0.718          -1.295         -12.188          169.613
  508 (vir)          158.401           0.189          -2.961         -15.019          170.649
  509 (vir)          158.991           0.546          -2.396         -13.988          171.130
  510 (vir)          159.951           0.366          -2.540         -14.380          172.157
  511 (vir)          160.753           0.284          -2.705         -14.644          172.976
  512 (vir)          160.754           0.663          -3.000         -14.994          173.411
  513 (vir)          161.353           0.561          -0.953         -11.790          172.751
  514 (vir)          161.430           0.554          -0.907         -11.702          172.779
  515 (vir)          162.008           0.696          -0.842         -11.608          173.470
  516 (vir)          162.686           0.668          -1.018         -11.962          174.298
  517 (vir)          162.721           0.384          -2.543         -14.806          175.367
  518 (vir)          162.769           0.439          -2.406         -14.632          175.434
  519 (vir)          163.159           0.512          -1.189         -12.244          174.727
  520 (vir)          163.266           0.263          -2.481         -14.895          175.943
  521 (vir)          163.410           0.540          -1.641         -13.244          175.552
  522 (vir)          163.510           0.724          -1.323         -12.619          175.530
  523 (vir)          163.631           0.512          -2.000         -14.073          176.216
  524 (vir)          164.022           0.794          -0.957         -11.961          175.820
  525 (vir)          164.379           0.712          -1.320         -12.584          176.354
  526 (vir)          164.454           0.420          -1.426         -12.663          176.112
  527 (vir)          164.463           0.704          -1.469         -12.744          176.442
  528 (vir)          164.645           0.755          -1.655         -13.097          176.843
  529 (vir)          164.721           0.621          -1.671         -13.099          176.770
  530 (vir)          165.160           0.415          -2.058         -14.697          178.215
  531 (vir)          165.609           0.204          -3.028         -16.015          178.800
  532 (vir)          165.686           0.566          -1.995         -13.688          177.944
  533 (vir)          165.849           0.225          -2.965         -15.958          179.066
  534 (vir)          166.334           0.386          -2.686         -15.612          179.646
  535 (vir)          166.386           0.352          -2.550         -15.343          179.530
  536 (vir)          166.418           0.405          -2.505         -15.252          179.570
  537 (vir)          166.702           0.417          -2.465         -15.365          180.019
  538 (vir)          166.743           0.453          -2.439         -15.444          180.201
  539 (vir)          168.010           0.706          -1.251         -12.471          179.937
  540 (vir)          168.123           0.943          -0.890         -11.843          180.019
  541 (vir)          168.359           0.790          -1.045         -12.119          180.223
  542 (vir)          169.775           0.739          -1.577         -13.100          182.036
  543 (vir)          169.827           0.748          -1.690         -13.250          182.136
  544 (vir)          170.309           0.590          -2.095         -13.950          182.754
  545 (vir)          171.802           0.680          -1.567         -13.122          184.037
  546 (vir)          171.848           0.698          -1.574         -13.136          184.108
  547 (vir)          172.109           0.641          -1.539         -13.066          184.277
  548 (vir)          172.165           0.729          -1.564         -13.108          184.437
  549 (vir)          174.570           0.381          -1.116         -12.758          186.593
  550 (vir)          174.632           0.422          -1.112         -12.759          186.702
  551 (vir)          174.677           0.463          -1.207         -12.911          186.844
  552 (vir)          174.771           0.288          -1.253         -13.013          186.819
  553 (vir)          177.020           0.351          -1.279         -13.121          189.213
  554 (vir)          177.077           0.252          -2.555         -15.047          189.821
  555 (vir)          177.286           0.537          -1.348         -13.298          189.773
  556 (vir)          177.357           0.071          -2.574         -15.097          189.950
  557 (vir)          177.926           0.419          -1.312         -13.246          190.280
  558 (vir)          178.148           0.483          -2.432         -14.899          191.097
  559 (vir)          178.601           0.423          -2.689         -15.287          191.622
  560 (vir)          178.746           0.365          -2.744         -15.393          191.760
  561 (vir)          180.090           0.485          -1.168         -13.062          192.469
  562 (vir)          180.448           0.375          -1.167         -13.054          192.711
  563 (vir)          180.949           0.265          -3.086         -15.824          193.951
  564 (vir)          181.361           0.333          -2.501         -14.988          194.182
  565 (vir)          181.438           0.366          -2.652         -15.191          194.343
  566 (vir)          181.675           0.463          -2.759         -15.311          194.690
  567 (vir)          181.696           0.306          -2.197         -14.444          194.249
  568 (vir)          181.725           0.148          -3.220         -16.128          194.781
  569 (vir)          181.869           0.592          -2.526         -14.988          194.923
  570 (vir)          182.154           0.522          -2.378         -14.722          195.019
  571 (vir)          182.267           0.836          -2.737         -15.397          195.764
  572 (vir)          182.568           0.869          -3.653         -16.798          196.583
  573 (vir)          185.340          -0.350          -3.292         -16.806          198.503
  574 (vir)          186.379           0.857          -3.232         -16.629          200.633
  575 (vir)          186.812           0.565          -2.833         -16.215          200.759
  576 (vir)          186.829           0.728          -2.950         -16.387          200.994
  577 (vir)          187.258           0.224          -3.205         -16.562          200.839
  578 (vir)          187.308           1.579          -3.090         -16.471          202.268
  579 (vir)          187.695           0.377          -3.150         -16.544          201.467
  580 (vir)          188.096           0.487          -2.807         -16.162          201.938
  581 (vir)          188.149           0.265          -3.297         -16.685          201.802
  582 (vir)          188.818           0.067          -3.466         -16.916          202.335
  583 (vir)          188.935           0.485          -2.764         -16.130          202.785
  584 (vir)          189.216           0.254          -3.167         -16.679          202.983
  585 (vir)          209.546           0.493          -1.111         -14.349          223.277
  586 (vir)          209.763           0.572          -1.088         -14.285          223.532
  587 (vir)          209.910           0.559          -1.073         -14.218          223.613
  588 (vir)          210.040           0.487          -1.086         -14.279          223.720
  589 (vir)          210.166           0.537          -1.074         -14.229          223.858
  590 (vir)          210.263           0.534          -1.106         -14.340          224.032
  591 (vir)          210.977           0.450          -1.100         -14.315          224.643
  592 (vir)          211.324           0.575          -1.041         -14.018          224.876
  593 (vir)          211.547           0.252          -1.087         -14.289          225.002
  594 (vir)          212.025           0.600          -1.095         -14.309          225.838
  595 (vir)          212.301           0.544          -1.011         -13.923          225.757
  596 (vir)          212.367           1.170          -1.081         -14.290          226.745
  597 (vir)          212.507           0.537          -1.073         -14.245          226.216
  598 (vir)          212.828           0.618          -1.007         -13.963          226.402
  599 (vir)          213.020           0.611          -0.995         -13.963          226.600
  600 (vir)          213.102           0.545          -1.009         -14.013          226.650
  601 (vir)          213.296           0.522          -1.104         -14.324          227.038
  602 (vir)          213.553           0.553          -1.017         -14.055          227.145
  603 (vir)          213.692           0.594          -0.963         -13.801          227.124
  604 (vir)          213.833           0.603          -0.867         -13.386          226.954
  605 (vir)          213.956           0.571          -1.024         -14.075          227.578
  606 (vir)          214.251           0.597          -0.910         -13.612          227.549
  607 (vir)          214.859           0.635          -0.961         -13.878          228.410
  608 (vir)          215.158           0.673          -0.969         -13.912          228.773
  609 (vir)          215.998           0.673          -0.959         -13.883          229.596
  610 (vir)          216.311           0.682          -0.980         -14.001          230.015
  611 (vir)          217.297           0.628          -0.871         -13.409          230.463
  612 (vir)          217.480           0.663          -0.870         -13.420          230.693
  613 (vir)          217.565           1.363          -0.891         -13.440          231.477
  614 (vir)          217.653           0.616          -0.910         -13.501          230.860
  615 (vir)          217.711           0.533          -0.894         -13.503          230.853
  616 (vir)          217.809           0.433          -0.897         -13.409          230.753
  617 (vir)          217.993           0.632          -0.896         -13.527          231.256
  618 (vir)          218.038           0.594          -0.868         -13.391          231.155
  619 (vir)          218.174           0.790          -0.847         -13.222          231.340
  620 (vir)          218.808           0.550          -0.856         -13.245          231.747
  621 (vir)          218.832           0.599          -0.926         -13.534          232.039
  622 (vir)          218.988           0.124          -0.838         -13.221          231.494
  623 (vir)          219.057           0.584          -0.832         -13.182          231.991
  624 (vir)          219.289           0.587          -0.821         -13.138          232.193
  625 (vir)          219.410           0.530          -0.832         -13.177          232.285
  626 (vir)          219.501           0.454          -0.830         -13.176          232.300
  627 (vir)          219.666           0.597          -0.819         -13.165          232.608
  628 (vir)          219.958           0.619          -0.813         -13.096          232.860
  629 (vir)          219.961           0.505          -0.813         -13.101          232.753
  630 (vir)          220.063           0.695          -0.823         -13.128          233.063
  631 (vir)          220.311           0.650          -0.816         -13.152          233.297
  632 (vir)          220.434           0.258          -0.947         -13.628          233.374
  633 (vir)          229.527           0.637          -0.792         -13.022          242.393
  634 (vir)          229.981           0.705          -0.800         -13.047          242.933
  635 (vir)          230.850           0.690          -0.815         -13.122          243.847
  636 (vir)          230.870           0.779          -0.804         -13.093          243.938
  637 (vir)          230.996           0.634          -0.817         -13.138          243.951
  638 (vir)          231.039           0.658          -0.811         -13.118          244.004
  639 (vir)          231.570           0.846          -0.806         -13.080          244.690
  640 (vir)          232.594           0.504          -0.831         -13.167          245.435
  641 (vir)          232.782           0.549          -0.830         -13.207          245.708
  642 (vir)          233.030           1.053          -0.806         -13.137          246.414
  643 (vir)          233.144           0.750          -0.812         -13.134          246.217
  644 (vir)          233.631           0.915          -0.798         -13.094          246.842
  645 (vir)          233.778           0.769          -0.838         -13.206          246.914
  646 (vir)          233.924           1.287          -0.817         -13.169          247.562
  647 (vir)          233.932           0.509          -0.791         -13.055          246.705
  648 (vir)          234.619           0.640          -0.778         -13.035          247.517
  649 (vir)          234.964           0.685          -0.804         -13.108          247.953
  650 (vir)          235.000           0.704          -0.823         -13.177          248.058
  651 (vir)          235.186           0.712          -0.821         -13.186          248.263
  652 (vir)          235.211           1.049          -0.813         -13.169          248.616
  653 (vir)          235.334           0.690          -0.813         -13.160          248.371
  654 (vir)          235.564           0.978          -0.786         -13.092          248.847
  655 (vir)          235.597           0.593          -0.777         -13.042          248.456
  656 (vir)          235.667           0.800          -0.781         -13.081          248.767
  657 (vir)          238.395           0.549          -1.053         -13.794          251.684
  658 (vir)          238.634           0.605          -1.055         -13.820          252.004
  659 (vir)          239.133           0.601          -0.971         -13.575          252.339
  660 (vir)          239.352           0.845          -0.989         -13.610          252.819
  661 (vir)          239.702           0.696          -1.078         -13.870          253.190
  662 (vir)          240.195           1.470          -1.217         -14.214          254.662
  663 (vir)          240.258           0.542          -1.140         -14.016          253.675
  664 (vir)          240.420           0.160          -0.949         -13.531          253.162
  665 (vir)          240.645           0.816          -0.850         -13.242          253.853
  666 (vir)          240.932           0.584          -0.834         -13.210          253.891
  667 (vir)          241.481           0.969          -0.987         -13.594          255.057
  668 (vir)          242.207           0.890          -1.028         -13.666          255.736
  669 (vir)          247.644           0.452          -1.756         -15.691          262.032
  670 (vir)          248.773           0.488          -1.731         -15.664          263.194
  671 (vir)          249.610           0.570          -1.743         -15.748          264.186
  672 (vir)          249.921           0.054          -1.754         -15.766          263.987
  673 (vir)          249.929           1.194          -1.818         -15.986          265.292
  674 (vir)          250.012           0.553          -1.789         -15.630          264.406
  675 (vir)          250.192           0.510          -1.755         -15.583          264.530
  676 (vir)          250.502           0.692          -1.677         -15.483          264.999
  677 (vir)          250.660           0.638          -1.683         -15.464          265.079
  678 (vir)          250.973           0.539          -1.649         -15.274          265.137
  679 (vir)          252.416           0.599          -1.566         -15.083          266.533
  680 (vir)          252.472           0.746          -1.568         -15.103          266.754
  681 (vir)          314.404          -7.410         -16.925         -42.720          332.790
  682 (vir)          315.333          -3.177         -16.908         -42.721          337.969
  683 (vir)          317.344          -2.655         -16.887         -42.716          340.519
  684 (vir)          321.446          -2.999         -16.809         -42.654          344.292
  685 (vir)          333.220          -2.441         -16.337         -42.041          356.482
  686 (vir)          333.327          -4.131         -16.346         -42.045          354.895
  687 (vir)          333.454          -3.338         -16.346         -42.046          355.816
  688 (vir)          333.501          -2.805         -16.345         -42.062          356.414
  689 (vir)          333.799          -2.649         -16.342         -42.045          356.852
  690 (vir)          333.951          -5.557         -16.360         -42.085          354.119
  691 (vir)          334.172          -2.430         -16.362         -42.100          357.480
  692 (vir)          335.421          -3.434         -16.542         -42.485          357.929
  693 (vir)          337.599          -2.512         -16.582         -42.595          361.100
  694 (vir)          338.569          -3.500         -16.688         -42.829          361.210
  695 (vir)          338.576          -2.910         -16.644         -42.729          361.752
  696 (vir)          447.749          -1.001         -15.505         -41.642          472.886
  697 (vir)          448.681          -1.023         -15.454         -41.580          473.783
  698 (vir)          450.986          -1.128         -15.373         -41.492          475.976
  699 (vir)          452.945          -1.271         -15.325         -41.454          477.803
  700 (vir)          453.268          -1.461         -15.344         -41.494          477.958
  701 (vir)         1569.528          -1.883         -27.598         -77.706         1617.753
  702 (vir)         1570.091          -1.881         -27.592         -77.702         1618.320
  703 (vir)         1571.799          -1.881         -27.573         -77.689         1620.034
  704 (vir)         1573.477          -1.881         -27.554         -77.677         1621.719
  705 (vir)         1573.912          -1.884         -27.548         -77.673         1622.153
  706 (vir)         8576.790          -1.940         -45.611        -177.242         8706.481
  707 (vir)         8577.763          -1.940         -45.608        -177.243         8707.458
  708 (vir)         8580.538          -1.939         -45.601        -177.247         8710.245
  709 (vir)         8583.167          -1.939         -45.594        -177.251         8712.886
  710 (vir)         8583.686          -1.938         -45.593        -177.253         8713.407
