 
  kpoint:     0.0000    0.0000    0.0000
 
    n          ϵ_nk^DFT (eV)     Σ^c_nk (eV)     Σ^x_nk (eV)     v_n^xc (eV)   ϵ_nk^G0W0 (eV)
 
    1 (occ)         -383.191          -2.565        -114.769         -72.594         -427.930
    2 (occ)         -383.155          -3.335        -114.724         -72.616         -428.597
    3 (occ)          -28.205           4.119         -33.141         -21.799          -35.428
    4 (occ)          -13.440           3.058         -25.436         -18.130          -17.688
    5 (occ)          -11.592           0.051         -21.876         -17.067          -16.350
    6 (occ)          -11.592           0.051         -21.876         -17.067          -16.350
    7 (occ)          -10.200           1.800         -24.498         -18.003          -14.895
    8 (vir)           -1.894          -2.343          -9.295         -15.984            2.453
    9 (vir)           -1.894          -2.343          -9.295         -15.984            2.453
   10 (vir)            3.363          -0.680          -1.270          -4.042            5.454
   11 (vir)            4.308          -0.847          -1.482          -4.871            6.851
   12 (vir)            4.308          -0.847          -1.482          -4.871            6.851
   13 (vir)            5.496          -0.836          -1.659          -4.939            7.940
   14 (vir)            6.491          -1.403          -3.009          -7.511            9.590
   15 (vir)            7.317          -1.309          -1.654          -5.522            9.876
   16 (vir)            7.317          -1.309          -1.654          -5.522            9.876
   17 (vir)           13.175          -1.449          -2.200          -6.554           16.080
   18 (vir)           15.289          -1.804          -3.068          -9.045           19.462
   19 (vir)           15.289          -1.804          -3.068          -9.045           19.462
   20 (vir)           15.857          -3.324          -7.067         -14.601           20.067
   21 (vir)           22.030          -2.010          -3.042          -9.623           26.601
   22 (vir)           22.030          -2.010          -3.042          -9.623           26.601
   23 (vir)           24.186          -2.364          -3.327          -9.441           27.935
   24 (vir)           24.693          -2.366          -1.714          -8.242           28.856
   25 (vir)           24.693          -2.366          -1.714          -8.242           28.856
   26 (vir)           26.930          -3.428          -3.186         -10.964           31.279
   27 (vir)           26.930          -3.428          -3.186         -10.964           31.279
   28 (vir)           29.592          -3.814          -2.926         -10.747           33.598
   29 (vir)           29.592          -3.814          -2.926         -10.747           33.598
   30 (vir)           30.267          -3.880          -4.708         -12.982           34.661
   31 (vir)           34.216          -1.609          -0.895          -6.709           38.421
   32 (vir)           34.216          -1.609          -0.895          -6.709           38.421
   33 (vir)           34.376          -2.244          -1.793          -8.044           38.383
   34 (vir)           38.264          -2.592          -3.663         -11.114           43.123
   35 (vir)           51.828          -5.616          -5.259         -15.249           56.202
   36 (vir)           57.464           1.110          -2.028         -11.433           67.978
   37 (vir)           57.464           1.110          -2.028         -11.433           67.978
   38 (vir)           59.363          -2.505          -3.272         -13.280           66.866
   39 (vir)           59.363          -2.505          -3.272         -13.280           66.866
   40 (vir)           63.063          -3.285          -5.217         -16.418           70.979
   41 (vir)           63.063          -3.285          -5.217         -16.418           70.979
   42 (vir)           70.750          -2.856          -1.556         -11.228           77.566
   43 (vir)           70.750          -2.856          -1.556         -11.228           77.566
   44 (vir)           71.639          -1.182          -3.060         -14.253           81.651
   45 (vir)           71.639          -1.182          -3.060         -14.253           81.651
   46 (vir)           74.464          -2.678          -3.135         -14.347           82.997
   47 (vir)           74.464          -2.678          -3.135         -14.347           82.997
   48 (vir)           74.726          -2.064          -4.064         -15.373           83.971
   49 (vir)           76.881          -2.647          -2.457         -12.568           84.344
   50 (vir)           76.881          -2.647          -2.457         -12.568           84.344
   51 (vir)           82.333          -4.427          -2.935         -13.654           88.624
   52 (vir)           84.744          -4.945          -3.581         -13.293           89.510
   53 (vir)           87.209          -4.991          -4.158         -15.487           93.547
   54 (vir)           87.719          -2.317          -1.829         -12.423           95.996
   55 (vir)           87.719          -2.317          -1.829         -12.423           95.996
   56 (vir)           90.124          -1.945          -1.770         -12.473           98.883
   57 (vir)           90.124          -1.945          -1.770         -12.473           98.883
   58 (vir)           97.168          -1.771          -4.791         -18.463          109.069
   59 (vir)           97.168          -1.771          -4.791         -18.463          109.070
   60 (vir)           98.294          -7.300          -5.542         -19.634          105.086
   61 (vir)          102.345          -4.713          -6.183         -21.422          112.871
   62 (vir)          102.345          -4.713          -6.183         -21.422          112.871
   63 (vir)          131.015           3.418          -5.979         -22.226          150.680
   64 (vir)          135.757           0.447          -4.141         -19.166          151.229
   65 (vir)          135.757           0.447          -4.141         -19.166          151.229
   66 (vir)          167.074           0.149          -2.084         -16.342          181.480
   67 (vir)          167.074           0.149          -2.084         -16.342          181.480
   68 (vir)          175.380           4.803          -1.692         -15.539          194.030
   69 (vir)          175.380           4.803          -1.692         -15.539          194.030
   70 (vir)          176.798           2.286          -2.634         -17.820          194.271
   71 (vir)          176.799           2.286          -2.634         -17.819          194.271
   72 (vir)          179.804           3.667          -4.431         -20.463          199.504
   73 (vir)          186.130           4.294          -1.558         -15.551          204.417
   74 (vir)          186.131           4.294          -1.558         -15.551          204.417
   75 (vir)          188.122          -0.102          -3.488         -19.652          204.184
   76 (vir)          188.122          -0.102          -3.488         -19.652          204.184
   77 (vir)          190.046           6.567          -4.138         -20.712          213.187
   78 (vir)          206.473           1.062          -2.087         -17.179          222.627
   79 (vir)          206.473           1.062          -2.087         -17.179          222.627
   80 (vir)          208.449           2.261          -1.633         -16.370          225.447
   81 (vir)          208.449           2.261          -1.633         -16.370          225.447
   82 (vir)          221.195           0.975          -2.377         -18.845          238.640
   83 (vir)          221.195           0.975          -2.377         -18.845          238.640
   84 (vir)          223.373          -0.178          -2.147         -17.851          238.899
   85 (vir)          223.374          -0.178          -2.147         -17.851          238.899
   86 (vir)          226.129           1.917          -2.988         -19.666          244.724
   87 (vir)          226.490           0.484          -2.285         -18.724          243.413
   88 (vir)          226.490           0.484          -2.285         -18.724          243.413
   89 (vir)          227.900           0.742          -2.370         -18.885          245.157
   90 (vir)          227.900           0.742          -2.370         -18.885          245.157
   91 (vir)          230.240           2.369          -1.972         -17.344          247.982
   92 (vir)          231.525           1.285          -2.714         -19.591          249.687
   93 (vir)          231.525           1.285          -2.714         -19.591          249.687
   94 (vir)          236.832          -1.305          -3.089         -20.866          253.304
   95 (vir)          236.832          -1.305          -3.089         -20.865          253.304
   96 (vir)          238.365          -0.413          -2.802         -20.231          255.380
   97 (vir)          238.366          -0.413          -2.802         -20.230          255.380
   98 (vir)          258.212          -4.864          -3.152         -21.286          271.482
   99 (vir)          258.212          -4.864          -3.152         -21.286          271.482
  100 (vir)          260.417           3.772          -9.392         -28.428          283.225
  101 (vir)          261.198           3.781          -6.658         -25.295          283.616
  102 (vir)          265.450          -1.089          -2.118         -19.063          281.307
  103 (vir)          265.452          -1.089          -2.118         -19.062          281.307
  104 (vir)          267.526           3.588          -4.173         -22.608          289.549
  105 (vir)          268.199          -0.618          -2.643         -20.434          285.372
  106 (vir)          268.199          -0.619          -2.643         -20.434          285.372
  107 (vir)          304.024           2.736          -4.258         -24.250          326.753
  108 (vir)          338.225           1.241          -2.445         -21.050          358.070
  109 (vir)          338.225           1.241          -2.445         -21.050          358.070
  110 (vir)          399.995           2.234          -5.196         -25.610          422.644
  111 (vir)          981.364           1.184         -15.896         -54.546         1021.197
  112 (vir)         1031.682           1.225         -15.231         -53.918         1071.593
  113 (vir)         5301.523           1.249         -17.836        -110.645         5395.580
  114 (vir)         5357.386           1.308         -17.644        -110.506         5451.556
