 
  kpoint:     0.0000    0.0000    0.0000
 
    n          ϵ_nk^DFT (eV)     Σ^c_nk (eV)     Σ^x_nk (eV)     v_n^xc (eV)   ϵ_nk^G0W0 (eV)
 
    1 (occ)         -513.291          -2.016        -132.591         -83.728         -564.170
    2 (occ)         -273.395           2.564         -96.969         -61.503         -306.296
    3 (occ)          -27.219           5.283         -33.383         -21.804          -33.515
    4 (occ)          -14.213           3.798         -26.710         -19.259          -17.866
    5 (occ)          -10.650           0.935         -23.101         -17.943          -14.873
    6 (occ)          -10.650           0.935         -23.101         -17.943          -14.873
    7 (occ)           -9.314           1.078         -21.247         -15.909          -13.573
    8 (vir)           -3.325          -2.257          -8.608         -14.864            0.673
    9 (vir)           -3.325          -2.257          -8.608         -14.864            0.673
   10 (vir)            2.029          -0.847          -2.019          -5.259            4.421
   11 (vir)            3.184          -0.940          -1.025          -4.027            5.246
   12 (vir)            3.184          -0.940          -1.025          -4.027            5.246
   13 (vir)            3.234          -0.981          -1.760          -4.760            5.252
   14 (vir)            6.767          -1.120          -1.779          -5.529            9.396
   15 (vir)            7.844          -1.350          -1.863          -5.757           10.387
   16 (vir)            7.844          -1.350          -1.863          -5.757           10.387
   17 (vir)            8.223          -3.327          -7.752         -15.143           12.287
   18 (vir)           11.506          -1.519          -1.717          -6.773           15.043
   19 (vir)           11.506          -1.519          -1.717          -6.773           15.043
   20 (vir)           15.645          -1.430          -1.956          -7.342           19.601
   21 (vir)           15.645          -1.430          -1.956          -7.342           19.601
   22 (vir)           17.948          -1.956          -3.219          -8.426           21.199
   23 (vir)           18.962          -2.795          -1.899          -8.140           22.408
   24 (vir)           18.962          -2.795          -1.899          -8.140           22.408
   25 (vir)           19.285          -2.706          -2.941          -8.846           22.483
   26 (vir)           20.253          -2.322          -2.479          -8.255           23.707
   27 (vir)           27.559          -2.446          -3.167         -10.311           32.257
   28 (vir)           27.559          -2.446          -3.167         -10.311           32.257
   29 (vir)           33.034          -3.270          -3.932         -11.492           37.323
   30 (vir)           34.110          -3.012          -3.558         -11.132           38.672
   31 (vir)           34.110          -3.012          -3.558         -11.132           38.672
   32 (vir)           36.947          -3.226          -3.916         -12.567           42.373
   33 (vir)           36.947          -3.226          -3.916         -12.567           42.373
   34 (vir)           43.296          -1.231          -3.266         -12.011           50.811
   35 (vir)           43.443          -1.398          -1.146          -8.769           49.668
   36 (vir)           43.443          -1.398          -1.146          -8.769           49.668
   37 (vir)           46.598          -2.497          -2.325         -11.570           53.346
   38 (vir)           46.598          -2.497          -2.325         -11.570           53.346
   39 (vir)           49.009          -1.266          -1.457          -9.742           56.029
   40 (vir)           49.009          -1.266          -1.457          -9.742           56.029
   41 (vir)           49.674          -2.007          -2.194         -11.215           56.688
   42 (vir)           49.674          -2.007          -2.194         -11.215           56.688
   43 (vir)           49.719          -2.891          -3.086         -11.294           55.036
   44 (vir)           56.081          -2.548          -2.851         -11.749           62.431
   45 (vir)           61.079          -2.195          -1.982         -10.816           67.718
   46 (vir)           61.079          -2.195          -1.982         -10.816           67.718
   47 (vir)           61.840          -2.574          -3.141         -12.719           68.844
   48 (vir)           73.108          -2.626          -4.347         -17.009           83.144
   49 (vir)           73.108          -2.626          -4.347         -17.009           83.144
   50 (vir)           78.423          -2.812          -5.490         -17.720           87.841
   51 (vir)           81.466          -1.700          -2.347         -13.223           90.641
   52 (vir)           81.466          -1.700          -2.347         -13.223           90.641
   53 (vir)           89.498          -2.461          -3.062         -14.710           98.684
   54 (vir)           89.498          -2.461          -3.062         -14.710           98.684
   55 (vir)           94.813          -4.522          -5.470         -18.896          103.717
   56 (vir)           99.984          -3.178          -4.780         -17.887          109.913
   57 (vir)           99.984          -3.178          -4.780         -17.887          109.913
   58 (vir)          100.580          -3.118          -4.364         -17.321          110.419
   59 (vir)          100.580          -3.118          -4.364         -17.321          110.419
   60 (vir)          115.555          -3.577          -5.139         -19.451          126.290
   61 (vir)          115.759          -2.063          -2.335         -14.349          125.710
   62 (vir)          115.759          -2.063          -2.335         -14.349          125.710
   63 (vir)          121.664          -5.476          -3.723         -16.021          128.486
   64 (vir)          126.850           2.421          -1.002         -12.077          140.346
   65 (vir)          126.851           2.421          -1.002         -12.077          140.347
   66 (vir)          127.912           1.846          -6.825         -23.389          146.322
   67 (vir)          127.912           1.843          -6.825         -23.389          146.319
   68 (vir)          128.812           0.906          -1.273         -12.951          141.397
   69 (vir)          128.812           0.906          -1.273         -12.951          141.397
   70 (vir)          143.472           0.051          -1.614         -14.223          156.132
   71 (vir)          143.473           0.051          -1.614         -14.222          156.132
   72 (vir)          148.327          -1.251          -3.517         -18.042          161.600
   73 (vir)          150.638          -0.477          -3.694         -18.182          164.649
   74 (vir)          150.759          -0.579          -2.558         -16.479          164.101
   75 (vir)          150.759          -0.579          -2.558         -16.479          164.101
   76 (vir)          156.010           0.253          -1.438         -14.518          169.343
   77 (vir)          156.010           0.253          -1.438         -14.518          169.343
   78 (vir)          157.132          -1.215          -1.834         -15.653          169.736
   79 (vir)          157.136          -1.214          -1.834         -15.650          169.737
   80 (vir)          158.445          -1.610          -1.690         -15.129          170.274
   81 (vir)          158.448          -1.606          -1.690         -15.125          170.278
   82 (vir)          162.878           0.067          -1.981         -15.862          176.825
   83 (vir)          162.878           0.067          -1.981         -15.862          176.825
   84 (vir)          169.648           0.432          -4.878         -20.259          185.461
   85 (vir)          188.749           1.201          -4.756         -19.689          204.882
   86 (vir)          190.241          -0.922          -2.488         -17.532          204.363
   87 (vir)          190.241          -0.922          -2.488         -17.532          204.363
   88 (vir)          235.626           1.868          -2.228         -18.575          253.842
   89 (vir)          235.626           1.868          -2.228         -18.575          253.842
   90 (vir)          238.751           0.045          -2.291         -18.817          255.322
   91 (vir)          238.751           0.045          -2.291         -18.817          255.322
   92 (vir)          239.804           3.703          -4.849         -22.955          261.612
   93 (vir)          254.004           0.855          -2.353         -19.284          271.790
   94 (vir)          254.007           0.855          -2.353         -19.281          271.789
   95 (vir)          264.551           2.745          -3.127         -20.795          284.963
   96 (vir)          268.792           1.515          -2.811         -20.556          288.052
   97 (vir)          268.792           1.515          -2.811         -20.556          288.052
   98 (vir)          291.590           2.116          -3.355         -22.879          313.231
   99 (vir)          291.590           2.116          -3.355         -22.879          313.231
  100 (vir)          299.936           7.448          -3.250         -22.707          326.841
  101 (vir)          299.937           7.448          -3.250         -22.706          326.841
  102 (vir)          309.562           7.717          -4.521         -24.607          337.364
  103 (vir)          313.268           6.911          -3.139         -22.595          339.635
  104 (vir)          313.268           6.911          -3.139         -22.595          339.635
  105 (vir)          319.061          10.247          -4.273         -25.418          350.453
  106 (vir)          319.061          10.246          -4.273         -25.418          350.451
  107 (vir)          340.726          -1.373          -3.835         -24.735          360.253
  108 (vir)          340.726          -1.373          -3.835         -24.735          360.253
  109 (vir)          364.663           3.588          -8.432         -30.450          390.268
  110 (vir)          370.998           1.943          -5.708         -27.243          394.476
  111 (vir)          735.061           0.937         -13.293         -46.200          768.905
  112 (vir)         1287.127           1.333         -18.146         -62.294         1332.608
  113 (vir)         3962.587           1.223         -14.992         -94.778         4043.595
  114 (vir)         6853.123           1.084         -20.683        -126.406         6959.930
