 
  kpoint:     0.0000    0.0000    0.0000
 
    n          ϵ_nk^DFT (eV)     Σ^c_nk (eV)     Σ^x_nk (eV)     v_n^xc (eV)   ϵ_nk^G0W0 (eV)
 
    1 (occ)         -383.191          -1.081        -114.769         -72.594         -426.445
    2 (occ)         -383.155          -1.544        -114.724         -72.616         -426.807
    3 (occ)          -28.205           5.380         -33.141         -21.799          -34.167
    4 (occ)          -13.440           3.004         -25.436         -18.130          -17.742
    5 (occ)          -11.592           0.071         -21.876         -17.067          -16.330
    6 (occ)          -11.592           0.071         -21.876         -17.067          -16.330
    7 (occ)          -10.200           1.831         -24.498         -18.003          -14.864
    8 (vir)           -1.894          -2.357          -9.295         -15.984            2.439
    9 (vir)           -1.894          -2.357          -9.295         -15.984            2.439
   10 (vir)            3.363          -0.681          -1.270          -4.042            5.454
   11 (vir)            4.308          -0.842          -1.482          -4.871            6.855
   12 (vir)            4.308          -0.842          -1.482          -4.871            6.855
   13 (vir)            5.496          -0.840          -1.659          -4.939            7.936
   14 (vir)            6.491          -1.389          -3.009          -7.511            9.604
   15 (vir)            7.317          -1.301          -1.654          -5.522            9.883
   16 (vir)            7.317          -1.301          -1.654          -5.522            9.883
   17 (vir)           13.175          -1.571          -2.200          -6.554           15.958
   18 (vir)           15.289          -1.767          -3.068          -9.045           19.499
   19 (vir)           15.289          -1.767          -3.068          -9.045           19.499
   20 (vir)           15.857          -3.519          -7.067         -14.601           19.872
   21 (vir)           22.030          -1.763          -3.042          -9.623           26.848
   22 (vir)           22.030          -1.763          -3.042          -9.623           26.848
   23 (vir)           24.186          -2.305          -3.327          -9.441           27.995
   24 (vir)           24.693          -1.577          -1.714          -8.242           29.644
   25 (vir)           24.693          -1.577          -1.714          -8.242           29.644
   26 (vir)           26.930          -3.191          -3.186         -10.964           31.516
   27 (vir)           26.930          -3.191          -3.186         -10.964           31.516
   28 (vir)           29.592          -2.923          -2.926         -10.747           34.489
   29 (vir)           29.592          -2.923          -2.926         -10.747           34.489
   30 (vir)           30.267          -4.588          -4.708         -12.982           33.953
   31 (vir)           34.216          -1.491          -0.895          -6.709           38.539
   32 (vir)           34.216          -1.491          -0.895          -6.709           38.539
   33 (vir)           34.376          -2.202          -1.793          -8.044           38.424
   34 (vir)           38.264          -7.958          -3.663         -11.114           37.757
   35 (vir)           51.828           3.212          -5.259         -15.249           65.030
   36 (vir)           57.464          -3.319          -2.028         -11.433           63.550
   37 (vir)           57.464          -3.319          -2.028         -11.433           63.550
   38 (vir)           59.363          -1.942          -3.272         -13.280           67.430
   39 (vir)           59.363          -1.942          -3.272         -13.280           67.430
   40 (vir)           63.063          -2.314          -5.217         -16.418           71.950
   41 (vir)           63.063          -2.314          -5.217         -16.418           71.950
   42 (vir)           70.750          -0.165          -1.556         -11.228           80.258
   43 (vir)           70.750          -0.165          -1.556         -11.228           80.258
   44 (vir)           71.639          -4.576          -3.060         -14.253           78.257
   45 (vir)           71.639          -4.576          -3.060         -14.253           78.257
   46 (vir)           74.464          -3.405          -3.135         -14.347           82.270
   47 (vir)           74.464          -3.405          -3.135         -14.347           82.270
   48 (vir)           74.726          -3.065          -4.064         -15.373           82.970
   49 (vir)           76.881          -1.201          -2.457         -12.568           85.790
   50 (vir)           76.881          -1.201          -2.457         -12.568           85.790
   51 (vir)           82.333          -3.435          -2.935         -13.654           89.617
   52 (vir)           84.744          -9.088          -3.581         -13.293           85.368
   53 (vir)           87.209           0.156          -4.158         -15.487           98.694
   54 (vir)           87.719          -2.726          -1.829         -12.423           95.588
   55 (vir)           87.719          -2.726          -1.829         -12.423           95.588
   56 (vir)           90.124          -2.453          -1.770         -12.473           98.375
   57 (vir)           90.124          -2.453          -1.770         -12.473           98.375
   58 (vir)           97.168          -2.930          -4.791         -18.463          107.910
   59 (vir)           97.168          -2.930          -4.791         -18.463          107.910
   60 (vir)           98.294          -5.500          -5.542         -19.634          106.886
   61 (vir)          102.345          -3.464          -6.183         -21.422          114.120
   62 (vir)          102.345          -3.464          -6.183         -21.422          114.120
   63 (vir)          131.015          11.113          -5.979         -22.226          158.375
   64 (vir)          135.757          -2.976          -4.141         -19.166          147.805
   65 (vir)          135.757          -2.976          -4.141         -19.166          147.805
   66 (vir)          167.074           3.045          -2.084         -16.342          184.377
   67 (vir)          167.074           3.045          -2.084         -16.342          184.377
   68 (vir)          175.380          -0.243          -1.692         -15.539          188.984
   69 (vir)          175.380          -0.243          -1.692         -15.539          188.984
   70 (vir)          176.798          -3.602          -2.634         -17.820          188.382
   71 (vir)          176.799          -3.602          -2.634         -17.819          188.383
   72 (vir)          179.804         -17.411          -4.431         -20.463          178.425
   73 (vir)          186.130           0.123          -1.558         -15.551          200.246
   74 (vir)          186.131           0.123          -1.558         -15.551          200.246
   75 (vir)          188.122          -3.352          -3.488         -19.652          200.934
   76 (vir)          188.122          -3.352          -3.488         -19.652          200.934
   77 (vir)          190.046           2.929          -4.138         -20.712          209.549
   78 (vir)          206.473          -8.604          -2.087         -17.179          212.961
   79 (vir)          206.473          -8.604          -2.087         -17.179          212.961
   80 (vir)          208.449           5.864          -1.633         -16.370          229.050
   81 (vir)          208.449           5.864          -1.633         -16.370          229.050
   82 (vir)          221.195           4.381          -2.377         -18.845          242.046
   83 (vir)          221.195           4.381          -2.377         -18.845          242.046
   84 (vir)          223.373           6.381          -2.147         -17.851          245.459
   85 (vir)          223.374           6.381          -2.147         -17.851          245.459
   86 (vir)          226.129           4.715          -2.988         -19.666          247.521
   87 (vir)          226.490           7.305          -2.285         -18.724          250.234
   88 (vir)          226.490           7.305          -2.285         -18.724          250.234
   89 (vir)          227.900           3.672          -2.370         -18.885          248.087
   90 (vir)          227.900           3.673          -2.370         -18.885          248.088
   91 (vir)          230.240           6.410          -1.972         -17.344          252.023
   92 (vir)          231.525         -13.079          -2.714         -19.591          235.323
   93 (vir)          231.525         -13.079          -2.714         -19.591          235.323
   94 (vir)          236.832           6.484          -3.089         -20.866          261.092
   95 (vir)          236.832           6.481          -3.089         -20.865          261.090
   96 (vir)          238.365          -1.669          -2.802         -20.231          254.124
   97 (vir)          238.366          -1.674          -2.802         -20.230          254.119
   98 (vir)          258.212           6.100          -3.152         -21.286          282.446
   99 (vir)          258.212           6.100          -3.152         -21.286          282.446
  100 (vir)          260.417           4.552          -9.392         -28.428          284.005
  101 (vir)          261.198           4.615          -6.658         -25.295          284.450
  102 (vir)          265.450           4.816          -2.118         -19.063          287.211
  103 (vir)          265.452           4.816          -2.118         -19.062          287.212
  104 (vir)          267.526           2.703          -4.173         -22.608          288.664
  105 (vir)          268.199           6.360          -2.643         -20.434          292.350
  106 (vir)          268.199           6.360          -2.643         -20.434          292.350
  107 (vir)          304.024           8.325          -4.258         -24.250          332.341
  108 (vir)          338.225           6.274          -2.445         -21.050          363.104
  109 (vir)          338.225           6.274          -2.445         -21.050          363.104
  110 (vir)          399.995           2.825          -5.196         -25.610          423.235
  111 (vir)          981.364           1.176         -15.896         -54.546         1021.189
  112 (vir)         1031.682           1.167         -15.231         -53.918         1071.535
  113 (vir)         5301.523           0.677         -17.836        -110.645         5395.008
  114 (vir)         5357.386           0.685         -17.644        -110.506         5450.933
