 
  kpoint:     0.0000    0.0000    0.0000
 
    n          ϵ_nk^DFT (eV)     Σ^c_nk (eV)     Σ^x_nk (eV)     v_n^xc (eV)   ϵ_nk^G0W0 (eV)
 
    1 (occ)         -508.390          -2.942        -132.578         -83.733         -560.177
    2 (occ)         -105.531           2.880         -61.933         -39.699         -124.884
    3 (occ)          -20.920           6.753         -33.338         -21.915          -25.590
    4 (occ)           -6.866           3.734         -24.934         -18.757           -9.308
    5 (occ)           -6.132           2.591         -22.096         -16.872           -8.766
    6 (occ)           -6.132           2.591         -22.096         -16.872           -8.766
    7 (vir)           -4.795          -1.485          -2.636          -6.434           -2.482
    8 (vir)           -0.551          -0.887          -3.184          -6.383            1.761
    9 (vir)           -0.551          -0.887          -3.184          -6.383            1.761
   10 (vir)            0.998          -0.454          -0.697          -2.599            2.446
   11 (vir)            1.325          -0.685          -0.473          -2.684            2.851
   12 (vir)            2.709          -0.767          -1.038          -3.858            4.761
   13 (vir)            2.709          -0.767          -1.038          -3.858            4.761
   14 (vir)            4.437          -0.550          -0.498          -3.260            6.648
   15 (vir)            4.437          -0.550          -0.498          -3.260            6.648
   16 (vir)            4.850          -0.641          -1.055          -3.658            6.813
   17 (vir)            5.626          -0.757          -1.607          -4.687            7.950
   18 (vir)            5.626          -0.757          -1.607          -4.687            7.950
   19 (vir)            7.573          -0.805          -1.896          -5.194           10.065
   20 (vir)           10.908          -1.054          -1.439          -5.084           13.500
   21 (vir)           11.221          -1.220          -1.775          -5.632           13.858
   22 (vir)           11.221          -1.220          -1.775          -5.632           13.858
   23 (vir)           13.112          -1.617          -1.325          -5.620           15.790
   24 (vir)           14.676          -1.676          -1.696          -7.163           18.467
   25 (vir)           14.676          -1.676          -1.696          -7.163           18.467
   26 (vir)           18.117          -2.502          -4.395         -11.175           22.396
   27 (vir)           23.287          -1.736          -2.107          -8.300           27.744
   28 (vir)           23.288          -1.736          -2.107          -8.300           27.744
   29 (vir)           23.360          -1.145          -1.579          -6.889           27.524
   30 (vir)           23.360          -1.145          -1.579          -6.889           27.524
   31 (vir)           24.612          -1.181          -1.090          -6.388           28.730
   32 (vir)           24.612          -1.181          -1.090          -6.388           28.730
   33 (vir)           25.795          -1.566          -2.713          -8.256           29.772
   34 (vir)           26.355          -0.921          -0.554          -5.826           30.705
   35 (vir)           26.355          -0.921          -0.554          -5.826           30.705
   36 (vir)           29.425          -1.316          -1.653          -6.734           33.189
   37 (vir)           31.630          -1.317          -2.125          -8.157           36.345
   38 (vir)           31.630          -1.317          -2.125          -8.157           36.345
   39 (vir)           35.961          -2.247          -3.656         -10.960           41.019
   40 (vir)           37.517          -2.008          -2.198          -9.225           42.535
   41 (vir)           37.517          -2.008          -2.198          -9.225           42.535
   42 (vir)           39.687          -3.466          -3.983         -12.578           44.816
   43 (vir)           39.687          -3.466          -3.983         -12.578           44.816
   44 (vir)           44.660          -2.659          -4.233         -13.497           51.264
   45 (vir)           50.044          -1.700          -2.129         -10.049           56.263
   46 (vir)           50.044          -1.700          -2.129         -10.049           56.263
   47 (vir)           60.793          -1.577          -3.136         -12.436           68.515
   48 (vir)           71.842          -0.859          -4.648         -14.640           80.976
   49 (vir)           85.181          -1.467          -2.529         -13.581           94.765
   50 (vir)           85.181          -1.467          -2.529         -13.581           94.765
   51 (vir)           89.380          -2.325          -3.001         -14.456           98.509
   52 (vir)           89.380          -2.325          -3.001         -14.456           98.509
   53 (vir)           91.985          -7.595          -6.090         -18.282           96.581
   54 (vir)           92.618          -2.274          -3.958         -16.118          102.503
   55 (vir)           92.618          -2.274          -3.958         -16.118          102.503
   56 (vir)          105.537          -3.622          -4.782         -18.114          115.247
   57 (vir)          105.537          -3.622          -4.782         -18.114          115.247
   58 (vir)          107.446         -12.527          -5.596         -19.162          108.485
   59 (vir)          114.102          -4.128          -4.269         -17.596          123.301
   60 (vir)          114.102          -4.128          -4.269         -17.596          123.301
   61 (vir)          124.277          -5.990          -4.175         -17.899          132.012
   62 (vir)          136.069          -4.489          -7.722         -25.214          149.072
   63 (vir)          136.069          -4.489          -7.722         -25.214          149.072
   64 (vir)          146.454           2.392          -7.190         -24.534          166.190
   65 (vir)          238.680           2.318          -2.599         -19.405          257.804
   66 (vir)          238.680           2.318          -2.599         -19.405          257.804
   67 (vir)          239.068           2.462          -2.465         -19.142          258.207
   68 (vir)          239.068           2.462          -2.465         -19.142          258.207
   69 (vir)          239.325           2.054          -2.397         -18.981          257.963
   70 (vir)          239.325           2.054          -2.397         -18.981          257.963
   71 (vir)          239.676           1.564          -2.306         -18.762          257.696
   72 (vir)          239.676           1.564          -2.306         -18.762          257.696
   73 (vir)          243.301           0.839          -2.657         -19.622          261.106
   74 (vir)          282.304           1.776          -9.109         -31.861          306.832
   75 (vir)          282.304           1.776          -9.109         -31.861          306.832
   76 (vir)          295.448           6.407          -3.419         -23.033          321.469
   77 (vir)          295.448           6.407          -3.419         -23.033          321.469
   78 (vir)          298.425           7.408          -3.478         -23.198          325.553
   79 (vir)          298.425           7.408          -3.478         -23.198          325.553
   80 (vir)          305.872           6.124          -4.616         -24.963          332.342
   81 (vir)          305.953           5.472          -4.433         -24.852          331.844
   82 (vir)          305.953           5.472          -4.433         -24.852          331.844
   83 (vir)          307.577           0.101          -8.193         -29.555          329.040
   84 (vir)          324.252           0.662          -4.296         -25.481          346.099
   85 (vir)          324.252           0.664          -4.296         -25.480          346.101
   86 (vir)          330.910           3.931          -4.351         -25.545          356.035
   87 (vir)          330.910           3.931          -4.351         -25.545          356.035
   88 (vir)          333.382           1.616          -9.799         -32.590          357.789
   89 (vir)          334.398           6.582          -4.239         -25.397          362.138
   90 (vir)          363.277           2.108          -9.675         -32.264          387.974
   91 (vir)         1282.372           1.185         -18.244         -62.421         1327.733
   92 (vir)         1728.254           1.340          -9.630         -62.050         1782.014
   93 (vir)         6846.634           0.405         -20.699        -126.418         6952.758
