 
  kpoint:     0.0000    0.0000    0.0000
 
    n          ϵ_nk^DFT (eV)     Σ^c_nk (eV)     Σ^x_nk (eV)     v_n^xc (eV)   ϵ_nk^G0W0 (eV)
 
    1 (occ)         -269.267           3.919         -96.899         -61.538         -300.710
    2 (occ)         -269.263           3.936         -96.893         -61.540         -300.679
    3 (occ)         -269.262           3.923         -96.901         -61.537         -300.702
    4 (occ)         -269.259           3.933         -96.895         -61.540         -300.680
    5 (occ)         -269.244           3.934         -96.887         -61.550         -300.647
    6 (occ)         -269.241           3.952         -96.882         -61.552         -300.619
    7 (occ)         -269.238           3.959         -96.882         -61.552         -300.608
    8 (occ)         -269.237           3.969         -96.880         -61.552         -300.596
    9 (occ)          -20.762           6.958         -26.251         -16.725          -23.331
   10 (occ)          -19.354           6.286         -26.020         -16.974          -22.113
   11 (occ)          -19.333           6.282         -26.009         -16.968          -22.092
   12 (occ)          -17.221           5.365         -25.440         -17.129          -20.168
   13 (occ)          -16.242           4.683         -23.880         -16.298          -19.140
   14 (occ)          -13.904           3.669         -22.987         -16.277          -16.945
   15 (occ)          -13.859           3.653         -22.944         -16.250          -16.900
   16 (occ)          -12.446           3.010         -20.314         -14.390          -15.360
   17 (occ)          -11.128           2.415         -20.482         -14.972          -14.223
   18 (occ)          -11.108           2.410         -20.475         -14.975          -14.198
   19 (occ)          -11.014           2.427         -22.227         -16.887          -13.926
   20 (occ)          -10.979           2.468         -21.009         -15.206          -14.313
   21 (occ)          -10.425           2.303         -19.925         -14.725          -13.321
   22 (occ)           -8.766           1.559         -20.312         -15.664          -11.855
   23 (occ)           -8.723           1.544         -20.267         -15.643          -11.803
   24 (occ)           -7.915           1.253         -19.798         -15.373          -11.088
   25 (occ)           -7.596           1.233         -17.938         -13.926          -10.375
   26 (occ)           -6.695           0.468         -17.064         -13.893           -9.397
   27 (occ)           -6.689           0.459         -17.048         -13.886           -9.392
   28 (occ)           -5.293          -0.240         -16.195         -13.674           -8.054
   29 (vir)           -2.302          -2.649          -8.374         -13.382            0.057
   30 (vir)           -0.590          -2.888          -6.827         -11.903            1.598
   31 (vir)           -0.571          -2.887          -6.791         -11.862            1.613
   32 (vir)            0.136          -1.469          -2.257          -5.493            1.903
   33 (vir)            0.756          -1.585          -2.378          -5.718            2.511
   34 (vir)            0.761          -1.583          -2.368          -5.700            2.510
   35 (vir)            0.944          -3.768          -6.514         -12.415            3.077
   36 (vir)            1.157          -1.376          -1.809          -4.890            2.862
   37 (vir)            1.662          -1.426          -1.927          -4.976            3.285
   38 (vir)            1.814          -1.426          -1.896          -5.001            3.493
   39 (vir)            1.818          -1.413          -1.886          -4.989            3.508
   40 (vir)            2.455          -1.469          -1.963          -5.150            4.173
   41 (vir)            2.811          -1.530          -1.849          -5.093            4.525
   42 (vir)            2.847          -1.724          -2.145          -5.672            4.650
   43 (vir)            3.433          -1.528          -1.669          -4.884            5.120
   44 (vir)            3.441          -1.537          -1.681          -4.906            5.128
   45 (vir)            3.703          -1.755          -2.095          -5.603            5.457
   46 (vir)            3.882          -1.564          -1.512          -4.830            5.636
   47 (vir)            4.525          -1.387          -1.282          -4.286            6.142
   48 (vir)            4.536          -1.437          -1.406          -4.477            6.170
   49 (vir)            4.553          -3.375          -6.341         -12.081            6.919
   50 (vir)            4.765          -1.706          -1.818          -5.322            6.562
   51 (vir)            4.784          -1.707          -1.835          -5.358            6.600
   52 (vir)            5.162          -1.682          -1.683          -5.187            6.984
   53 (vir)            5.544          -1.375          -0.957          -3.880            7.091
   54 (vir)            6.199          -1.439          -1.180          -4.223            7.803
   55 (vir)            6.466          -2.640          -3.591          -8.220            8.456
   56 (vir)            6.487          -2.541          -3.161          -7.650            8.434
   57 (vir)            6.494          -2.511          -3.804          -8.305            8.484
   58 (vir)            6.626          -1.927          -2.330          -5.966            8.335
   59 (vir)            6.640          -1.981          -2.560          -6.309            8.409
   60 (vir)            6.899          -1.806          -1.403          -4.957            8.647
   61 (vir)            7.365          -2.034          -2.248          -6.188            9.271
   62 (vir)            7.457          -3.172          -4.198          -9.330            9.418
   63 (vir)            7.497          -3.147          -4.118          -9.214            9.445
   64 (vir)            7.563          -1.853          -1.981          -5.560            9.289
   65 (vir)            7.700          -2.323          -3.239          -7.301            9.440
   66 (vir)            8.061          -1.909          -2.108          -5.867            9.911
   67 (vir)            8.072          -1.881          -2.036          -5.747            9.902
   68 (vir)            8.424          -2.754          -3.265          -8.053           10.458
   69 (vir)            8.513          -1.841          -1.852          -5.444           10.264
   70 (vir)            8.919          -2.417          -2.845          -7.354           11.011
   71 (vir)            8.950          -2.328          -2.827          -7.321           11.116
   72 (vir)            9.714          -2.788          -2.933          -7.582           11.574
   73 (vir)           10.075          -1.516          -1.264          -4.519           11.814
   74 (vir)           10.365          -3.670          -4.697         -10.727           12.725
   75 (vir)           10.412          -2.946          -2.793          -7.983           12.656
   76 (vir)           10.601          -2.629          -3.282          -8.448           13.138
   77 (vir)           10.627          -3.602          -3.303          -8.487           12.209
   78 (vir)           11.417          -2.210          -1.632          -5.891           13.466
   79 (vir)           11.617          -2.041          -1.964          -5.862           13.473
   80 (vir)           11.626          -2.035          -1.983          -5.889           13.497
   81 (vir)           11.983          -2.294          -2.430          -6.653           13.913
   82 (vir)           12.009          -2.288          -2.492          -6.760           13.990
   83 (vir)           12.263          -2.683          -1.930          -6.626           14.275
   84 (vir)           12.316          -2.074          -1.858          -5.827           14.211
   85 (vir)           12.715          -3.296          -3.083          -8.543           14.880
   86 (vir)           12.751          -3.207          -3.147          -8.651           15.049
   87 (vir)           13.243          -4.574          -4.723         -11.478           15.424
   88 (vir)           13.371          -2.040          -1.762          -5.785           15.354
   89 (vir)           14.499          -2.841          -2.828          -7.982           16.812
   90 (vir)           14.903          -5.137          -5.006         -12.372           17.133
   91 (vir)           15.107          -3.440          -3.098          -8.908           17.477
   92 (vir)           15.633          -3.008          -2.375          -7.484           17.734
   93 (vir)           15.708          -3.114          -2.526          -7.986           18.053
   94 (vir)           15.734          -2.976          -2.514          -7.958           18.201
   95 (vir)           16.449          -2.986          -2.192          -7.387           18.658
   96 (vir)           16.609          -3.097          -2.519          -8.228           19.221
   97 (vir)           16.705          -3.050          -2.311          -7.617           18.961
   98 (vir)           16.734          -3.061          -2.333          -7.654           18.993
   99 (vir)           16.837          -3.159          -2.842          -7.993           18.829
  100 (vir)           17.239          -3.794          -2.677          -8.547           19.316
  101 (vir)           17.260          -3.776          -2.679          -8.547           19.353
  102 (vir)           18.044          -3.112          -2.483          -8.648           21.096
  103 (vir)           18.449          -3.231          -1.978          -7.340           20.580
  104 (vir)           18.462          -3.762          -2.252          -7.941           20.389
  105 (vir)           18.746          -4.122          -3.158          -9.543           21.009
  106 (vir)           18.790          -4.141          -3.171          -9.585           21.062
  107 (vir)           19.392          -3.430          -2.522          -9.109           22.548
  108 (vir)           19.909          -4.069          -2.109          -8.244           21.975
  109 (vir)           19.943          -4.332          -2.116          -8.253           21.749
  110 (vir)           20.317          -3.464          -1.690          -7.033           22.195
  111 (vir)           20.593          -3.313          -2.111          -7.487           22.656
  112 (vir)           20.619          -3.307          -2.102          -7.470           22.680
  113 (vir)           21.197          -3.391          -2.009          -7.766           23.562
  114 (vir)           21.228          -3.664          -2.002          -7.763           23.325
  115 (vir)           21.563          -3.568          -1.658          -7.471           23.808
  116 (vir)           21.669          -3.439          -1.558          -7.067           23.740
  117 (vir)           21.796          -4.065          -2.725          -8.996           24.003
  118 (vir)           22.201          -4.195          -2.327          -8.598           24.277
  119 (vir)           22.400          -4.182          -2.278          -8.514           24.453
  120 (vir)           22.426          -3.844          -2.265          -8.491           24.808
  121 (vir)           22.622          -3.236          -2.255          -8.002           25.133
  122 (vir)           22.651          -3.719          -2.004          -7.832           24.759
  123 (vir)           22.675          -3.761          -2.010          -7.838           24.743
  124 (vir)           22.824          -4.112          -1.949          -7.625           24.388
  125 (vir)           23.614          -4.445          -2.951          -9.664           25.882
  126 (vir)           23.893          -4.897          -2.563          -8.919           25.352
  127 (vir)           23.913          -4.019          -2.588          -8.979           26.285
  128 (vir)           23.983          -3.984          -2.262          -8.081           25.818
  129 (vir)           24.043          -3.015          -1.592          -7.354           26.790
  130 (vir)           24.101          -4.274          -2.455          -9.101           26.472
  131 (vir)           24.421          -3.654          -1.457          -7.125           26.437
  132 (vir)           24.439          -3.508          -1.415          -7.046           26.563
  133 (vir)           24.664          -2.937          -1.317          -6.872           27.282
  134 (vir)           24.915          -3.503          -1.885          -7.564           27.091
  135 (vir)           25.264          -3.241          -1.712          -7.314           27.625
  136 (vir)           25.309          -3.282          -1.713          -7.325           27.639
  137 (vir)           27.176          -3.916          -2.324          -9.039           29.975
  138 (vir)           27.251          -3.891          -2.273          -8.915           30.001
  139 (vir)           27.317          -4.955          -2.297          -9.044           29.108
  140 (vir)           27.482          -3.422          -1.896          -7.547           29.711
  141 (vir)           27.486          -3.376          -1.902          -7.549           29.757
  142 (vir)           27.614          -3.001          -1.315          -6.840           30.138
  143 (vir)           27.857          -3.518          -1.716          -7.358           29.982
  144 (vir)           28.115          -3.808          -1.810          -7.900           30.397
  145 (vir)           28.131          -3.999          -2.071          -8.279           30.339
  146 (vir)           28.141          -3.412          -1.629          -7.724           30.824
  147 (vir)           28.182          -4.029          -2.137          -8.427           30.444
  148 (vir)           29.191          -3.596          -1.809          -7.810           31.597
  149 (vir)           29.435          -3.215          -1.504          -7.354           32.070
  150 (vir)           29.991          -3.421          -1.351          -7.421           32.639
  151 (vir)           30.035          -3.455          -1.346          -7.415           32.649
  152 (vir)           30.939          -3.622          -1.291          -7.076           33.102
  153 (vir)           31.307          -3.243          -1.471          -7.435           34.028
  154 (vir)           31.842          -3.783          -1.714          -8.053           34.398
  155 (vir)           31.908          -3.930          -1.717          -8.065           34.326
  156 (vir)           32.309          -2.606          -1.604          -7.089           35.189
  157 (vir)           33.804          -3.411          -1.538          -8.027           36.882
  158 (vir)           33.824          -3.364          -1.569          -8.054           36.945
  159 (vir)           33.873          -3.712          -1.570          -8.096           36.686
  160 (vir)           34.401          -3.998          -2.399          -9.392           37.395
  161 (vir)           34.445          -4.077          -2.427          -9.459           37.399
  162 (vir)           35.375          -2.866          -1.582          -8.118           39.046
  163 (vir)           35.419          -2.901          -1.620          -8.240           39.138
  164 (vir)           35.563          -2.632          -0.847          -6.431           38.515
  165 (vir)           35.967          -2.707          -1.146          -7.051           39.166
  166 (vir)           35.986          -2.637          -1.150          -7.063           39.262
  167 (vir)           36.548          -2.827          -1.051          -7.035           39.704
  168 (vir)           37.646          -2.450          -1.602          -8.254           41.848
  169 (vir)           37.652          -3.617          -1.716          -8.535           40.854
  170 (vir)           37.690          -3.108          -1.595          -8.245           41.233
  171 (vir)           37.916          -3.549          -2.247          -9.830           41.950
  172 (vir)           38.536          -3.699          -2.262         -10.092           42.667
  173 (vir)           40.236          -3.638          -2.198          -9.691           44.090
  174 (vir)           40.273          -4.026          -2.279          -9.784           43.751
  175 (vir)           40.317          -3.762          -2.286          -9.803           44.073
  176 (vir)           41.038          -3.498          -2.013          -8.978           44.505
  177 (vir)           41.816          -3.105          -2.306          -9.772           46.177
  178 (vir)           41.831          -3.176          -2.289          -9.732           46.099
  179 (vir)           43.068          -2.626          -1.519          -7.939           46.862
  180 (vir)           43.226          -2.859          -2.140          -9.901           48.127
  181 (vir)           43.308          -3.150          -2.155          -9.956           47.959
  182 (vir)           44.070          -6.119          -3.002         -11.640           46.589
  183 (vir)           44.454          -2.682          -3.020         -11.629           50.382
  184 (vir)           44.714          -3.129          -2.079          -9.724           49.230
  185 (vir)           44.829          -2.576          -2.934         -11.700           51.020
  186 (vir)           45.421          -3.367          -2.636         -11.073           50.491
  187 (vir)           45.489          -2.872          -3.100         -11.883           51.401
  188 (vir)           46.498          -2.355          -2.232         -10.039           51.949
  189 (vir)           46.858          -3.563          -1.933          -9.459           50.821
  190 (vir)           47.360          -1.851          -2.819         -11.028           53.717
  191 (vir)           47.524          -2.078          -2.454         -10.764           53.756
  192 (vir)           47.552          -2.158          -2.445         -10.758           53.707
  193 (vir)           48.190          -2.724          -2.121         -10.088           53.432
  194 (vir)           48.212          -2.137          -2.080         -10.021           54.016
  195 (vir)           48.320          -2.113          -1.946          -9.757           54.018
  196 (vir)           49.354          -5.201          -2.170         -10.446           52.430
  197 (vir)           49.385          -2.042          -2.541         -11.125           55.927
  198 (vir)           49.442          -2.088          -2.531         -11.117           55.940
  199 (vir)           50.368          -1.783          -2.259         -10.579           56.905
  200 (vir)           50.410          -1.255          -2.266         -10.584           57.472
  201 (vir)           50.796          -0.741          -2.913         -12.038           59.179
  202 (vir)           51.151          -2.112          -2.353         -10.655           57.341
  203 (vir)           51.223          -2.727          -2.368         -10.707           56.836
  204 (vir)           51.299          -2.916          -2.452         -11.130           57.060
  205 (vir)           51.371          -2.670          -2.442         -11.232           57.490
  206 (vir)           51.845          -1.915          -2.371         -10.775           58.334
  207 (vir)           52.090          -1.701          -2.444         -11.000           58.944
  208 (vir)           52.172          -1.762          -2.418         -10.966           58.957
  209 (vir)           52.529          -1.281          -2.274         -10.876           59.851
  210 (vir)           52.875          -1.558          -2.145         -10.466           59.639
  211 (vir)           52.971          -1.539          -2.158         -10.511           59.785
  212 (vir)           53.396          -1.786          -2.269         -10.737           60.078
  213 (vir)           53.726          -1.729          -1.970         -10.096           60.123
  214 (vir)           54.925          -2.047          -2.418         -11.349           61.809
  215 (vir)           54.955          -1.427          -2.409         -11.327           62.446
  216 (vir)           55.290          -1.781          -1.902         -10.369           61.976
  217 (vir)           55.369          -1.631          -2.133         -11.037           62.641
  218 (vir)           55.475          -1.674          -2.128         -10.605           62.278
  219 (vir)           55.706          -1.076          -2.155         -10.756           63.231
  220 (vir)           55.794          -1.958          -2.162         -10.789           62.463
  221 (vir)           56.198          -1.742          -2.876         -12.023           63.603
  222 (vir)           56.414          -1.213          -1.469          -9.637           63.368
  223 (vir)           56.564          -1.021          -1.563          -9.881           63.861
  224 (vir)           56.706          -1.304          -1.751          -9.988           63.638
  225 (vir)           56.750          -1.042          -1.764         -10.008           63.952
  226 (vir)           57.347          -1.703          -1.963         -10.332           64.013
  227 (vir)           57.503          -1.975          -1.979         -10.420           63.968
  228 (vir)           57.564          -1.315          -2.029         -10.470           64.690
  229 (vir)           57.949          -0.678          -1.977         -10.911           66.204
  230 (vir)           57.978          -1.260          -2.116         -10.984           65.586
  231 (vir)           57.996          -1.318          -2.110         -11.015           65.583
  232 (vir)           58.696          -1.302          -1.839         -10.515           66.069
  233 (vir)           59.187          -1.120          -1.796         -10.339           66.610
  234 (vir)           59.529          -1.323          -2.205         -11.200           67.200
  235 (vir)           59.546          -1.177          -2.207         -11.198           67.360
  236 (vir)           60.883          -1.045          -2.093         -10.973           68.719
  237 (vir)           60.946          -1.717          -2.058         -10.915           68.085
  238 (vir)           61.000          -1.390          -1.951         -10.267           67.927
  239 (vir)           61.324          -1.582          -2.589         -12.161           69.314
  240 (vir)           61.826          -0.009          -2.179         -11.247           70.886
  241 (vir)           61.864          -0.891          -2.244         -11.348           70.077
  242 (vir)           62.009          -1.199          -2.044         -11.059           69.825
  243 (vir)           62.111          -1.436          -2.226         -11.294           69.743
  244 (vir)           62.248           0.178          -1.970         -11.048           71.503
  245 (vir)           62.467          -1.775          -1.627         -10.097           69.162
  246 (vir)           63.404          -0.724          -1.887         -10.305           71.098
  247 (vir)           63.484          -0.987          -1.709         -10.148           70.935
  248 (vir)           63.529          -0.967          -1.813         -10.271           71.020
  249 (vir)           63.594          -0.560          -1.979         -10.807           71.861
  250 (vir)           63.757          -0.469          -2.081         -11.019           72.227
  251 (vir)           63.781          -0.731          -2.070         -11.004           71.985
  252 (vir)           64.227          -0.653          -1.666          -9.912           71.820
  253 (vir)           64.670          -0.612          -2.038         -10.979           72.999
  254 (vir)           64.719          -0.602          -1.971         -10.851           72.997
  255 (vir)           64.925          -1.671          -2.286         -11.020           71.987
  256 (vir)           65.418          -0.715          -1.387          -9.732           73.048
  257 (vir)           66.016          -0.953          -2.292         -11.662           74.433
  258 (vir)           67.125          -0.947          -1.905         -10.925           75.198
  259 (vir)           67.290          -1.680          -1.865         -10.835           74.581
  260 (vir)           67.677          -0.863          -1.660         -10.306           75.460
  261 (vir)           67.943          -0.713          -1.371          -9.738           75.597
  262 (vir)           67.978          -1.800          -1.869         -10.697           75.006
  263 (vir)           68.430          -0.172          -1.884         -10.903           77.277
  264 (vir)           68.527          -0.923          -2.002         -11.046           76.649
  265 (vir)           68.563          -0.720          -2.014         -10.987           76.816
  266 (vir)           68.836          -0.917          -2.803         -12.944           78.061
  267 (vir)           69.511          -0.921          -1.861         -11.099           77.827
  268 (vir)           69.553          -0.550          -1.891         -10.997           78.109
  269 (vir)           69.644          -0.381          -1.657         -10.447           78.053
  270 (vir)           69.760          -0.488          -2.005         -11.298           78.564
  271 (vir)           69.812          -0.658          -2.178         -11.696           78.671
  272 (vir)           69.838          -0.507          -2.745         -12.635           79.221
  273 (vir)           70.627          -0.668          -1.594         -10.287           78.652
  274 (vir)           70.816          -9.914          -1.359          -9.771           69.315
  275 (vir)           70.873          -0.255          -1.422          -9.944           79.140
  276 (vir)           70.902          -0.572          -1.249          -9.373           78.455
  277 (vir)           70.997          -0.151          -2.113         -11.714           80.447
  278 (vir)           71.409          -0.707          -1.973         -10.980           79.709
  279 (vir)           71.725          -0.442          -1.932         -11.232           80.582
  280 (vir)           71.807          -0.096          -1.895         -11.167           80.983
  281 (vir)           71.885          -0.820          -1.831         -11.172           80.406
  282 (vir)           73.434          -1.104          -1.963         -11.185           81.551
  283 (vir)           73.456          -0.234          -2.019         -11.284           82.487
  284 (vir)           73.484          -0.400          -1.982         -11.208           82.309
  285 (vir)           74.293          -0.974          -2.104         -11.629           82.844
  286 (vir)           74.349          -0.725          -1.952         -11.278           82.950
  287 (vir)           74.474          -0.776          -2.034         -11.524           83.188
  288 (vir)           74.528          -0.850          -2.076         -11.619           83.221
  289 (vir)           74.649           2.135          -1.972         -11.499           86.311
  290 (vir)           74.996          -0.522          -1.340          -9.976           83.110
  291 (vir)           75.231          -0.800          -2.327         -12.177           84.280
  292 (vir)           76.698           0.449          -1.029          -9.157           85.275
  293 (vir)           77.639          -0.924          -2.555         -12.959           87.118
  294 (vir)           77.824          -0.408          -1.685         -10.672           86.403
  295 (vir)           78.145          -0.622          -1.296          -9.812           86.039
  296 (vir)           78.192          -0.524          -1.789         -11.213           87.093
  297 (vir)           78.288          -0.514          -1.819         -11.299           87.254
  298 (vir)           79.669          -1.041          -1.721         -11.004           87.912
  299 (vir)           79.761          -0.368          -1.719         -11.016           88.690
  300 (vir)           80.759          -0.401          -1.893         -11.632           90.097
  301 (vir)           81.389          -0.442          -1.663         -10.863           90.147
  302 (vir)           81.496          -0.428          -1.547         -10.596           90.118
  303 (vir)           81.661          -0.750          -3.562         -15.462           92.812
  304 (vir)           81.941          -0.087          -1.807         -11.636           91.683
  305 (vir)           82.089          -0.346          -1.669         -11.316           91.391
  306 (vir)           83.565          -0.067          -1.463         -10.740           92.775
  307 (vir)           83.763          -0.102          -1.419         -10.601           92.842
  308 (vir)           84.210          -0.518          -2.147         -11.925           93.469
  309 (vir)           84.215          -0.521          -2.160         -11.977           93.512
  310 (vir)           84.930          -0.612          -1.428         -10.447           93.337
  311 (vir)           85.148          -0.259          -2.153         -12.294           95.030
  312 (vir)           86.244          -0.497          -1.522         -10.751           94.977
  313 (vir)           86.396          -0.230          -1.527         -10.756           95.395
  314 (vir)           86.754          -0.233          -1.536         -10.924           95.909
  315 (vir)           86.807          -0.596          -1.411         -10.562           95.362
  316 (vir)           87.737          -0.865          -2.081         -12.168           96.959
  317 (vir)           88.718          -0.364          -2.357         -12.551           98.548
  318 (vir)           88.820          -0.347          -1.809         -11.570           98.234
  319 (vir)           88.948          -0.778          -2.505         -13.262           98.927
  320 (vir)           89.157          -0.655          -2.023         -12.188           98.667
  321 (vir)           89.206           0.064          -1.838         -11.862           99.293
  322 (vir)           89.277          -0.173          -1.821         -11.877           99.159
  323 (vir)           91.295          -0.343          -1.928         -12.211          101.235
  324 (vir)           92.129          -0.392          -2.512         -13.274          102.499
  325 (vir)           92.155          -0.377          -2.500         -13.223          102.501
  326 (vir)           92.466           0.134          -2.463         -13.289          103.427
  327 (vir)           92.597           0.038          -1.902         -12.079          102.813
  328 (vir)           92.675          -0.373          -2.396         -13.193          103.099
  329 (vir)           93.035          -0.318          -2.100         -12.568          103.185
  330 (vir)           93.093          -0.382          -2.071         -12.507          103.147
  331 (vir)           93.129          -0.255          -2.184         -12.567          103.256
  332 (vir)           93.179          -0.321          -2.375         -13.154          103.637
  333 (vir)           93.464          -0.446          -1.949         -11.712          102.781
  334 (vir)           95.326          -0.858          -2.399         -13.553          105.622
  335 (vir)           95.399           0.856          -2.404         -13.585          107.436
  336 (vir)           96.393          -0.128          -2.548         -13.857          107.574
  337 (vir)           96.554           0.030          -2.573         -13.922          107.934
  338 (vir)           97.227          -0.369          -2.065         -13.145          107.938
  339 (vir)           98.194          -0.189          -2.488         -14.069          109.586
  340 (vir)           99.240          -0.211          -2.674         -14.620          110.975
  341 (vir)          100.979           0.135          -2.457         -13.870          112.527
  342 (vir)          101.194          -0.054          -2.445         -13.858          112.553
  343 (vir)          102.487          -0.356          -2.096         -13.289          113.324
  344 (vir)          102.557          -0.345          -2.897         -14.792          114.107
  345 (vir)          102.800          -0.847          -2.390         -13.874          113.437
  346 (vir)          102.846          -0.112          -2.427         -13.902          114.210
  347 (vir)          104.518           0.073          -2.247         -13.668          116.011
  348 (vir)          104.599           0.003          -2.258         -13.693          116.037
  349 (vir)          104.804           0.240          -2.571         -14.316          116.789
  350 (vir)          106.529          -0.278          -2.138         -13.395          117.508
  351 (vir)          106.574          -0.259          -2.122         -13.635          117.828
  352 (vir)          106.597          -0.273          -2.125         -13.579          117.777
  353 (vir)          107.832           0.116          -2.112         -13.252          119.089
  354 (vir)          108.251          -0.144          -2.416         -13.851          119.542
  355 (vir)          108.290          -0.265          -2.409         -13.837          119.454
  356 (vir)          110.172          -0.111          -2.083         -13.303          121.280
  357 (vir)          110.303           0.028          -2.098         -13.338          121.570
  358 (vir)          111.168           0.165          -2.231         -13.169          122.271
  359 (vir)          112.490           0.150          -2.008         -13.092          123.724
  360 (vir)          113.651           0.023          -2.268         -13.844          125.250
  361 (vir)          113.761           0.354          -2.142         -13.879          125.851
  362 (vir)          115.566          -0.125          -2.236         -14.138          127.343
  363 (vir)          115.673          -0.130          -2.206         -14.077          127.414
  364 (vir)          115.974          -0.399          -1.497         -12.245          126.323
  365 (vir)          118.098           0.101          -2.351         -14.773          130.621
  366 (vir)          118.204          -0.131          -2.325         -14.712          130.460
  367 (vir)          120.879           0.113          -3.013         -16.176          134.155
  368 (vir)          121.317          -0.097          -2.042         -13.709          132.888
  369 (vir)          121.417           0.181          -2.654         -15.221          134.166
  370 (vir)          121.518           0.095          -2.611         -15.135          134.137
  371 (vir)          125.801           0.207          -2.059         -14.603          138.551
  372 (vir)          126.076           0.005          -2.552         -15.381          138.910
  373 (vir)          128.423           0.213          -1.897         -14.185          140.924
  374 (vir)          129.017          -0.007          -2.217         -14.401          141.194
  375 (vir)          131.289           0.329          -2.440         -15.602          144.780
  376 (vir)          132.793          -0.043          -2.057         -14.747          145.440
  377 (vir)          133.780           0.300          -1.886         -14.413          146.607
  378 (vir)          133.997           0.042          -2.228         -14.936          146.746
  379 (vir)          134.034           0.051          -2.244         -14.969          146.809
  380 (vir)          134.669           0.040          -3.168         -16.658          148.199
  381 (vir)          134.842          -1.180          -1.981         -14.468          146.149
  382 (vir)          135.042           0.178          -1.874         -14.328          147.674
  383 (vir)          135.255           0.201          -1.867         -14.320          147.909
  384 (vir)          135.996           0.117          -1.730         -14.037          148.421
  385 (vir)          136.422           0.047          -1.948         -14.644          149.165
  386 (vir)          136.582          -0.024          -1.942         -14.637          149.254
  387 (vir)          136.884          -0.056          -1.749         -14.048          149.128
  388 (vir)          137.534          -0.140          -1.776         -14.157          149.774
  389 (vir)          137.605           0.009          -1.778         -14.168          150.003
  390 (vir)          138.582          -0.031          -1.998         -14.640          151.194
  391 (vir)          138.851           0.022          -1.825         -14.403          151.451
  392 (vir)          139.198           0.139          -1.787         -14.198          151.748
  393 (vir)          139.220           0.099          -1.799         -14.236          151.756
  394 (vir)          139.903           0.181          -1.994         -14.586          152.676
  395 (vir)          140.067           0.208          -1.985         -14.598          152.888
  396 (vir)          140.333           0.188          -1.886         -14.443          153.078
  397 (vir)          142.436           0.015          -2.567         -16.044          155.928
  398 (vir)          142.603          -0.005          -2.485         -15.874          155.987
  399 (vir)          142.640          -0.112          -2.215         -15.332          155.646
  400 (vir)          142.785           0.000          -1.811         -14.435          155.409
  401 (vir)          142.899           0.254          -1.778         -14.215          155.591
  402 (vir)          142.925           0.030          -1.824         -14.305          155.437
  403 (vir)          143.164           0.104          -1.743         -14.141          155.666
  404 (vir)          144.943          -0.142          -1.828         -14.469          157.441
  405 (vir)          145.980          -0.211          -2.286         -15.600          159.083
  406 (vir)          146.275           0.230          -2.366         -15.389          159.529
  407 (vir)          146.870           0.123          -1.852         -14.476          159.618
  408 (vir)          146.981           0.139          -1.884         -14.559          159.795
  409 (vir)          147.652           0.013          -1.633         -14.111          160.143
  410 (vir)          147.797           0.060          -1.629         -14.101          160.329
  411 (vir)          148.816           0.034          -1.774         -14.440          161.517
  412 (vir)          148.844           0.198          -1.808         -14.537          161.771
  413 (vir)          149.294          -0.262          -1.971         -15.047          162.108
  414 (vir)          149.432           0.134          -1.940         -14.804          162.430
  415 (vir)          149.600           0.226          -1.589         -13.940          162.177
  416 (vir)          150.064           0.171          -1.997         -15.316          163.554
  417 (vir)          150.810          -0.179          -1.896         -14.794          163.530
  418 (vir)          151.380          -0.193          -1.906         -14.833          164.115
  419 (vir)          151.492          -0.152          -1.909         -14.842          164.274
  420 (vir)          151.633           0.099          -1.664         -14.151          164.218
  421 (vir)          152.621           0.127          -1.555         -14.031          165.224
  422 (vir)          153.083           0.147          -1.415         -13.539          165.355
  423 (vir)          153.494           0.152          -1.991         -15.161          166.817
  424 (vir)          153.900          -0.026          -1.761         -14.532          166.645
  425 (vir)          153.909          -0.489          -1.770         -14.592          166.242
  426 (vir)          154.050          -0.078          -1.762         -14.536          166.746
  427 (vir)          154.656          -0.014          -1.881         -14.878          167.639
  428 (vir)          154.743           0.028          -1.865         -14.837          167.742
  429 (vir)          156.176          -0.132          -1.912         -14.913          169.045
  430 (vir)          156.254          -0.160          -1.940         -14.994          169.147
  431 (vir)          157.501           0.106          -1.975         -15.062          170.694
  432 (vir)          158.408           0.296          -1.562         -14.057          171.199
  433 (vir)          158.527           0.146          -1.769         -14.423          171.328
  434 (vir)          158.571          -0.604          -1.815         -14.513          170.666
  435 (vir)          158.685          -0.192          -1.921         -15.028          171.600
  436 (vir)          159.077          -0.183          -1.970         -15.131          172.056
  437 (vir)          159.082          -0.200          -1.968         -15.094          172.008
  438 (vir)          159.589           0.211          -1.485         -13.653          171.968
  439 (vir)          159.644           0.198          -1.378         -13.311          171.775
  440 (vir)          160.064           0.081          -1.526         -13.751          172.370
  441 (vir)          160.264           0.041          -1.449         -13.688          172.544
  442 (vir)          160.351           0.006          -1.438         -13.656          172.576
  443 (vir)          160.924          -0.143          -1.741         -14.530          173.571
  444 (vir)          161.029           0.103          -1.436         -13.512          173.207
  445 (vir)          162.041           0.068          -1.435         -13.773          174.448
  446 (vir)          162.179           0.128          -1.599         -13.966          174.673
  447 (vir)          162.358           0.182          -1.602         -13.979          174.916
  448 (vir)          162.488          -0.215          -1.592         -14.359          175.040
  449 (vir)          163.615          -0.117          -1.687         -14.619          176.429
  450 (vir)          163.786           0.154          -1.710         -14.698          176.928
  451 (vir)          163.832          -0.563          -1.656         -14.503          176.115
  452 (vir)          164.141           0.316          -1.588         -14.267          177.136
  453 (vir)          164.180           0.043          -1.498         -13.939          176.664
  454 (vir)          164.234           0.172          -1.613         -14.359          177.153
  455 (vir)          164.296           0.098          -1.752         -14.773          177.415
  456 (vir)          164.970           0.095          -1.412         -13.506          177.158
  457 (vir)          164.991           0.017          -1.423         -13.545          177.129
  458 (vir)          165.815          -0.030          -2.088         -15.247          178.944
  459 (vir)          165.891           0.042          -1.536         -14.061          178.458
  460 (vir)          166.030           0.131          -1.831         -14.607          178.937
  461 (vir)          166.355           0.038          -1.448         -13.904          178.849
  462 (vir)          167.111          -0.067          -1.927         -15.061          180.177
  463 (vir)          167.297          -0.246          -1.573         -14.287          179.764
  464 (vir)          167.299          -0.258          -1.570         -14.275          179.746
  465 (vir)          167.610          -0.160          -1.686         -14.653          180.416
  466 (vir)          168.186          -0.002          -1.465         -13.874          180.593
  467 (vir)          168.235          -0.144          -1.471         -13.898          180.519
  468 (vir)          168.938          -0.120          -1.536         -14.338          181.620
  469 (vir)          169.126          -0.108          -1.940         -15.041          182.119
  470 (vir)          169.218          -0.253          -1.719         -14.756          182.001
  471 (vir)          169.257          -0.012          -1.935         -15.035          182.345
  472 (vir)          169.806          -0.176          -1.806         -15.229          183.053
  473 (vir)          170.113           0.469          -1.484         -13.609          182.707
  474 (vir)          170.251           0.117          -1.507         -14.435          183.296
  475 (vir)          170.395           0.036          -1.494         -14.383          183.320
  476 (vir)          171.167          -0.007          -1.720         -14.808          184.248
  477 (vir)          171.345           0.059          -1.546         -14.351          184.209
  478 (vir)          171.444          -0.166          -1.654         -14.635          184.260
  479 (vir)          171.476           0.008          -1.701         -14.781          184.564
  480 (vir)          171.542          -0.065          -1.855         -15.223          184.844
  481 (vir)          172.093           0.213          -1.458         -13.985          184.834
  482 (vir)          172.859          -0.131          -1.941         -15.433          186.219
  483 (vir)          172.966          -0.187          -1.915         -15.409          186.272
  484 (vir)          172.991          -0.029          -1.767         -15.173          186.367
  485 (vir)          173.822          -0.184          -1.645         -14.809          186.802
  486 (vir)          173.931           0.126          -1.659         -14.846          187.244
  487 (vir)          175.220          -0.112          -1.618         -14.871          188.361
  488 (vir)          175.416           0.060          -1.749         -15.200          188.927
  489 (vir)          175.451           0.034          -1.782         -15.213          188.916
  490 (vir)          175.477           0.122          -1.644         -14.982          188.937
  491 (vir)          175.491           0.136          -1.655         -14.862          188.834
  492 (vir)          175.962          -0.074          -1.825         -15.003          189.066
  493 (vir)          176.596          -0.200          -1.698         -15.372          190.070
  494 (vir)          176.871          -0.292          -1.770         -15.085          189.893
  495 (vir)          176.922          -0.309          -1.780         -15.072          189.905
  496 (vir)          177.604          -0.438          -1.660         -14.802          190.308
  497 (vir)          177.933          -0.230          -1.807         -15.381          191.277
  498 (vir)          179.300           0.100          -1.321         -13.651          191.730
  499 (vir)          179.439           0.026          -1.651         -14.582          192.397
  500 (vir)          179.520           0.191          -1.492         -14.199          192.418
  501 (vir)          179.653           0.254          -1.440         -14.094          192.561
  502 (vir)          180.169           0.076          -1.358         -13.797          192.684
  503 (vir)          181.354          -0.809          -1.785         -15.652          194.413
  504 (vir)          181.378          -0.152          -1.794         -15.671          195.103
  505 (vir)          181.762           0.116          -1.753         -15.202          195.327
  506 (vir)          182.270          -0.248          -2.494         -16.642          196.171
  507 (vir)          182.684           0.128          -1.594         -14.817          196.034
  508 (vir)          182.787           0.095          -1.598         -14.814          196.098
  509 (vir)          183.680          -0.118          -1.706         -15.279          197.135
  510 (vir)          183.734           0.069          -1.699         -15.277          197.381
  511 (vir)          184.527           0.146          -1.564         -14.896          198.004
  512 (vir)          184.691           0.917          -1.591         -14.968          198.985
  513 (vir)          185.283          -0.157          -1.669         -15.231          198.688
  514 (vir)          185.297          -0.099          -1.663         -15.210          198.746
  515 (vir)          185.555           0.083          -1.686         -15.303          199.255
  516 (vir)          186.213          -0.148          -1.644         -15.072          199.494
  517 (vir)          187.244          -0.101          -1.834         -15.857          201.167
  518 (vir)          187.354          -0.123          -1.833         -15.865          201.263
  519 (vir)          188.988          -0.004          -2.032         -15.825          202.777
  520 (vir)          189.058          -0.237          -2.046         -15.841          202.616
  521 (vir)          189.322          -0.129          -1.763         -15.544          202.974
  522 (vir)          189.849          -0.061          -2.107         -16.095          203.775
  523 (vir)          189.969          -0.090          -2.127         -16.165          203.917
  524 (vir)          190.141          -0.173          -2.718         -17.252          204.502
  525 (vir)          191.207           0.194          -1.953         -15.740          205.188
  526 (vir)          192.510           0.084          -2.181         -16.048          206.461
  527 (vir)          192.776          -0.495          -2.285         -16.215          206.211
  528 (vir)          192.887          -0.269          -2.251         -16.174          206.540
  529 (vir)          194.550           0.463          -1.646         -15.499          208.866
  530 (vir)          194.731          -1.316          -2.556         -16.326          207.185
  531 (vir)          195.637          -0.267          -1.988         -15.307          208.688
  532 (vir)          195.769          -0.124          -1.970         -15.267          208.941
  533 (vir)          196.073           0.119          -2.450         -16.241          209.983
  534 (vir)          197.285           0.213          -1.314         -13.614          209.798
  535 (vir)          197.365           0.293          -2.605         -16.132          211.185
  536 (vir)          197.456           0.492          -2.690         -16.342          211.600
  537 (vir)          197.625           0.035          -1.649         -15.465          211.476
  538 (vir)          199.648           0.076          -2.187         -16.053          213.590
  539 (vir)          199.842          -0.586          -2.373         -16.350          213.233
  540 (vir)          199.911           0.004          -3.801         -18.307          214.419
  541 (vir)          200.103          -0.324          -1.710         -15.140          213.210
  542 (vir)          200.688           0.142          -1.517         -14.397          213.710
  543 (vir)          200.727           0.002          -1.861         -15.125          213.993
  544 (vir)          200.816           0.192          -1.418         -14.184          213.773
  545 (vir)          201.995           0.489          -1.011         -13.201          214.674
  546 (vir)          202.158           0.280          -1.480         -14.800          215.758
  547 (vir)          202.751           0.406          -1.220         -14.152          216.089
  548 (vir)          202.790           0.422          -1.225         -14.171          216.158
  549 (vir)          203.283           0.254          -1.317         -14.403          216.624
  550 (vir)          203.486           0.164          -1.428         -14.791          217.013
  551 (vir)          205.438           0.281          -1.858         -14.902          218.762
  552 (vir)          205.847           0.125          -1.691         -14.781          219.062
  553 (vir)          205.948          -0.070          -1.684         -14.761          218.955
  554 (vir)          206.990           0.227          -1.591         -15.051          220.677
  555 (vir)          207.184           0.260          -1.556         -14.959          220.848
  556 (vir)          207.792           0.387          -1.185         -13.912          220.906
  557 (vir)          208.470           0.329          -1.227         -13.825          221.398
  558 (vir)          208.628           0.383          -1.210         -13.592          221.393
  559 (vir)          208.682           0.394          -1.205         -13.570          221.442
  560 (vir)          210.662          -0.164          -1.832         -15.873          224.539
  561 (vir)          210.688           0.254          -1.406         -14.650          224.186
  562 (vir)          211.110           0.267          -1.368         -14.167          224.176
  563 (vir)          211.202           0.251          -1.366         -14.169          224.256
  564 (vir)          212.044           0.607          -1.359         -14.119          225.411
  565 (vir)          212.346           0.019          -2.036         -16.102          226.431
  566 (vir)          212.375           0.010          -1.753         -15.430          226.062
  567 (vir)          212.436           0.086          -2.029         -16.064          226.557
  568 (vir)          212.929           0.251          -2.233         -16.095          227.042
  569 (vir)          213.270           0.306          -1.146         -13.779          226.209
  570 (vir)          213.990           0.489          -1.422         -14.186          227.243
  571 (vir)          215.134           0.269          -1.316         -13.850          227.936
  572 (vir)          215.305           0.272          -1.279         -14.020          228.318
  573 (vir)          215.321           0.300          -1.251         -13.962          228.332
  574 (vir)          216.631          -0.059          -1.447         -14.491          229.615
  575 (vir)          216.766           0.344          -1.432         -14.172          229.850
  576 (vir)          216.821           0.328          -1.705         -14.901          230.344
  577 (vir)          216.905           0.106          -2.029         -15.685          230.667
  578 (vir)          217.087           0.405          -1.302         -14.160          230.349
  579 (vir)          217.167           0.328          -1.156         -13.839          230.179
  580 (vir)          217.273           0.519          -1.429         -14.286          230.649
  581 (vir)          218.412           0.629          -0.981         -13.646          231.705
  582 (vir)          218.951           0.071          -1.720         -16.123          233.425
  583 (vir)          219.334           0.099          -1.668         -15.969          233.734
  584 (vir)          220.542           0.398          -1.145         -14.061          233.856
  585 (vir)          220.588           0.683          -1.151         -14.071          234.192
  586 (vir)          220.733           0.097          -1.215         -13.579          233.194
  587 (vir)          220.977           0.318          -1.205         -14.199          234.288
  588 (vir)          221.914           0.470          -1.013         -13.600          234.971
  589 (vir)          222.222          -0.339          -1.156         -13.955          234.682
  590 (vir)          222.307           0.163          -1.150         -13.908          235.228
  591 (vir)          222.883          -0.052          -1.370         -14.661          236.123
  592 (vir)          222.908           0.558          -1.374         -14.338          236.430
  593 (vir)          223.036           0.513          -1.378         -14.115          236.286
  594 (vir)          224.134           0.376          -1.679         -15.656          238.487
  595 (vir)          224.187           0.404          -1.337         -14.526          237.780
  596 (vir)          224.420           0.396          -1.209         -14.254          237.861
  597 (vir)          224.533           0.432          -1.170         -14.093          237.889
  598 (vir)          225.077           0.162          -1.591         -15.685          239.332
  599 (vir)          225.563           0.324          -1.237         -14.176          238.825
  600 (vir)          225.616           0.500          -1.301         -14.318          239.133
  601 (vir)          225.857           0.654          -1.032         -13.814          239.292
  602 (vir)          226.749           1.073          -0.988         -13.448          240.283
  603 (vir)          227.197           0.206          -1.611         -15.070          240.862
  604 (vir)          227.285           0.416          -1.648         -15.133          241.186
  605 (vir)          227.933           5.062          -1.173         -14.227          246.048
  606 (vir)          227.992           0.633          -1.169         -14.224          241.680
  607 (vir)          229.455           0.929          -1.220         -14.167          243.330
  608 (vir)          229.490           0.504          -1.252         -14.218          242.960
  609 (vir)          229.709           0.398          -1.662         -15.113          243.559
  610 (vir)          229.939           0.663          -2.074         -15.972          244.501
  611 (vir)          230.185           0.882          -0.946         -13.469          243.590
  612 (vir)          230.828           0.330          -1.397         -15.104          244.864
  613 (vir)          231.059           0.613          -1.641         -15.729          245.760
  614 (vir)          231.288           0.461          -1.375         -15.080          245.454
  615 (vir)          231.476          -1.247          -2.297         -17.143          245.075
  616 (vir)          231.768           0.357          -1.325         -14.739          245.539
  617 (vir)          231.810           0.311          -1.318         -14.727          245.529
  618 (vir)          234.404           0.021          -1.777         -15.935          248.584
  619 (vir)          234.537           0.065          -1.758         -15.910          248.755
  620 (vir)          235.380           0.006          -1.486         -15.869          249.769
  621 (vir)          236.476           0.879          -1.019         -13.886          250.223
  622 (vir)          237.639           0.240          -1.342         -15.073          251.611
  623 (vir)          237.730           0.246          -1.361         -15.126          251.741
  624 (vir)          238.106           0.638          -1.025         -13.927          251.646
  625 (vir)          238.409           0.135          -1.619         -15.499          252.423
  626 (vir)          239.356           0.464          -1.494         -15.560          253.885
  627 (vir)          239.483           0.329          -1.515         -15.615          253.912
  628 (vir)          239.780           0.707          -1.087         -14.197          253.597
  629 (vir)          242.829          -0.012          -1.592         -15.679          256.904
  630 (vir)          244.170           0.012          -1.455         -15.850          258.577
  631 (vir)          246.002           0.564          -1.182         -14.883          260.267
  632 (vir)          246.123           0.486          -1.180         -14.863          260.292
  633 (vir)          250.164           0.369          -2.037         -16.761          265.257
  634 (vir)          250.380           0.308          -2.007         -16.704          265.386
  635 (vir)          253.229           0.836          -1.211         -14.772          267.625
  636 (vir)          253.648           0.447          -1.779         -16.363          268.679
  637 (vir)          254.313           0.012          -2.721         -18.403          270.007
  638 (vir)          257.233           0.116          -1.481         -15.949          271.816
  639 (vir)          257.348           0.103          -1.466         -15.911          271.896
  640 (vir)          258.180           0.389          -1.624         -16.300          273.245
  641 (vir)          258.582           0.238          -1.057         -14.778          272.540
  642 (vir)          258.799           0.276          -1.643         -16.232          273.664
  643 (vir)          259.007           0.320          -1.637         -16.221          273.912
  644 (vir)          259.527           0.065          -1.574         -16.479          274.498
  645 (vir)          260.678           0.306          -1.075         -14.823          274.732
  646 (vir)          260.791           0.304          -1.073         -14.821          274.843
  647 (vir)          261.090           0.154          -1.047         -14.763          274.960
  648 (vir)          261.592           0.285          -2.358         -18.256          277.775
  649 (vir)          261.864          -0.179          -1.314         -15.607          275.980
  650 (vir)          266.611           0.271          -2.331         -17.901          282.452
  651 (vir)          267.156           0.085          -1.544         -15.997          281.695
  652 (vir)          267.340           0.254          -1.885         -16.819          282.528
  653 (vir)          267.542           0.466          -1.118         -15.014          281.904
  654 (vir)          267.789           0.416          -1.186         -15.169          282.188
  655 (vir)          267.931           0.419          -1.077         -14.913          282.186
  656 (vir)          269.846           0.434          -1.699         -16.878          285.459
  657 (vir)          269.944           0.471          -1.707         -16.909          285.615
  658 (vir)          270.401           0.323          -2.013         -17.144          285.856
  659 (vir)          271.090           0.413          -1.313         -15.734          285.924
  660 (vir)          271.992           0.712          -1.525         -16.585          287.764
  661 (vir)          272.385           0.396          -1.762         -16.582          287.602
  662 (vir)          274.601           0.414          -1.415         -16.083          289.684
  663 (vir)          274.662           0.210          -1.421         -16.098          289.550
  664 (vir)          278.529          -0.224          -2.288         -18.167          294.184
  665 (vir)          284.851           0.833          -1.682         -16.307          300.309
  666 (vir)          286.642           1.133          -2.680         -18.479          303.573
  667 (vir)          286.856           0.706          -2.633         -18.400          303.328
  668 (vir)          292.177           0.602          -3.061         -19.631          309.349
  669 (vir)          292.308           0.031          -3.010         -19.544          308.873
  670 (vir)          292.837          -0.071          -3.749         -20.801          309.817
  671 (vir)          297.653           0.411          -1.780         -17.134          313.419
  672 (vir)          298.191          -0.265          -3.988         -21.555          315.493
  673 (vir)          324.965           0.016          -2.061         -17.772          340.692
  674 (vir)          330.310           0.581          -2.272         -18.212          346.830
  675 (vir)          334.854           0.238          -2.178         -18.175          351.090
  676 (vir)          334.876          -0.084          -2.180         -18.176          350.788
  677 (vir)          344.928           0.121          -2.321         -18.624          361.353
  678 (vir)          345.209           0.407          -2.322         -18.626          361.920
  679 (vir)          346.712           0.278          -2.169         -18.372          363.192
  680 (vir)          350.023           0.854          -2.290         -18.654          367.241
  681 (vir)          759.287          -1.075         -12.942         -46.166          791.436
  682 (vir)          763.184          -1.134         -12.893         -46.186          795.342
  683 (vir)          766.173          -1.127         -12.860         -46.121          798.308
  684 (vir)          766.361          -1.131         -12.856         -46.118          798.492
  685 (vir)          784.162          -1.146         -12.596         -45.874          816.294
  686 (vir)          785.200          -1.144         -12.561         -45.836          817.331
  687 (vir)          785.579          -1.149         -12.555         -45.831          817.706
  688 (vir)          792.472          -1.167         -12.468         -45.764          824.601
  689 (vir)         3990.610          -1.811         -14.773         -94.557         4068.584
  690 (vir)         3992.932          -1.809         -14.761         -94.549         4070.911
  691 (vir)         3997.655          -1.807         -14.744         -94.532         4075.636
  692 (vir)         3997.844          -1.807         -14.743         -94.531         4075.825
  693 (vir)         4015.551          -1.801         -14.674         -94.477         4093.553
  694 (vir)         4015.709          -1.800         -14.669         -94.468         4093.709
  695 (vir)         4016.145          -1.800         -14.668         -94.468         4094.145
  696 (vir)         4023.134          -1.796         -14.636         -94.436         4101.139
