 
  kpoint:     0.0000    0.0000    0.0000
 
    n          ϵ_nk^DFT (eV)     Σ^c_nk (eV)     Σ^x_nk (eV)     v_n^xc (eV)   ϵ_nk^G0W0 (eV)
 
    1 (occ)         -509.389          -2.896        -132.582         -83.740         -561.127
    2 (occ)         -382.441           2.090        -114.617         -72.596         -422.373
    3 (occ)         -382.262           1.666        -114.622         -72.596         -422.621
    4 (occ)         -381.847           1.037        -114.616         -72.596         -422.830
    5 (occ)         -380.789           1.262        -114.632         -72.590         -421.569
    6 (occ)         -380.460           1.235        -114.637         -72.585         -421.276
    7 (occ)         -272.573          -0.297         -96.864         -61.529         -308.206
    8 (occ)         -271.804          -1.243         -96.868         -61.528         -308.387
    9 (occ)         -271.118          -2.954         -96.882         -61.540         -309.415
   10 (occ)         -270.797           0.896         -96.885         -61.540         -305.246
   11 (occ)         -269.731           1.124         -96.890         -61.547         -303.950
   12 (occ)          -26.268           7.592         -30.481         -19.364          -29.793
   13 (occ)          -25.668           7.464         -30.665         -19.728          -29.141
   14 (occ)          -25.170           7.276         -30.588         -19.788          -28.695
   15 (occ)          -22.925           6.267         -28.804         -18.977          -26.486
   16 (occ)          -22.681           6.564         -29.476         -19.554          -26.039
   17 (occ)          -21.917           6.290         -28.931         -19.276          -25.282
   18 (occ)          -18.893           5.230         -26.623         -18.130          -22.157
   19 (occ)          -16.801           3.972         -24.802         -17.604          -20.028
   20 (occ)          -16.426           3.808         -25.222         -18.065          -19.774
   21 (occ)          -15.548           3.668         -24.475         -17.543          -18.812
   22 (occ)          -14.968           3.040         -23.580         -17.254          -18.253
   23 (occ)          -13.634           2.736         -23.554         -17.548          -16.904
   24 (occ)          -13.503           2.668         -23.566         -17.677          -16.724
   25 (occ)          -12.773           2.430         -23.141         -17.243          -16.241
   26 (occ)          -12.028           2.670         -23.469         -17.690          -15.137
   27 (occ)          -11.791           3.761         -20.684         -14.998          -13.716
   28 (occ)          -11.373           2.209         -23.225         -17.999          -14.389
   29 (occ)          -10.606           2.780         -21.336         -16.050          -13.111
   30 (occ)          -10.547           2.387         -22.012         -16.760          -13.411
   31 (occ)           -9.990           3.953         -26.833         -20.055          -12.816
   32 (occ)           -9.610           2.927         -21.097         -16.057          -11.721
   33 (occ)           -7.801           1.918         -20.194         -15.904          -10.173
   34 (occ)           -7.618           2.752         -22.630         -17.198          -10.297
   35 (occ)           -7.056           1.217         -20.023         -16.350           -9.513
   36 (occ)           -7.016           2.083         -22.194         -17.651           -9.476
   37 (occ)           -6.319           2.483         -23.194         -17.915           -9.114
   38 (occ)           -5.969           3.070         -25.187         -19.418           -8.668
   39 (occ)           -5.268           0.043         -18.400         -15.940           -7.684
   40 (vir)           -1.359          -2.956         -10.122         -15.173            0.736
   41 (vir)           -1.264          -2.996         -10.278         -15.412            0.875
   42 (vir)           -0.740          -1.669          -3.106          -6.593            1.077
   43 (vir)           -0.212          -1.534          -2.501          -5.736            1.490
   44 (vir)           -0.121          -3.581          -9.358         -14.980            1.920
   45 (vir)            0.378          -1.651          -2.783          -6.245            2.190
   46 (vir)            1.038          -1.645          -2.511          -5.950            2.833
   47 (vir)            1.143          -1.709          -2.756          -6.310            2.988
   48 (vir)            1.487          -1.709          -2.221          -5.676            3.232
   49 (vir)            2.232          -1.563          -1.700          -4.892            3.861
   50 (vir)            2.267          -1.796          -2.819          -6.425            4.076
   51 (vir)            2.490          -1.723          -2.523          -5.986            4.231
   52 (vir)            2.628          -1.701          -2.006          -5.440            4.361
   53 (vir)            2.811          -4.421          -8.177         -14.923            5.136
   54 (vir)            3.114          -1.545          -1.678          -4.850            4.742
   55 (vir)            3.440          -2.109          -3.249          -7.311            5.392
   56 (vir)            3.746          -2.650          -4.603          -9.337            5.829
   57 (vir)            3.898          -2.968          -5.501         -10.646            6.074
   58 (vir)            4.228          -1.411          -1.613          -4.844            6.048
   59 (vir)            4.460          -1.814          -2.337          -5.883            6.192
   60 (vir)            4.586          -2.854          -5.357         -10.377            6.752
   61 (vir)            4.694          -2.104          -2.925          -6.885            6.550
   62 (vir)            5.094          -2.841          -5.118         -10.060            7.195
   63 (vir)            5.276          -2.427          -3.571          -7.948            7.227
   64 (vir)            5.439          -2.272          -3.151          -7.342            7.358
   65 (vir)            5.572          -2.229          -3.446          -7.558            7.456
   66 (vir)            5.774          -2.168          -2.933          -6.981            7.654
   67 (vir)            5.918          -2.454          -3.892          -8.366            7.937
   68 (vir)            6.097          -2.899          -4.788          -9.759            8.168
   69 (vir)            6.125          -1.974          -2.607          -6.455            7.999
   70 (vir)            6.458          -2.564          -3.621          -8.189            8.463
   71 (vir)            6.537          -2.083          -2.760          -6.764            8.458
   72 (vir)            6.566          -1.860          -2.080          -5.727            8.354
   73 (vir)            7.110          -2.464          -3.308          -7.807            9.146
   74 (vir)            7.388          -2.224          -2.978          -7.232            9.417
   75 (vir)            7.433          -3.314          -5.094         -10.498            9.523
   76 (vir)            7.929          -3.108          -4.642          -9.913           10.092
   77 (vir)            8.053          -2.631          -3.390          -8.036           10.069
   78 (vir)            8.208          -2.387          -2.542          -6.948           10.227
   79 (vir)            8.416          -2.348          -2.619          -6.920           10.369
   80 (vir)            8.476          -2.590          -3.207          -7.814           10.493
   81 (vir)            8.851          -2.217          -2.323          -6.553           10.863
   82 (vir)            8.933          -2.013          -2.194          -6.135           10.862
   83 (vir)            9.112          -3.492          -4.750         -10.374           11.244
   84 (vir)            9.223          -3.241          -4.586         -10.069           11.465
   85 (vir)            9.848          -3.224          -4.160          -9.462           11.927
   86 (vir)           10.013          -2.721          -3.153          -8.010           12.149
   87 (vir)           10.066          -3.158          -3.733          -9.023           12.198
   88 (vir)           10.214          -2.556          -2.579          -7.338           12.417
   89 (vir)           10.482          -2.099          -1.869          -5.881           12.395
   90 (vir)           10.638          -2.361          -2.828          -7.482           12.932
   91 (vir)           11.279          -3.401          -3.737          -8.958           13.100
   92 (vir)           11.661          -2.398          -2.695          -7.256           13.825
   93 (vir)           11.823          -2.382          -2.535          -7.069           13.975
   94 (vir)           11.892          -2.328          -2.465          -6.951           14.050
   95 (vir)           12.001          -2.629          -2.458          -6.932           13.847
   96 (vir)           12.385          -2.431          -2.436          -6.946           14.463
   97 (vir)           12.436          -2.624          -2.676          -7.346           14.482
   98 (vir)           12.709          -2.536          -2.438          -7.263           14.998
   99 (vir)           13.037          -3.759          -4.201         -10.141           15.218
  100 (vir)           13.509          -4.038          -4.680         -11.003           15.794
  101 (vir)           13.982          -2.411          -2.258          -6.892           16.205
  102 (vir)           14.135          -2.678          -2.664          -7.473           16.267
  103 (vir)           14.455          -3.552          -3.947          -9.842           16.799
  104 (vir)           14.899          -2.732          -2.548          -7.638           17.257
  105 (vir)           15.092          -3.013          -2.694          -8.239           17.623
  106 (vir)           15.344          -3.342          -3.699          -9.451           17.754
  107 (vir)           15.414          -2.358          -2.237          -6.868           17.687
  108 (vir)           15.596          -3.616          -3.786          -9.722           17.916
  109 (vir)           16.070          -3.757          -3.546          -9.735           18.501
  110 (vir)           16.226          -3.169          -2.741          -8.239           18.554
  111 (vir)           16.453          -3.000          -2.688          -8.139           18.904
  112 (vir)           16.623          -2.775          -2.614          -7.733           18.968
  113 (vir)           16.896          -4.282          -4.685         -11.407           19.335
  114 (vir)           17.228          -3.450          -3.044          -8.991           19.725
  115 (vir)           17.591          -3.457          -2.731          -8.470           19.873
  116 (vir)           18.028          -3.037          -2.272          -7.639           20.358
  117 (vir)           18.141          -3.729          -3.057          -9.215           20.569
  118 (vir)           18.496          -3.417          -2.557          -8.457           20.979
  119 (vir)           18.550          -3.189          -2.299          -7.965           21.026
  120 (vir)           18.798          -3.279          -2.310          -7.991           21.200
  121 (vir)           19.025          -3.228          -2.681          -8.240           21.356
  122 (vir)           19.263          -3.421          -2.537          -8.322           21.626
  123 (vir)           19.599          -3.290          -2.928          -8.918           22.299
  124 (vir)           19.729          -3.123          -2.290          -7.784           22.100
  125 (vir)           19.831          -3.509          -2.108          -7.971           22.184
  126 (vir)           20.331          -3.364          -2.494          -8.395           22.868
  127 (vir)           20.519          -3.476          -2.271          -8.158           22.931
  128 (vir)           20.829          -3.196          -2.184          -7.859           23.308
  129 (vir)           21.149          -3.852          -2.688          -8.421           23.031
  130 (vir)           21.414          -3.168          -2.552          -8.359           24.053
  131 (vir)           21.530          -3.212          -2.289          -8.109           24.137
  132 (vir)           21.791          -3.382          -2.293          -8.085           24.200
  133 (vir)           22.408          -3.746          -2.764          -9.104           25.003
  134 (vir)           22.520          -3.311          -2.471          -8.474           25.211
  135 (vir)           22.642          -3.485          -2.820          -8.878           25.215
  136 (vir)           22.946          -3.540          -2.490          -8.652           25.567
  137 (vir)           23.259          -3.377          -2.326          -8.257           25.813
  138 (vir)           23.677          -3.445          -2.515          -8.648           26.365
  139 (vir)           23.765          -3.300          -2.398          -8.438           26.504
  140 (vir)           23.837          -3.505          -2.162          -8.281           26.451
  141 (vir)           24.514          -3.072          -1.838          -7.278           26.883
  142 (vir)           24.687          -3.055          -2.316          -8.307           27.622
  143 (vir)           25.003          -3.342          -2.536          -8.621           27.746
  144 (vir)           25.337          -3.699          -2.648          -9.071           28.061
  145 (vir)           25.439          -3.229          -2.519          -8.581           28.272
  146 (vir)           26.147          -3.648          -2.914          -9.609           29.193
  147 (vir)           26.245          -3.098          -2.004          -7.638           28.781
  148 (vir)           26.473          -3.625          -2.478          -8.819           29.189
  149 (vir)           26.754          -3.822          -2.736          -9.145           29.341
  150 (vir)           26.792          -3.636          -2.589          -8.997           29.563
  151 (vir)           27.066          -3.271          -2.131          -8.094           29.758
  152 (vir)           27.158          -3.482          -2.336          -8.402           29.741
  153 (vir)           27.737          -3.585          -2.313          -8.642           30.481
  154 (vir)           27.985          -4.149          -2.806          -9.576           30.606
  155 (vir)           28.064          -3.696          -2.847          -9.752           31.274
  156 (vir)           28.353          -3.566          -2.686          -9.381           31.483
  157 (vir)           28.622          -3.223          -2.604          -9.056           31.852
  158 (vir)           28.916          -3.682          -2.771          -9.566           32.029
  159 (vir)           29.444          -3.892          -2.691          -9.586           32.447
  160 (vir)           29.576          -3.722          -2.582          -9.462           32.735
  161 (vir)           29.808          -3.649          -2.698          -9.592           33.054
  162 (vir)           29.963          -3.485          -2.195          -8.535           32.819
  163 (vir)           30.208          -3.718          -2.626          -9.466           33.331
  164 (vir)           30.374          -4.009          -2.785          -9.914           33.494
  165 (vir)           30.486          -3.766          -2.455          -9.163           33.427
  166 (vir)           30.769          -3.254          -1.979          -8.225           33.761
  167 (vir)           31.094          -4.006          -2.643          -9.666           34.111
  168 (vir)           31.476          -4.176          -2.528          -9.261           34.033
  169 (vir)           32.258          -4.109          -2.610          -9.676           35.215
  170 (vir)           32.473          -4.200          -2.829         -10.109           35.552
  171 (vir)           32.622          -3.029          -1.813          -7.757           35.536
  172 (vir)           32.972          -3.675          -2.323          -9.044           36.017
  173 (vir)           33.449          -3.786          -2.854         -10.236           37.045
  174 (vir)           34.068          -3.404          -2.467          -9.088           37.285
  175 (vir)           34.260          -4.273          -2.922         -10.217           37.282
  176 (vir)           34.768          -3.726          -2.731          -9.818           38.129
  177 (vir)           35.501          -3.713          -2.555          -9.644           38.878
  178 (vir)           35.669          -3.558          -2.516          -9.519           39.114
  179 (vir)           36.077          -3.844          -2.681         -10.115           39.667
  180 (vir)           36.225          -3.692          -2.464          -9.572           39.641
  181 (vir)           36.558          -3.921          -2.936         -10.665           40.366
  182 (vir)           37.436          -3.880          -2.638         -10.064           40.982
  183 (vir)           37.624          -3.241          -2.608          -9.898           41.673
  184 (vir)           37.891          -3.898          -3.327         -11.014           41.679
  185 (vir)           38.275          -4.120          -2.648          -9.822           41.330
  186 (vir)           38.536          -3.908          -2.730         -10.199           42.097
  187 (vir)           38.779          -4.493          -2.840         -10.534           41.981
  188 (vir)           39.186          -3.731          -2.970         -10.300           42.786
  189 (vir)           39.350          -3.998          -3.008         -10.486           42.830
  190 (vir)           39.760          -4.477          -3.156         -11.325           43.452
  191 (vir)           39.957          -3.698          -2.568         -10.116           43.808
  192 (vir)           40.005          -3.856          -2.768         -10.493           43.875
  193 (vir)           40.270          -4.057          -2.873         -10.418           43.758
  194 (vir)           40.816          -3.747          -2.458          -9.974           44.585
  195 (vir)           41.741          -3.687          -2.478         -10.184           45.759
  196 (vir)           42.079          -3.823          -2.429         -10.328           46.155
  197 (vir)           42.379          -4.027          -2.725         -10.585           46.213
  198 (vir)           42.776          -4.222          -2.836         -10.624           46.342
  199 (vir)           42.983          -3.699          -2.826         -10.952           47.410
  200 (vir)           43.884          -3.845          -3.096         -11.298           48.241
  201 (vir)           44.084          -3.797          -2.701         -10.839           48.425
  202 (vir)           44.461          -3.935          -2.652         -10.600           48.474
  203 (vir)           45.064          -4.221          -2.264          -9.976           48.555
  204 (vir)           45.610          -4.104          -2.310         -10.112           49.307
  205 (vir)           45.760          -3.902          -2.636         -11.136           50.358
  206 (vir)           46.136          -5.779          -2.631         -10.876           48.603
  207 (vir)           46.431          -3.701          -2.475         -10.456           50.711
  208 (vir)           46.545          -3.957          -2.601         -11.135           51.122
  209 (vir)           46.588          -3.967          -2.731         -11.177           51.067
  210 (vir)           47.226          -4.798          -2.474         -10.669           50.622
  211 (vir)           47.444          -4.699          -2.392         -10.574           50.926
  212 (vir)           48.097          -4.040          -2.480         -10.923           52.500
  213 (vir)           48.343          -3.755          -2.127         -10.210           52.670
  214 (vir)           48.877          -3.828          -2.589         -11.097           53.557
  215 (vir)           49.266          -4.769          -2.862         -11.067           52.702
  216 (vir)           49.524          -3.511          -2.255         -10.290           54.049
  217 (vir)           49.918          -3.699          -2.323         -10.848           54.743
  218 (vir)           50.305          -4.496          -2.700         -11.070           54.179
  219 (vir)           50.522          -3.715          -2.570         -11.098           55.334
  220 (vir)           50.699          -4.319          -2.514         -11.047           54.912
  221 (vir)           51.013          -3.456          -2.530         -11.129           56.156
  222 (vir)           51.408          -3.171          -2.586         -11.304           56.955
  223 (vir)           51.444          -3.859          -2.566         -11.308           56.327
  224 (vir)           51.799          -3.795          -2.471         -11.183           56.717
  225 (vir)           52.217          -5.343          -2.663         -11.434           55.644
  226 (vir)           52.599          -2.903          -2.216         -10.642           58.122
  227 (vir)           52.903          -3.869          -2.344         -10.813           57.502
  228 (vir)           53.073          -4.083          -2.508         -11.097           57.580
  229 (vir)           53.230          -3.142          -2.248         -10.858           58.697
  230 (vir)           53.677          -3.526          -2.688         -11.563           59.026
  231 (vir)           53.965          -3.090          -2.553         -11.435           59.757
  232 (vir)           54.480          -3.651          -2.694         -11.399           59.534
  233 (vir)           54.580          -4.004          -2.501         -11.325           59.400
  234 (vir)           54.621          -3.581          -2.318         -10.919           59.641
  235 (vir)           55.038          -4.037          -2.515         -11.395           59.881
  236 (vir)           55.298          -4.137          -2.034         -10.601           59.727
  237 (vir)           55.605          -3.294          -2.308         -10.949           60.952
  238 (vir)           55.932          -4.207          -2.337         -10.974           60.363
  239 (vir)           55.961          -5.979          -2.229         -10.911           58.664
  240 (vir)           56.196          -3.953          -2.520         -11.454           61.177
  241 (vir)           56.755          -2.457          -2.463         -11.305           63.140
  242 (vir)           56.997          -2.891          -2.488         -11.144           62.762
  243 (vir)           57.489          -2.113          -2.142         -10.697           63.932
  244 (vir)           57.564          -3.657          -2.261         -11.007           62.653
  245 (vir)           57.883          -3.912          -2.132         -10.871           62.710
  246 (vir)           58.237          -2.859          -2.322         -11.030           64.086
  247 (vir)           58.643          -3.687          -2.153         -11.003           63.807
  248 (vir)           58.782          -3.419          -2.128         -10.986           64.222
  249 (vir)           59.039          -3.236          -2.710         -12.056           65.148
  250 (vir)           59.369          -2.420          -2.079         -10.799           65.669
  251 (vir)           59.782          -4.074          -2.269         -11.079           64.518
  252 (vir)           60.011          -4.893          -2.237         -10.952           63.832
  253 (vir)           60.291          -4.343          -2.326         -11.290           64.911
  254 (vir)           60.681          -3.769          -2.708         -12.064           66.267
  255 (vir)           60.901          -3.153          -2.599         -11.696           66.845
  256 (vir)           61.392          -2.881          -1.904         -10.508           67.115
  257 (vir)           61.646          -3.184          -2.131         -11.045           67.377
  258 (vir)           61.788          -1.789          -2.475         -11.508           69.033
  259 (vir)           62.210          -3.445          -2.739         -11.925           67.951
  260 (vir)           62.823          -3.570          -2.353         -11.597           68.498
  261 (vir)           63.191          -3.094          -2.357         -11.541           69.281
  262 (vir)           63.218          -3.269          -2.358         -11.396           68.987
  263 (vir)           63.579          -3.162          -2.237         -11.235           69.415
  264 (vir)           63.977          -2.746          -2.551         -11.944           70.624
  265 (vir)           64.203          -2.493          -2.374         -11.550           70.886
  266 (vir)           64.379          -5.202          -2.389         -11.813           68.601
  267 (vir)           64.455          -3.147          -2.233         -11.223           70.299
  268 (vir)           64.623          -3.427          -2.318         -11.424           70.301
  269 (vir)           65.053          -2.319          -2.482         -11.791           72.042
  270 (vir)           65.569          -2.968          -2.459         -11.858           72.000
  271 (vir)           66.029          -2.076          -2.299         -11.367           73.022
  272 (vir)           66.114          -2.894          -2.254         -11.265           72.231
  273 (vir)           66.481          -2.611          -2.264         -11.375           72.981
  274 (vir)           66.879          -3.416          -2.217         -11.382           72.629
  275 (vir)           67.283          -2.785          -2.487         -11.843           73.853
  276 (vir)           67.365          -1.943          -2.256         -11.057           74.223
  277 (vir)           67.926          -2.769          -2.605         -12.400           74.952
  278 (vir)           68.125          -3.033          -2.424         -11.804           74.473
  279 (vir)           68.899          -2.130          -2.323         -11.470           75.916
  280 (vir)           69.211          -1.556          -2.271         -11.517           76.900
  281 (vir)           69.411          -3.236          -1.995         -11.176           75.356
  282 (vir)           69.463          -3.312          -2.323         -11.497           75.324
  283 (vir)           69.577          -2.409          -2.223         -11.498           76.444
  284 (vir)           70.061          -3.558          -2.402         -11.712           75.813
  285 (vir)           70.189          -3.435          -2.385         -11.849           76.219
  286 (vir)           70.567          -4.394          -2.323         -11.723           75.573
  287 (vir)           70.920          -2.001          -2.665         -11.966           78.221
  288 (vir)           71.405          -3.081          -2.326         -11.548           77.545
  289 (vir)           71.832          -3.130          -2.210         -11.616           78.108
  290 (vir)           72.049          -0.042          -2.362         -11.746           81.391
  291 (vir)           72.424          -2.936          -2.737         -12.661           79.412
  292 (vir)           72.550          -2.910          -2.093         -11.197           78.744
  293 (vir)           73.244          -3.916          -2.587         -12.413           79.155
  294 (vir)           73.343          -3.560          -2.783         -12.804           79.804
  295 (vir)           73.698          -3.566          -2.380         -11.851           79.603
  296 (vir)           73.778          -2.346          -2.508         -12.235           81.160
  297 (vir)           74.298          -4.092          -2.560         -12.318           79.963
  298 (vir)           74.473          -2.610          -2.758         -12.731           81.837
  299 (vir)           74.824          -2.807          -2.959         -13.032           82.089
  300 (vir)           75.156          -3.137          -2.634         -12.638           82.023
  301 (vir)           75.518          -2.493          -2.438         -12.188           82.775
  302 (vir)           75.822           4.481          -2.771         -12.997           90.529
  303 (vir)           76.120          -2.028          -2.765         -12.736           84.063
  304 (vir)           76.638          -3.498          -2.533         -12.455           83.062
  305 (vir)           76.685          -3.228          -2.616         -12.602           83.444
  306 (vir)           77.191          -3.465          -2.502         -12.667           83.891
  307 (vir)           77.573          -2.409          -2.192         -11.682           84.654
  308 (vir)           77.902          -3.081          -2.878         -13.307           85.249
  309 (vir)           78.646          -4.720          -2.636         -12.723           84.013
  310 (vir)           79.166          -3.032          -2.788         -12.968           86.314
  311 (vir)           79.452          -2.699          -2.667         -12.600           86.686
  312 (vir)           80.062          -3.456          -3.013         -13.674           87.267
  313 (vir)           80.539          -2.319          -3.301         -14.176           89.095
  314 (vir)           80.921          -3.467          -2.939         -13.680           88.195
  315 (vir)           81.050          -3.513          -2.695         -13.336           88.178
  316 (vir)           81.549          -3.363          -3.004         -13.995           89.177
  317 (vir)           81.947          -4.482          -3.029         -13.838           88.274
  318 (vir)           82.382          -4.729          -2.641         -13.092           88.104
  319 (vir)           82.548          -4.162          -3.102         -14.039           89.323
  320 (vir)           82.927          -1.404          -2.469         -12.598           91.652
  321 (vir)           83.449          -4.036          -3.085         -14.050           90.379
  322 (vir)           83.733          -3.562          -2.769         -13.774           91.176
  323 (vir)           83.927          -4.045          -2.783         -13.367           90.467
  324 (vir)           84.532          -3.124          -2.707         -13.431           92.131
  325 (vir)           84.808          -2.292          -3.110         -14.154           93.560
  326 (vir)           85.161          -3.172          -2.806         -13.659           92.842
  327 (vir)           85.483          -2.831          -2.884         -13.865           93.633
  328 (vir)           86.157          -2.979          -2.733         -13.509           93.954
  329 (vir)           86.611          -2.387          -2.993         -13.921           95.151
  330 (vir)           86.756          -3.374          -2.702         -13.655           94.335
  331 (vir)           87.307          -3.647          -2.828         -14.070           94.901
  332 (vir)           87.664          -1.732          -2.666         -13.229           96.495
  333 (vir)           87.961          -0.369          -2.375         -12.756           97.973
  334 (vir)           88.457          -3.854          -2.549         -13.324           95.379
  335 (vir)           88.685          -4.484          -2.816         -13.661           95.046
  336 (vir)           88.962          -3.215          -2.372         -13.148           96.523
  337 (vir)           89.713          -4.387          -2.828         -13.835           96.333
  338 (vir)           90.156          -2.782          -2.370         -13.341           98.345
  339 (vir)           90.370          -3.951          -2.839         -13.908           97.488
  340 (vir)           90.547          -3.754          -3.216         -14.632           98.208
  341 (vir)           91.463          -4.079          -2.812         -13.955           98.527
  342 (vir)           91.839          -2.853          -3.017         -14.434          100.403
  343 (vir)           92.051          -2.195          -2.845         -14.052          101.063
  344 (vir)           92.264          -3.223          -2.549         -13.530          100.023
  345 (vir)           92.530          -3.605          -2.789         -14.102          100.238
  346 (vir)           92.838          -3.747          -2.647         -13.911          100.354
  347 (vir)           93.126          -3.637          -2.891         -14.019          100.617
  348 (vir)           94.001          -3.435          -2.665         -13.664          101.565
  349 (vir)           94.239          -3.336          -2.783         -14.015          102.136
  350 (vir)           94.573          -3.084          -2.659         -13.734          102.564
  351 (vir)           95.436          -2.903          -2.625         -13.837          103.746
  352 (vir)           95.886          -3.780          -2.619         -13.983          103.471
  353 (vir)           96.315          -1.264          -2.763         -14.181          106.468
  354 (vir)           96.783          -4.563          -2.785         -14.103          103.537
  355 (vir)           97.173          -0.279          -3.040         -14.619          108.472
  356 (vir)           97.482          -3.895          -2.683         -14.182          105.085
  357 (vir)           97.955          -2.904          -2.753         -14.294          106.591
  358 (vir)           98.088          -3.175          -2.940         -14.633          106.605
  359 (vir)           98.282          -3.343          -2.838         -14.257          106.357
  360 (vir)           98.908          -3.184          -2.569         -13.921          107.076
  361 (vir)           99.728          -2.786          -2.713         -14.068          108.296
  362 (vir)          100.150           3.805          -2.679         -14.159          115.435
  363 (vir)          100.379          -2.187          -2.812         -14.050          109.430
  364 (vir)          101.402          -3.742          -2.682         -14.561          109.539
  365 (vir)          102.039          -2.140          -2.915         -14.732          111.716
  366 (vir)          102.326          -3.650          -2.792         -14.716          110.600
  367 (vir)          102.336          -2.444          -3.493         -15.447          111.847
  368 (vir)          102.939          -3.258          -2.861         -14.685          111.505
  369 (vir)          102.987          -2.867          -2.676         -14.409          111.853
  370 (vir)          103.401          -4.213          -3.100         -15.267          111.355
  371 (vir)          103.793          -3.550          -3.070         -15.006          112.179
  372 (vir)          104.131          -1.061          -3.221         -15.216          115.064
  373 (vir)          104.586          -6.090          -3.876         -16.247          110.867
  374 (vir)          105.292          -1.579          -3.243         -15.318          115.788
  375 (vir)          105.718          -3.579          -3.238         -15.403          114.304
  376 (vir)          106.661          -4.164          -3.168         -15.401          114.730
  377 (vir)          106.818          -4.192          -3.222         -15.301          114.705
  378 (vir)          107.483          -6.046          -3.276         -15.697          113.857
  379 (vir)          107.895          -3.732          -3.676         -16.188          116.675
  380 (vir)          108.051          -2.812          -3.220         -15.400          117.419
  381 (vir)          108.810          -2.824          -3.080         -15.344          118.250
  382 (vir)          108.892          -3.962          -2.965         -15.058          117.023
  383 (vir)          109.749          -2.431          -3.182         -15.425          119.561
  384 (vir)          110.013          -4.112          -2.746         -14.967          118.122
  385 (vir)          110.620          -2.242          -3.175         -15.654          120.856
  386 (vir)          111.187          -2.228          -2.937         -15.213          121.235
  387 (vir)          112.022          -2.030          -3.629         -16.495          122.858
  388 (vir)          112.846          -3.166          -3.547         -16.575          122.708
  389 (vir)          113.053          -6.224          -3.201         -15.886          119.514
  390 (vir)          113.372          -0.062          -3.180         -15.802          125.932
  391 (vir)          113.908          -1.802          -2.774         -15.083          124.415
  392 (vir)          114.235          -1.519          -4.044         -17.327          125.999
  393 (vir)          115.407          -3.947          -4.521         -18.506          125.445
  394 (vir)          115.794          -1.528          -3.525         -16.530          127.271
  395 (vir)          116.283           0.491          -3.494         -16.351          129.630
  396 (vir)          116.790          -3.411          -3.650         -16.738          126.466
  397 (vir)          117.456          -3.391          -3.995         -17.827          127.897
  398 (vir)          117.813          -5.086          -3.160         -15.898          125.465
  399 (vir)          118.565          -3.402          -3.811         -17.330          128.681
  400 (vir)          118.695          -4.784          -3.452         -16.566          127.024
  401 (vir)          119.097          -1.755          -2.895         -15.396          129.843
  402 (vir)          120.724          -6.156          -2.854         -15.341          127.056
  403 (vir)          120.808          -2.217          -3.644         -16.890          131.836
  404 (vir)          122.308          -5.086          -3.196         -16.072          130.097
  405 (vir)          122.396           3.161          -3.665         -17.072          138.964
  406 (vir)          122.848          -4.743          -3.761         -17.388          131.732
  407 (vir)          124.379          -2.932          -3.148         -15.956          134.255
  408 (vir)          124.568          -1.902          -3.410         -16.355          135.611
  409 (vir)          125.350          -1.402          -3.156         -16.160          136.952
  410 (vir)          127.756          -4.028          -3.333         -16.793          137.188
  411 (vir)          128.638           2.707          -2.994         -16.100          144.452
  412 (vir)          129.700          -0.150          -3.026         -15.794          142.318
  413 (vir)          130.607          -4.554          -3.324         -16.116          138.846
  414 (vir)          130.700          -5.337          -3.147         -16.536          138.752
  415 (vir)          131.355          -5.722          -2.629         -15.614          138.618
  416 (vir)          131.927          -2.812          -2.629         -15.786          142.272
  417 (vir)          132.252          -0.565          -3.297         -16.721          145.111
  418 (vir)          132.610          -3.767          -2.806         -15.894          141.932
  419 (vir)          133.588          -8.947          -2.845         -15.958          137.754
  420 (vir)          134.161           4.155          -3.172         -16.548          151.691
  421 (vir)          135.402          -3.275          -2.921         -16.283          145.489
  422 (vir)          136.046          -0.810          -2.254         -15.154          148.136
  423 (vir)          136.529          -0.210          -2.830         -16.183          149.672
  424 (vir)          137.121          -2.480          -3.880         -18.300          149.061
  425 (vir)          137.452          -1.948          -3.147         -16.901          149.258
  426 (vir)          137.720          -1.334          -3.234         -17.047          150.198
  427 (vir)          138.595          -4.274          -3.053         -16.935          148.203
  428 (vir)          139.642          -3.454          -2.773         -16.265          149.680
  429 (vir)          141.059          -0.739          -2.969         -16.772          154.123
  430 (vir)          141.688          -5.397          -2.591         -15.922          149.622
  431 (vir)          142.026         -11.339          -2.390         -15.586          143.883
  432 (vir)          142.403          -2.776          -2.677         -16.218          153.168
  433 (vir)          142.745          -4.799          -1.876         -14.534          150.604
  434 (vir)          143.253           4.705          -2.679         -16.172          161.451
  435 (vir)          143.773          -2.145          -2.391         -15.551          154.789
  436 (vir)          144.003           4.192          -2.316         -15.357          161.236
  437 (vir)          144.520         -12.405          -2.407         -15.582          145.289
  438 (vir)          144.788          -5.493          -1.876         -14.700          152.118
  439 (vir)          145.214          -4.025          -2.224         -15.256          154.221
  440 (vir)          145.575          -2.074          -2.304         -15.485          156.681
  441 (vir)          146.004          -2.118          -2.343         -15.527          157.069
  442 (vir)          146.028          -1.998          -2.433         -15.749          157.347
  443 (vir)          146.910          -5.525          -2.237         -15.518          154.666
  444 (vir)          147.420          -4.237          -2.472         -15.765          156.476
  445 (vir)          147.582          -4.092          -2.864         -16.638          157.264
  446 (vir)          147.826          -3.790          -2.286         -15.565          157.315
  447 (vir)          147.978          -6.684          -2.468         -15.874          154.700
  448 (vir)          148.752          -1.656          -2.476         -15.837          160.457
  449 (vir)          149.014          -3.338          -2.032         -14.904          158.548
  450 (vir)          149.140          -4.925          -2.472         -15.830          157.573
  451 (vir)          149.707          -4.903          -2.156         -15.296          157.943
  452 (vir)          149.800          -2.333          -2.605         -16.209          161.071
  453 (vir)          150.474          -6.869          -1.921         -14.879          156.563
  454 (vir)          151.643          -3.255          -2.457         -15.974          161.905
  455 (vir)          152.650          -4.708          -2.113         -15.306          161.136
  456 (vir)          153.175          -3.520          -2.014         -14.995          162.635
  457 (vir)          153.538          -1.519          -3.016         -17.119          166.123
  458 (vir)          153.742          -2.766          -1.679         -14.120          163.417
  459 (vir)          154.228          -4.097          -1.696         -14.118          162.552
  460 (vir)          155.299          -4.123          -2.889         -16.739          165.026
  461 (vir)          155.895           0.574          -2.162         -15.165          169.472
  462 (vir)          156.245          -4.543          -1.950         -15.164          164.916
  463 (vir)          156.721          -3.182          -1.817         -14.274          165.996
  464 (vir)          157.291          -5.116          -2.123         -15.098          165.150
  465 (vir)          157.894          -3.534          -2.023         -14.916          167.252
  466 (vir)          158.019          -2.714          -2.011         -15.260          168.554
  467 (vir)          158.310          -0.926          -1.691         -14.216          169.909
  468 (vir)          158.813          -0.879          -1.861         -14.439          170.512
  469 (vir)          159.317          -1.643          -2.373         -15.681          170.981
  470 (vir)          159.391          -2.253          -2.201         -15.266          170.203
  471 (vir)          159.875          -4.553          -1.822         -14.812          168.312
  472 (vir)          160.651          -1.989          -1.654         -13.918          170.925
  473 (vir)          161.082          -3.391          -2.029         -15.137          170.799
  474 (vir)          161.173          -2.371          -1.827         -15.034          172.008
  475 (vir)          161.596          -2.188          -1.920         -14.960          172.449
  476 (vir)          162.000          -1.928          -2.168         -15.504          173.408
  477 (vir)          162.518          -3.529          -2.060         -15.502          172.430
  478 (vir)          162.886          -5.265          -2.171         -15.475          170.925
  479 (vir)          162.970          -5.613          -2.288         -16.068          171.138
  480 (vir)          163.399          -1.878          -2.048         -15.232          174.704
  481 (vir)          163.454          -4.283          -2.233         -15.895          172.833
  482 (vir)          164.068          -2.268          -1.803         -14.573          174.570
  483 (vir)          165.427          -2.740          -2.071         -15.636          176.253
  484 (vir)          165.759          -2.174          -2.124         -15.575          177.036
  485 (vir)          165.977          -4.719          -1.973         -15.335          174.620
  486 (vir)          166.063          -1.532          -2.389         -16.138          178.280
  487 (vir)          166.703          -1.506          -1.968         -15.394          178.624
  488 (vir)          167.395          -0.257          -2.096         -15.388          180.430
  489 (vir)          167.685          -3.839          -1.999         -15.548          177.394
  490 (vir)          167.913          -2.806          -2.062         -15.552          178.597
  491 (vir)          168.257          -3.902          -1.967         -15.439          177.827
  492 (vir)          168.680          -5.319          -1.821         -15.047          176.588
  493 (vir)          168.927          -6.754          -2.199         -15.938          175.912
  494 (vir)          169.492          -7.019          -1.967         -15.416          175.922
  495 (vir)          169.962          -1.488          -2.213         -16.042          182.304
  496 (vir)          170.117          -2.190          -2.086         -15.715          181.556
  497 (vir)          170.901          -4.867          -2.077         -15.862          179.820
  498 (vir)          171.110          -3.208          -1.963         -15.655          181.594
  499 (vir)          171.298          -4.428          -2.020         -15.589          180.440
  500 (vir)          172.063          -6.947          -1.988         -15.604          178.732
  501 (vir)          172.189           1.785          -1.917         -15.426          187.483
  502 (vir)          172.781          -4.636          -2.200         -15.866          181.811
  503 (vir)          172.872          -7.811          -2.024         -15.856          178.893
  504 (vir)          173.903          -4.579          -2.020         -15.706          183.010
  505 (vir)          174.684          -4.459          -2.044         -15.647          183.828
  506 (vir)          175.358           0.639          -2.240         -16.061          189.819
  507 (vir)          175.742          -2.351          -2.179         -16.165          187.377
  508 (vir)          175.921          -1.672          -2.039         -15.912          188.123
  509 (vir)          176.142           1.918          -2.110         -15.989          191.940
  510 (vir)          176.876           1.450          -1.798         -15.363          191.891
  511 (vir)          177.152           0.358          -2.275         -16.308          191.543
  512 (vir)          177.313          -4.307          -2.096         -16.376          187.287
  513 (vir)          178.287         -13.288          -2.489         -16.796          179.306
  514 (vir)          178.547          -1.175          -1.959         -15.931          191.343
  515 (vir)          179.365          -0.825          -1.999         -15.953          192.494
  516 (vir)          179.670          -6.570          -2.086         -16.135          187.149
  517 (vir)          180.059           1.878          -2.325         -16.679          196.290
  518 (vir)          180.783          -1.021          -2.038         -16.118          193.843
  519 (vir)          181.061          -4.526          -2.240         -16.278          190.573
  520 (vir)          181.551           0.916          -2.074         -15.973          196.366
  521 (vir)          182.552           1.431          -2.087         -15.947          197.843
  522 (vir)          182.745          -1.901          -2.368         -16.595          195.070
  523 (vir)          182.873          -3.788          -2.078         -16.523          193.529
  524 (vir)          183.499         -13.900          -2.318         -16.463          183.743
  525 (vir)          184.626          10.475          -2.006         -16.136          209.231
  526 (vir)          185.081          -6.037          -2.077         -16.405          193.371
  527 (vir)          185.348           5.117          -2.245         -16.443          204.663
  528 (vir)          186.392          -7.507          -1.924         -15.661          192.622
  529 (vir)          186.585          -3.339          -2.344         -16.462          197.364
  530 (vir)          186.979           6.407          -2.176         -16.326          207.536
  531 (vir)          187.880          -2.546          -1.743         -14.828          198.419
  532 (vir)          188.095           0.126          -1.873         -15.578          201.927
  533 (vir)          188.842           6.656          -2.284         -16.416          209.631
  534 (vir)          188.873          -2.991          -2.149         -16.031          199.764
  535 (vir)          188.977           3.881          -1.809         -15.481          206.530
  536 (vir)          189.920          -3.031          -2.285         -16.355          200.961
  537 (vir)          189.996          -5.142          -1.823         -15.381          198.413
  538 (vir)          190.117          -4.478          -2.094         -16.249          199.794
  539 (vir)          190.474           2.183          -2.288         -16.388          206.758
  540 (vir)          191.100          -3.230          -1.856         -15.482          201.496
  541 (vir)          191.740          -0.787          -2.422         -16.786          205.317
  542 (vir)          192.585          -2.456          -1.829         -15.413          203.713
  543 (vir)          193.035          -3.584          -2.303         -16.380          203.528
  544 (vir)          193.776          -2.215          -2.045         -15.985          205.500
  545 (vir)          193.977           1.677          -2.799         -17.324          210.180
  546 (vir)          194.294           0.668          -2.178         -15.994          208.777
  547 (vir)          194.790          -6.017          -1.606         -14.687          201.854
  548 (vir)          196.315          -8.520          -1.705         -15.023          201.112
  549 (vir)          197.186          -0.842          -1.736         -14.600          209.208
  550 (vir)          197.648          -1.874          -1.749         -15.135          209.160
  551 (vir)          197.667          -0.823          -2.148         -15.888          210.585
  552 (vir)          197.893          -0.152          -1.628         -14.724          210.837
  553 (vir)          198.680          -0.126          -2.420         -16.410          212.543
  554 (vir)          199.329          -3.446          -1.687         -14.604          208.800
  555 (vir)          200.121           2.016          -2.158         -15.877          215.856
  556 (vir)          200.715          -2.594          -1.674         -14.998          211.445
  557 (vir)          200.963          -1.851          -2.111         -15.991          212.992
  558 (vir)          201.216          -6.745          -1.880         -15.764          208.355
  559 (vir)          201.495           1.798          -1.752         -15.227          216.768
  560 (vir)          202.640          -3.303          -2.071         -15.965          213.231
  561 (vir)          202.922          -6.391          -2.042         -15.922          210.412
  562 (vir)          204.034          -2.694          -2.244         -16.281          215.377
  563 (vir)          204.095           2.962          -1.649         -15.020          220.429
  564 (vir)          204.233          -2.960          -2.287         -16.298          215.283
  565 (vir)          204.626           1.344          -1.781         -14.915          219.105
  566 (vir)          205.237          -2.313          -1.666         -15.376          216.634
  567 (vir)          205.955           1.295          -1.908         -15.224          220.565
  568 (vir)          206.997           1.957          -1.633         -15.517          222.838
  569 (vir)          207.393           1.680          -1.958         -15.764          222.878
  570 (vir)          207.804          -8.021          -2.201         -16.413          213.995
  571 (vir)          208.417          -0.960          -1.495         -14.929          220.891
  572 (vir)          208.669          -0.879          -2.024         -15.777          221.543
  573 (vir)          209.007           1.532          -1.957         -16.027          224.608
  574 (vir)          209.437           0.421          -1.936         -16.231          224.153
  575 (vir)          209.567          -1.030          -2.101         -16.533          222.969
  576 (vir)          210.419           1.466          -1.580         -14.427          224.731
  577 (vir)          210.768          -1.430          -2.224         -16.287          223.401
  578 (vir)          211.274          -3.032          -1.370         -14.226          221.097
  579 (vir)          211.707          -0.286          -1.515         -15.009          224.915
  580 (vir)          211.869           1.363          -1.703         -15.431          226.961
  581 (vir)          212.190           0.414          -2.009         -16.507          227.102
  582 (vir)          212.716          -4.322          -1.771         -15.590          222.213
  583 (vir)          212.803          -2.405          -1.759         -15.690          224.329
  584 (vir)          213.158           0.511          -2.131         -16.257          227.795
  585 (vir)          213.847           2.674          -1.732         -15.017          229.806
  586 (vir)          214.231          -0.855          -2.059         -16.296          227.614
  587 (vir)          214.504          -6.355          -2.019         -16.112          222.242
  588 (vir)          215.110          -0.402          -1.913         -15.762          228.557
  589 (vir)          215.779           1.859          -1.623         -15.494          231.510
  590 (vir)          216.050           2.980          -2.067         -16.402          233.366
  591 (vir)          216.136           8.325          -1.982         -16.176          238.655
  592 (vir)          216.557          -3.439          -1.721         -15.689          227.086
  593 (vir)          217.047          -0.754          -1.959         -16.505          230.839
  594 (vir)          217.875         -21.678          -1.840         -16.314          210.671
  595 (vir)          218.008           3.386          -1.941         -16.407          235.861
  596 (vir)          218.713           1.314          -1.921         -16.383          234.489
  597 (vir)          218.756           5.646          -1.684         -15.709          238.426
  598 (vir)          218.952           3.546          -2.005         -16.646          237.139
  599 (vir)          219.495           2.241          -2.044         -16.356          236.047
  600 (vir)          220.103           2.186          -1.923         -16.791          237.157
  601 (vir)          220.508          -1.881          -1.824         -16.054          232.858
  602 (vir)          220.588          -4.599          -1.998         -16.657          230.648
  603 (vir)          220.807           2.290          -1.592         -15.239          236.744
  604 (vir)          220.946           1.743          -1.814         -16.203          237.078
  605 (vir)          221.401           2.763          -1.804         -15.984          238.344
  606 (vir)          222.396           1.875          -1.742         -15.885          238.414
  607 (vir)          222.745           4.536          -1.735         -15.919          241.464
  608 (vir)          222.973           1.675          -1.717         -16.034          238.965
  609 (vir)          223.856          -4.979          -2.142         -16.646          233.382
  610 (vir)          224.306           7.446          -1.823         -16.131          246.060
  611 (vir)          224.568          -6.258          -1.758         -15.998          232.550
  612 (vir)          225.655          -1.517          -1.693         -15.785          238.230
  613 (vir)          226.169           4.961          -1.648         -15.645          245.127
  614 (vir)          226.223           4.007          -1.879         -16.795          245.146
  615 (vir)          226.728           4.397          -1.890         -16.798          246.032
  616 (vir)          227.571          -6.090          -1.797         -16.287          235.971
  617 (vir)          227.646          -7.901          -2.242         -17.135          234.637
  618 (vir)          228.190         -12.394          -1.885         -16.566          230.477
  619 (vir)          228.396           1.098          -1.604         -15.720          243.610
  620 (vir)          228.870           2.215          -2.186         -17.404          246.303
  621 (vir)          229.548           1.895          -2.629         -18.277          247.091
  622 (vir)          230.088           3.051          -2.073         -17.158          248.224
  623 (vir)          230.712          -2.869          -2.294         -17.689          243.239
  624 (vir)          231.058           4.122          -2.232         -17.397          250.346
  625 (vir)          231.697           4.117          -2.065         -17.149          250.898
  626 (vir)          232.614           6.522          -2.187         -17.409          254.359
  627 (vir)          232.802         -20.993          -2.649         -18.220          227.380
  628 (vir)          233.116          11.444          -2.436         -17.805          259.929
  629 (vir)          233.510           6.190          -2.234         -17.887          255.352
  630 (vir)          233.938           3.370          -2.077         -17.262          252.493
  631 (vir)          234.616           0.586          -2.373         -17.804          250.633
  632 (vir)          234.916           4.216          -1.660         -16.049          253.521
  633 (vir)          235.302           4.708          -2.275         -17.581          255.316
  634 (vir)          236.448          -0.602          -2.240         -17.295          250.902
  635 (vir)          237.619          -1.099          -2.387         -17.565          251.697
  636 (vir)          238.310           6.164          -1.978         -16.992          259.488
  637 (vir)          238.799           8.522          -2.317         -18.624          263.628
  638 (vir)          239.110           4.374          -2.304         -18.245          259.425
  639 (vir)          239.539          -8.253          -2.101         -17.357          246.543
  640 (vir)          240.470           6.879          -2.287         -18.205          263.266
  641 (vir)          240.656           5.425          -2.302         -18.029          261.808
  642 (vir)          241.316           9.890          -2.259         -18.414          267.361
  643 (vir)          241.877           5.218          -1.866         -17.037          262.266
  644 (vir)          242.375           6.269          -2.114         -18.024          264.555
  645 (vir)          243.485           7.050          -2.017         -17.618          266.135
  646 (vir)          243.950           7.187          -2.242         -18.584          267.480
  647 (vir)          244.511           6.619          -1.976         -17.647          266.801
  648 (vir)          244.673           5.858          -2.115         -17.917          266.334
  649 (vir)          245.255           6.661          -2.240         -18.285          267.960
  650 (vir)          245.303           7.430          -2.246         -18.426          268.914
  651 (vir)          245.822           5.321          -2.333         -18.337          267.147
  652 (vir)          245.977           6.660          -2.244         -18.727          269.120
  653 (vir)          246.352           7.080          -2.320         -18.530          269.642
  654 (vir)          246.919           8.144          -2.267         -18.519          271.315
  655 (vir)          247.621           7.679          -2.216         -18.248          271.332
  656 (vir)          248.103           7.676          -2.234         -18.583          272.128
  657 (vir)          248.425           8.025          -2.272         -18.248          272.426
  658 (vir)          249.111           7.224          -2.174         -18.525          272.686
  659 (vir)          249.351           9.562          -2.477         -18.851          275.287
  660 (vir)          249.509           7.480          -2.064         -18.035          272.961
  661 (vir)          250.156           5.110          -2.471         -18.676          271.472
  662 (vir)          250.828           6.878          -2.156         -18.469          274.019
  663 (vir)          250.960           6.617          -2.142         -18.025          273.460
  664 (vir)          251.883           8.383          -2.355         -18.830          276.741
  665 (vir)          252.484           6.885          -2.223         -18.640          275.786
  666 (vir)          253.041         -20.868          -2.943         -19.776          249.007
  667 (vir)          254.463           5.897          -2.736         -19.150          276.774
  668 (vir)          254.602          -8.076          -2.977         -19.652          263.201
  669 (vir)          255.491           5.169          -2.229         -18.163          276.595
  670 (vir)          255.823           6.852          -2.839         -19.531          279.366
  671 (vir)          257.857           4.060          -2.626         -19.104          278.395
  672 (vir)          258.647           5.919          -2.497         -18.940          281.009
  673 (vir)          260.094           7.381          -2.391         -18.683          283.767
  674 (vir)          260.436          -0.758          -2.832         -19.615          276.461
  675 (vir)          260.844         -12.304          -2.168         -18.321          264.693
  676 (vir)          261.400           2.360          -2.410         -18.856          280.206
  677 (vir)          262.050           7.094          -2.451         -19.099          285.792
  678 (vir)          262.904         -10.806          -2.352         -18.781          268.527
  679 (vir)          263.278           7.199          -2.566         -19.706          287.616
  680 (vir)          264.116           7.385          -2.516         -19.025          288.010
  681 (vir)          265.708           2.917          -2.856         -19.596          285.365
  682 (vir)          266.019           6.168          -1.773         -17.244          287.657
  683 (vir)          266.413           4.393          -2.106         -18.227          286.928
  684 (vir)          267.617           0.246          -2.214         -18.435          284.084
  685 (vir)          268.610           6.415          -1.983         -17.983          291.024
  686 (vir)          269.154           2.456          -2.498         -18.996          288.108
  687 (vir)          269.511          10.166          -2.201         -18.353          295.829
  688 (vir)          270.002           9.162          -2.362         -19.290          296.091
  689 (vir)          270.591           0.341          -2.467         -19.046          287.511
  690 (vir)          272.056           6.567          -2.734         -20.231          296.120
  691 (vir)          273.111           4.305          -2.629         -20.013          294.799
  692 (vir)          273.489         -11.402          -2.730         -19.603          278.960
  693 (vir)          274.138           4.179          -3.489         -20.893          295.721
  694 (vir)          274.474           4.955          -3.069         -20.193          296.553
  695 (vir)          275.925           4.217          -2.845         -19.971          297.269
  696 (vir)          276.716          -0.800          -2.790         -19.633          292.760
  697 (vir)          277.243           8.307          -2.768         -20.325          303.107
  698 (vir)          277.893          -0.014          -2.627         -19.699          294.951
  699 (vir)          278.609           6.827          -2.612         -20.195          303.019
  700 (vir)          278.899          10.619          -2.553         -19.427          306.392
  701 (vir)          279.122          12.490          -2.633         -20.100          309.079
  702 (vir)          280.727          -1.125          -3.150         -20.449          296.902
  703 (vir)          283.080           1.806          -3.184         -20.151          301.852
  704 (vir)          284.774           0.413          -2.262         -18.775          301.699
  705 (vir)          284.859           7.458          -2.448         -19.971          309.840
  706 (vir)          285.221           2.013          -2.668         -19.651          304.217
  707 (vir)          286.143           5.718          -2.597         -20.245          309.509
  708 (vir)          287.447           1.636          -3.403         -20.758          306.437
  709 (vir)          290.266           4.805          -3.000         -20.422          312.493
  710 (vir)          291.252           3.787          -4.214         -22.059          312.884
  711 (vir)          293.274           3.253          -2.775         -20.176          313.927
  712 (vir)          293.936           0.892          -2.962         -20.298          312.163
  713 (vir)          296.098           5.316          -3.468         -21.354          319.301
  714 (vir)          296.457           8.826          -3.498         -23.137          324.922
  715 (vir)          297.804           8.248          -3.430         -22.692          325.315
  716 (vir)          299.334           0.479          -3.909         -21.881          317.786
  717 (vir)          302.396           3.534          -2.939         -20.502          323.492
  718 (vir)          303.792           2.955          -2.849         -20.456          324.354
  719 (vir)          306.456           3.399          -3.143         -20.868          327.579
  720 (vir)          307.110          -0.118          -3.220         -21.056          324.828
  721 (vir)          307.810           9.839          -3.241         -22.705          337.113
  722 (vir)          309.270          -2.647          -3.493         -21.499          324.630
  723 (vir)          309.397           2.737          -3.547         -21.765          330.352
  724 (vir)          311.117           4.227          -1.811         -17.931          331.465
  725 (vir)          311.349           4.392          -3.246         -21.455          333.950
  726 (vir)          312.767           4.406          -2.583         -19.937          334.527
  727 (vir)          312.878           4.327          -1.810         -18.025          333.420
  728 (vir)          313.191           3.760          -2.509         -19.642          334.083
  729 (vir)          313.640           6.550          -3.241         -22.111          339.059
  730 (vir)          314.635           2.799          -2.959         -20.282          334.757
  731 (vir)          316.739           3.694          -3.966         -22.606          339.072
  732 (vir)          318.514           3.687          -3.691         -22.481          340.991
  733 (vir)          319.257           4.858          -2.410         -19.814          341.518
  734 (vir)          319.283           7.317          -3.064         -21.948          345.484
  735 (vir)          319.747          -2.342          -3.297         -21.277          335.386
  736 (vir)          320.499           5.277          -3.164         -21.289          343.902
  737 (vir)          321.938           2.805          -4.229         -23.830          344.343
  738 (vir)          323.912           3.290          -2.333         -19.605          344.475
  739 (vir)          324.541           2.948          -2.612         -20.270          345.148
  740 (vir)          326.352           1.691          -3.478         -21.940          346.503
  741 (vir)          326.661           3.473          -4.379         -25.616          351.371
  742 (vir)          328.001           1.407          -3.687         -23.048          348.769
  743 (vir)          328.913           1.325          -4.458         -23.726          349.506
  744 (vir)          329.857           3.925          -3.562         -22.877          353.097
  745 (vir)          331.739           9.636          -4.052         -24.771          362.094
  746 (vir)          335.965           4.105          -2.211         -19.520          357.379
  747 (vir)          343.085           2.544          -2.542         -19.086          362.173
  748 (vir)          353.850          15.437          -3.686         -24.582          390.183
  749 (vir)          364.306         -18.246          -3.699         -24.590          366.952
  750 (vir)          382.168           3.309          -9.406         -31.691          407.762
  751 (vir)          389.295           3.088          -4.897         -26.840          414.326
  752 (vir)          390.182          -0.239          -2.392         -19.639          407.190
  753 (vir)          401.723         -19.136          -3.302         -21.414          400.698
  754 (vir)          402.398           3.395          -3.316         -21.396          423.873
  755 (vir)          405.089           2.168          -3.653         -22.002          425.607
  756 (vir)          755.819           1.089         -13.011         -46.320          790.216
  757 (vir)          763.072           1.096         -12.847         -46.117          797.439
  758 (vir)          769.332           0.945         -12.786         -46.075          803.565
  759 (vir)          775.608           1.156         -12.677         -45.950          810.037
  760 (vir)          777.647           1.071         -12.667         -45.977          812.028
  761 (vir)         1018.388           1.362         -15.396         -54.154         1058.508
  762 (vir)         1019.585           1.384         -15.376         -54.171         1059.764
  763 (vir)         1026.187           1.411         -15.234         -54.044         1066.408
  764 (vir)         1028.507           1.414         -15.202         -54.024         1068.744
  765 (vir)         1030.788           1.389         -15.146         -53.926         1070.957
  766 (vir)         1304.243           1.260         -17.996         -62.258         1349.764
  767 (vir)         3986.718           1.314         -14.780         -94.566         4067.818
  768 (vir)         3993.049           1.333         -14.740         -94.521         4074.164
  769 (vir)         3999.846           1.344         -14.721         -94.507         4080.975
  770 (vir)         4005.644           1.346         -14.699         -94.492         4086.783
  771 (vir)         4007.972           1.353         -14.689         -94.482         4089.118
  772 (vir)         5342.895           0.986         -17.624        -110.445         5436.703
  773 (vir)         5344.309           0.989         -17.609        -110.434         5438.123
  774 (vir)         5351.306           0.992         -17.555        -110.385         5445.128
  775 (vir)         5353.846           0.993         -17.544        -110.375         5447.671
  776 (vir)         5355.519           0.990         -17.537        -110.367         5449.339
  777 (vir)         6872.100           0.354         -20.605        -126.345         6978.194
