 
  kpoint:     0.0000    0.0000    0.0000
 
    n          ϵ_nk^DFT (eV)     Σ^c_nk (eV)     Σ^x_nk (eV)     v_n^xc (eV)   ϵ_nk^G0W0 (eV)
 
    1 (occ)        -8748.446           2.439        -529.883        -327.493        -8948.396
    2 (occ)        -8748.446           2.439        -529.883        -327.493        -8948.396
    3 (occ)        -1040.960           3.645        -189.630        -116.405        -1110.540
    4 (occ)        -1040.960           3.645        -189.630        -116.405        -1110.539
    5 (occ)         -912.863           3.278        -183.083        -123.110         -969.557
    6 (occ)         -912.862           3.314        -183.084        -123.111         -969.521
    7 (occ)         -912.826           3.319        -183.151        -123.137         -969.521
    8 (occ)         -912.826           3.319        -183.151        -123.137         -969.521
    9 (occ)         -912.826           3.332        -183.151        -123.138         -969.507
   10 (occ)         -912.826           3.332        -183.151        -123.138         -969.507
   11 (occ)         -111.033          12.146         -76.694         -48.566         -127.014
   12 (occ)         -111.014          12.163         -76.713         -48.590         -126.974
   13 (occ)          -71.308          12.823         -68.009         -46.120          -80.375
   14 (occ)          -71.168          13.165         -68.152         -46.318          -79.836
   15 (occ)          -71.111          13.110         -68.135         -46.234          -79.903
   16 (occ)          -71.111          13.110         -68.135         -46.234          -79.903
   17 (occ)          -71.098          12.562         -68.162         -46.258          -80.439
   18 (occ)          -71.098          12.562         -68.162         -46.258          -80.439
   19 (occ)           -6.432           4.724         -33.852         -26.860           -8.700
   20 (occ)           -5.747           7.682         -44.110         -34.312           -7.864
   21 (occ)           -5.747           7.682         -44.110         -34.312           -7.864
   22 (occ)           -5.229           7.519         -45.293         -35.307           -7.697
   23 (occ)           -5.229           7.519         -45.293         -35.307           -7.697
   24 (occ)           -5.117           2.006         -21.826         -17.473           -7.465
   25 (occ)           -5.004           7.442         -46.411         -36.316           -7.657
   26 (occ)           -5.004           7.442         -46.411         -36.316           -7.657
   27 (occ)           -4.816           7.049         -46.317         -36.590           -7.495
   28 (occ)           -4.816           7.049         -46.317         -36.590           -7.495
   29 (occ)           -4.769           6.471         -45.054         -35.668           -7.684
   30 (vir)           -2.993          -1.610          -4.261          -7.931           -0.932
   31 (vir)           -1.149          -1.019          -2.463          -5.250            0.619
   32 (vir)           -1.149          -1.019          -2.463          -5.250            0.619
   33 (vir)           -0.537          -1.551          -2.220          -5.082            0.775
   34 (vir)            0.665          -0.854          -1.506          -3.607            1.911
   35 (vir)            0.665          -0.854          -1.506          -3.607            1.911
   36 (vir)            1.163          -0.545          -0.886          -2.287            2.019
   37 (vir)            1.241          -0.865          -1.082          -3.084            2.378
   38 (vir)            2.175          -0.704          -1.501          -3.580            3.549
   39 (vir)            2.175          -0.704          -1.501          -3.580            3.549
   40 (vir)            2.339          -0.695          -1.454          -3.518            3.708
   41 (vir)            2.801          -0.508          -0.424          -1.844            3.713
   42 (vir)            3.126          -1.156          -1.632          -3.953            4.290
   43 (vir)            3.126          -1.156          -1.632          -3.953            4.290
   44 (vir)            3.444          -0.893          -1.840          -4.408            5.118
   45 (vir)            3.444          -0.893          -1.840          -4.408            5.118
   46 (vir)            4.553          -0.643          -1.320          -3.651            6.241
   47 (vir)            4.553          -0.643          -1.320          -3.651            6.241
   48 (vir)            4.852          -0.595          -0.830          -3.007            6.434
   49 (vir)            4.852          -0.595          -0.830          -3.007            6.434
   50 (vir)            5.146          -0.846          -2.379          -4.853            6.775
   51 (vir)            6.372          -0.731          -1.682          -3.924            7.884
   52 (vir)            7.069          -0.625          -0.529          -2.857            8.771
   53 (vir)            7.069          -0.625          -0.529          -2.857            8.771
   54 (vir)            9.403          -1.146          -1.719          -4.885           11.423
   55 (vir)            9.700          -1.576          -2.493          -6.721           12.353
   56 (vir)           11.054          -1.309          -3.041          -7.280           13.984
   57 (vir)           11.054          -1.309          -3.041          -7.280           13.984
   58 (vir)           11.409          -1.085          -2.374          -6.551           14.501
   59 (vir)           12.128          -1.055          -3.435          -7.859           15.497
   60 (vir)           12.350          -0.505          -3.907          -8.061           16.000
   61 (vir)           12.350          -0.505          -3.907          -8.061           16.000
   62 (vir)           12.791          -1.113          -2.397          -6.741           16.022
   63 (vir)           12.791          -1.113          -2.397          -6.741           16.022
   64 (vir)           13.579          -0.698          -4.358          -8.985           17.508
   65 (vir)           13.579          -0.698          -4.358          -8.985           17.508
   66 (vir)           14.657          -0.325          -3.451          -7.763           18.644
   67 (vir)           14.658          -0.325          -3.451          -7.764           18.644
   68 (vir)           15.812          -0.703          -1.694          -5.417           18.832
   69 (vir)           16.819          -0.642          -3.917          -8.449           20.709
   70 (vir)           17.833          -0.616          -2.667          -7.301           21.850
   71 (vir)           17.833          -0.616          -2.667          -7.301           21.850
   72 (vir)           22.731          -1.513          -3.401          -9.340           27.157
   73 (vir)           37.381          -1.864          -7.029         -15.158           43.646
   74 (vir)           38.445          -1.615          -6.281         -14.114           44.663
   75 (vir)           38.445          -1.615          -6.281         -14.114           44.663
   76 (vir)           40.446          -1.681          -6.755         -14.962           46.972
   77 (vir)           40.446          -1.681          -6.755         -14.962           46.972
   78 (vir)           41.643          -1.755          -6.757         -15.018           48.149
   79 (vir)           41.643          -1.755          -6.757         -15.018           48.149
   80 (vir)           43.749          -1.953          -6.920         -15.543           50.419
   81 (vir)           43.749          -1.953          -6.920         -15.543           50.419
   82 (vir)           45.745          -1.781          -6.427         -15.194           52.731
   83 (vir)           46.908          -1.995          -8.788         -19.169           55.295
   84 (vir)           46.908          -1.995          -8.788         -19.169           55.295
   85 (vir)           47.963          -2.146          -7.853         -17.766           55.730
   86 (vir)           48.526          -1.302          -8.597         -18.919           57.545
   87 (vir)           48.526          -1.302          -8.597         -18.919           57.545
   88 (vir)           51.028          -2.479          -8.804         -19.245           58.990
   89 (vir)           53.341          -1.289          -4.432         -13.412           61.033
   90 (vir)           53.341          -1.289          -4.432         -13.412           61.033
   91 (vir)           54.933          -1.172          -4.285         -13.277           62.752
   92 (vir)           54.933          -1.172          -4.285         -13.277           62.753
   93 (vir)           56.659          -1.462          -4.304         -13.428           64.321
   94 (vir)           56.659          -1.462          -4.304         -13.428           64.321
   95 (vir)           57.087          -1.348          -4.302         -13.463           64.899
   96 (vir)           57.087          -1.348          -4.302         -13.463           64.899
   97 (vir)           59.033          -1.265          -4.329         -13.610           67.049
   98 (vir)           59.033          -1.265          -4.329         -13.610           67.049
   99 (vir)           59.464          -1.723          -5.934         -15.635           67.442
  100 (vir)           66.503          -2.828          -9.456         -21.209           75.427
  101 (vir)           66.682          -1.131          -4.751         -14.505           75.305
  102 (vir)           66.682          -1.131          -4.751         -14.505           75.305
  103 (vir)           66.954          -2.390          -8.232         -19.354           75.685
  104 (vir)           86.203          -1.971          -7.493         -19.201           95.941
  105 (vir)          119.989          -2.913         -13.026         -30.252          134.303
  106 (vir)          119.989          -2.913         -13.026         -30.252          134.303
  107 (vir)          120.161          -3.540         -12.973         -30.076          133.723
  108 (vir)          120.161          -3.540         -12.973         -30.076          133.723
  109 (vir)          121.497          -3.323         -12.864         -29.947          135.257
  110 (vir)          121.497          -3.323         -12.864         -29.947          135.257
  111 (vir)          124.116          -2.556         -12.597         -29.654          138.617
  112 (vir)          124.116          -2.556         -12.597         -29.654          138.617
  113 (vir)          126.150          -2.428         -12.717         -30.095          141.100
  114 (vir)          128.180          -3.100         -11.981         -28.616          141.715
  115 (vir)          181.004          -3.121         -13.571         -31.109          195.421
  116 (vir)          181.004          -3.121         -13.571         -31.109          195.421
  117 (vir)          182.177          -3.155         -13.557         -31.087          196.551
  118 (vir)          182.177          -3.155         -13.557         -31.087          196.551
  119 (vir)          183.198          -3.112         -13.526         -31.043          197.602
  120 (vir)          183.198          -3.112         -13.526         -31.043          197.602
  121 (vir)          183.444          -3.233         -13.511         -31.030          197.729
  122 (vir)          183.444          -3.233         -13.511         -31.030          197.729
  123 (vir)          183.765          -3.163         -13.416         -31.019          198.205
  124 (vir)          184.605          -3.213         -13.412         -30.969          198.949
  125 (vir)          184.605          -3.213         -13.412         -30.969          198.949
  126 (vir)          189.633          -3.145         -13.093         -30.743          204.138
  127 (vir)          189.633          -3.145         -13.093         -30.743          204.138
  128 (vir)          199.984          -2.946         -12.535         -30.320          214.822
  129 (vir)          296.620          -0.813         -18.903         -42.799          319.702
  130 (vir)          304.317          -0.725         -18.605         -42.537          327.523
  131 (vir)          347.975          -3.237          -9.381         -33.974          369.331
  132 (vir)          347.975          -3.237          -9.381         -33.974          369.331
  133 (vir)          347.985          -1.956          -9.378         -33.974          370.625
  134 (vir)          347.985          -1.956          -9.378         -33.974          370.625
  135 (vir)          347.993          -2.949          -9.381         -33.970          369.632
  136 (vir)          347.997          -3.784          -9.394         -33.984          368.803
  137 (vir)          347.997          -2.973          -9.393         -33.984          369.615
  138 (vir)          347.998          -3.784          -9.394         -33.983          368.803
  139 (vir)          347.998          -2.973          -9.393         -33.983          369.615
  140 (vir)          348.054          -7.116          -9.405         -33.995          365.528
  141 (vir)          348.054          -7.116          -9.405         -33.995          365.528
  142 (vir)          348.054          -5.913          -9.405         -33.995          366.731
  143 (vir)          348.054          -5.913          -9.405         -33.995          366.731
  144 (vir)          348.123          -3.147          -9.418         -34.001          369.559
  145 (vir)          348.123          -3.180          -9.418         -34.001          369.527
  146 (vir)          348.123          -3.179          -9.418         -34.001          369.527
  147 (vir)          348.123          -3.147          -9.418         -34.001          369.559
  148 (vir)          348.209          -1.522          -9.379         -33.974          371.283
  149 (vir)          556.669          -3.173         -14.734         -47.655          586.418
  150 (vir)          556.669          -3.173         -14.734         -47.655          586.418
  151 (vir)          557.478          -3.228         -14.725         -47.627          587.152
  152 (vir)          557.479          -3.228         -14.725         -47.626          587.152
  153 (vir)          558.035          -3.138         -14.709         -47.587          587.774
  154 (vir)          558.035          -3.138         -14.709         -47.587          587.774
  155 (vir)          558.164          -3.103         -14.703         -47.581          587.938
  156 (vir)          558.164          -3.103         -14.703         -47.581          587.938
  157 (vir)          558.173          -3.134         -14.661         -47.589          587.968
  158 (vir)          558.815          -3.064         -14.667         -47.568          588.652
  159 (vir)          558.815          -3.064         -14.667         -47.568          588.652
  160 (vir)          561.680          -2.938         -14.530         -47.448          591.661
  161 (vir)          561.680          -2.938         -14.530         -47.448          591.661
  162 (vir)          567.476          -2.850         -14.307         -47.223          597.542
  163 (vir)         1083.252          -1.211         -30.011         -72.542         1124.572
  164 (vir)         1090.276          -1.190         -29.890         -72.466         1131.662
  165 (vir)         3715.190          -1.029         -53.087        -133.673         3794.748
  166 (vir)         3721.830          -1.027         -53.029        -133.639         3801.413
  167 (vir)        24439.420          -1.360        -109.446        -341.301        24669.916
  168 (vir)        24451.147          -1.359        -109.425        -341.317        24681.680
