 
  kpoint:     0.0000    0.0000    0.0000
 
    n          ϵ_nk^DFT (eV)     Σ^c_nk (eV)     Σ^x_nk (eV)     v_n^xc (eV)   ϵ_nk^G0W0 (eV)
 
    1 (occ)          -15.748           1.649         -27.590         -18.219          -23.470
    2 (vir)            7.475          -0.263          -2.395          -6.188           11.005
    3 (vir)           22.727          -0.980          -2.694          -9.498           28.551
    4 (vir)           22.727          -0.980          -2.694          -9.498           28.551
    5 (vir)           22.727          -0.980          -2.694          -9.498           28.551
    6 (vir)           51.490          -1.438          -4.112         -13.011           58.952
    7 (vir)           95.111          -0.397          -1.526         -11.996          105.184
    8 (vir)           95.111          -0.397          -1.526         -11.996          105.184
    9 (vir)           95.111          -0.397          -1.526         -11.996          105.184
   10 (vir)           95.111          -0.397          -1.526         -11.996          105.184
   11 (vir)           95.111          -0.397          -1.526         -11.996          105.184
   12 (vir)          116.710          -3.858          -3.596         -16.538          125.795
   13 (vir)          116.710          -3.858          -3.596         -16.538          125.795
   14 (vir)          116.710          -3.858          -3.596         -16.538          125.795
   15 (vir)          256.259           4.954          -4.623         -25.879          282.468
   16 (vir)          300.001          -1.576          -1.195         -16.243          313.473
   17 (vir)          300.001          -1.564          -1.195         -16.243          313.484
   18 (vir)          300.001          -1.561          -1.195         -16.243          313.487
   19 (vir)          300.001          -1.576          -1.195         -16.243          313.473
   20 (vir)          300.001          -1.575          -1.195         -16.243          313.474
   21 (vir)          300.001          -1.571          -1.195         -16.243          313.478
   22 (vir)          300.001          -1.578          -1.195         -16.243          313.470
   23 (vir)          420.642           3.480          -2.055         -21.683          443.750
   24 (vir)          420.642           3.480          -2.055         -21.683          443.750
   25 (vir)          420.642           3.481          -2.055         -21.683          443.751
   26 (vir)          420.642           3.479          -2.055         -21.683          443.749
   27 (vir)          420.642           3.481          -2.055         -21.683          443.751
   28 (vir)          461.588           3.624          -3.096         -25.791          487.907
   29 (vir)          461.588           3.624          -3.096         -25.791          487.907
   30 (vir)          461.588           3.624          -3.096         -25.791          487.907
