 
  kpoint:     0.0000    0.0000    0.0000
 
    n          ϵ_nk^DFT (eV)     Σ^c_nk (eV)     Σ^x_nk (eV)     v_n^xc (eV)   ϵ_nk^G0W0 (eV)
 
    1 (occ)       -32926.113           3.990       -1016.318        -623.824       -33314.616
    2 (occ)        -4993.273           5.242        -401.834        -243.086        -5146.779
    3 (occ)        -4698.942           7.160        -396.826        -258.011        -4830.598
    4 (occ)        -4698.942           7.160        -396.826        -258.011        -4830.598
    5 (occ)        -4698.942           7.160        -396.826        -258.011        -4830.598
    6 (occ)        -1019.275           9.218        -188.876        -115.862        -1083.070
    7 (occ)         -894.741           9.999        -181.016        -118.144         -947.614
    8 (occ)         -894.741           9.999        -181.016        -118.144         -947.614
    9 (occ)         -894.741           9.999        -181.016        -118.144         -947.614
   10 (occ)         -663.194           9.239        -168.398        -121.616         -700.736
   11 (occ)         -663.194           9.239        -168.398        -121.616         -700.736
   12 (occ)         -663.194           9.239        -168.398        -121.616         -700.736
   13 (occ)         -663.194           9.239        -168.398        -121.616         -700.736
   14 (occ)         -663.194           9.239        -168.398        -121.616         -700.736
   15 (occ)         -182.236          12.570         -84.630         -53.858         -200.438
   16 (occ)         -138.025          12.183         -76.517         -51.805         -150.554
   17 (occ)         -138.025          12.183         -76.517         -51.805         -150.554
   18 (occ)         -138.025          12.183         -76.517         -51.805         -150.554
   19 (occ)          -62.130           4.699         -58.611         -45.835          -70.208
   20 (occ)          -62.130           4.699         -58.611         -45.835          -70.208
   21 (occ)          -62.130           4.699         -58.611         -45.835          -70.208
   22 (occ)          -62.130           4.699         -58.611         -45.835          -70.208
   23 (occ)          -62.130           4.699         -58.611         -45.835          -70.208
   24 (occ)          -18.066           4.494         -25.260         -17.834          -20.999
   25 (occ)           -8.270           0.222         -18.578         -14.623          -12.003
   26 (occ)           -8.270           0.222         -18.578         -14.623          -12.003
   27 (occ)           -8.270           0.222         -18.578         -14.623          -12.003
   28 (vir)            4.834          -1.526          -3.661          -8.296            7.942
   29 (vir)            4.863          -0.723          -2.763          -6.454            7.831
   30 (vir)            4.863          -0.723          -2.763          -6.454            7.831
   31 (vir)            4.863          -0.723          -2.763          -6.454            7.831
   32 (vir)            7.221          -2.239          -7.066         -12.973           10.889
   33 (vir)            7.221          -2.239          -7.066         -12.973           10.889
   34 (vir)            7.221          -2.239          -7.066         -12.973           10.889
   35 (vir)            7.221          -2.239          -7.066         -12.973           10.889
   36 (vir)            7.221          -2.239          -7.066         -12.973           10.889
   37 (vir)           14.751          -4.166          -7.489         -16.389           19.485
   38 (vir)           14.751          -4.166          -7.489         -16.389           19.485
   39 (vir)           14.751          -4.166          -7.489         -16.389           19.485
   40 (vir)           14.751          -4.166          -7.489         -16.389           19.485
   41 (vir)           14.751          -4.166          -7.489         -16.389           19.485
   42 (vir)           14.751          -4.166          -7.489         -16.389           19.485
   43 (vir)           14.751          -4.166          -7.489         -16.389           19.485
   44 (vir)           30.686          -3.284         -11.153         -21.929           38.179
   45 (vir)           30.686          -3.284         -11.153         -21.929           38.179
   46 (vir)           30.686          -3.284         -11.153         -21.929           38.179
   47 (vir)           30.686          -3.284         -11.153         -21.929           38.179
   48 (vir)           30.686          -3.284         -11.153         -21.929           38.179
   49 (vir)           30.686          -3.284         -11.153         -21.929           38.179
   50 (vir)           30.686          -3.284         -11.153         -21.929           38.179
   51 (vir)           34.035          -3.341          -6.800         -15.397           39.290
   52 (vir)           34.035          -3.341          -6.800         -15.397           39.290
   53 (vir)           34.035          -3.341          -6.800         -15.397           39.290
   54 (vir)           44.657          -2.092          -8.120         -17.779           52.225
   55 (vir)           48.043          -2.727          -9.180         -20.134           56.270
   56 (vir)           48.043          -2.727          -9.180         -20.134           56.270
   57 (vir)           48.043          -2.727          -9.180         -20.134           56.270
   58 (vir)           48.043          -2.727          -9.180         -20.134           56.270
   59 (vir)           48.043          -2.727          -9.180         -20.134           56.270
   60 (vir)           51.394           1.361          -2.414         -12.678           63.019
   61 (vir)           51.394           1.361          -2.414         -12.678           63.019
   62 (vir)           51.394           1.361          -2.414         -12.678           63.019
   63 (vir)           51.394           1.361          -2.414         -12.678           63.019
   64 (vir)           51.394           1.361          -2.414         -12.678           63.019
   65 (vir)           51.394           1.361          -2.414         -12.678           63.019
   66 (vir)           51.394           1.361          -2.414         -12.678           63.019
   67 (vir)           51.394           1.361          -2.414         -12.678           63.019
   68 (vir)           51.394           1.361          -2.414         -12.678           63.019
   69 (vir)           88.365          -3.353         -13.357         -30.092          101.746
   70 (vir)           88.365          -3.353         -13.357         -30.092          101.746
   71 (vir)           88.365          -3.353         -13.357         -30.092          101.746
   72 (vir)           88.365          -3.353         -13.357         -30.092          101.746
   73 (vir)           88.365          -3.353         -13.357         -30.092          101.746
   74 (vir)           88.365          -3.353         -13.357         -30.092          101.746
   75 (vir)           88.365          -3.353         -13.357         -30.092          101.746
   76 (vir)          154.372          -3.742         -18.135         -37.124          169.619
   77 (vir)          154.372          -3.742         -18.135         -37.124          169.619
   78 (vir)          154.372          -3.742         -18.135         -37.124          169.619
   79 (vir)          181.719          -4.175         -15.607         -36.136          198.073
   80 (vir)          181.719          -4.175         -15.607         -36.136          198.073
   81 (vir)          181.719          -4.175         -15.607         -36.136          198.073
   82 (vir)          181.719          -4.175         -15.607         -36.136          198.073
   83 (vir)          181.719          -4.175         -15.607         -36.136          198.073
   84 (vir)          201.481          -1.453         -17.643         -37.459          219.844
   85 (vir)          330.234          -3.476         -18.265         -47.421          355.913
   86 (vir)          330.234          -3.476         -18.265         -47.421          355.913
   87 (vir)          330.234          -3.476         -18.265         -47.421          355.913
   88 (vir)          330.234          -3.476         -18.265         -47.421          355.913
   89 (vir)          330.234          -3.476         -18.265         -47.421          355.913
   90 (vir)          330.234          -3.476         -18.265         -47.421          355.913
   91 (vir)          330.234          -3.476         -18.265         -47.421          355.913
   92 (vir)          601.857          -3.469         -35.111         -73.007          636.284
   93 (vir)          601.857          -3.469         -35.111         -73.007          636.284
   94 (vir)          601.857          -3.469         -35.111         -73.007          636.284
   95 (vir)          601.857          -3.469         -35.111         -73.007          636.284
   96 (vir)          601.857          -3.469         -35.111         -73.007          636.284
   97 (vir)          784.234           0.369         -33.300         -70.330          821.633
   98 (vir)         1347.544           0.592         -64.180        -122.755         1406.711
   99 (vir)         1347.544           0.592         -64.180        -122.755         1406.711
  100 (vir)         1347.544           0.592         -64.180        -122.755         1406.711
  101 (vir)         2649.487          -1.403         -52.995        -120.977         2716.065
  102 (vir)         7968.634          -2.182         -74.981        -190.077         8081.548
  103 (vir)        22934.190          -1.828         -98.801        -288.422        23121.983
  104 (vir)        66780.426          -1.508        -133.927        -458.487        67103.479
  105 (vir)       308120.726          -1.931        -155.074        -873.983       308837.704
