 
  kpoint:     0.0000    0.0000    0.0000
 
    n          ϵ_nk^DFT (eV)     Σ^c_nk (eV)     Σ^x_nk (eV)     v_n^xc (eV)   ϵ_nk^G0W0 (eV)
 
    1 (occ)         -510.421           2.825        -132.591         -83.741         -556.446
    2 (occ)         -271.585           3.632         -96.891         -61.534         -303.310
    3 (occ)         -269.499           4.120         -96.873         -61.542         -300.709
    4 (occ)          -26.291           7.786         -33.599         -21.906          -30.198
    5 (occ)          -18.641           4.915         -24.983         -16.396          -22.313
    6 (occ)          -14.245           3.044         -23.124         -16.082          -18.243
    7 (occ)          -11.660           2.638         -22.779         -16.462          -15.339
    8 (occ)          -11.082           1.344         -19.723         -14.555          -14.906
    9 (occ)          -10.614           2.493         -24.483         -18.239          -14.365
   10 (occ)           -9.635           1.257         -20.840         -15.495          -13.721
   11 (occ)           -9.096           1.004         -21.599         -16.971          -12.721
   12 (occ)           -5.961           2.064         -24.134         -18.525           -9.505
   13 (vir)           -2.125          -2.802          -9.049         -15.006            1.030
   14 (vir)            0.143          -1.060          -2.183          -5.302            2.202
   15 (vir)            0.724          -1.154          -2.218          -5.505            2.856
   16 (vir)            1.504          -1.044          -1.788          -4.889            3.561
   17 (vir)            1.861          -1.185          -2.243          -5.600            4.033
   18 (vir)            2.221          -1.146          -2.071          -5.406            4.410
   19 (vir)            2.730          -1.083          -1.775          -5.028            4.901
   20 (vir)            3.195          -1.111          -1.545          -4.813            5.351
   21 (vir)            3.534          -1.159          -1.627          -4.936            5.683
   22 (vir)            3.947          -0.990          -1.093          -4.070            5.935
   23 (vir)            5.378          -1.000          -1.787          -4.858            7.449
   24 (vir)            5.767          -2.250          -3.767          -8.730            8.479
   25 (vir)            6.977          -1.904          -3.288          -7.685            9.469
   26 (vir)            7.123          -1.445          -2.015          -5.866            9.529
   27 (vir)            7.580          -2.130          -3.110          -7.654            9.994
   28 (vir)            7.866          -2.056          -3.399          -7.849           10.260
   29 (vir)            8.235          -2.027          -3.007          -7.510           10.712
   30 (vir)            8.638          -2.485          -4.051          -9.301           11.403
   31 (vir)            9.244          -1.770          -2.033          -6.235           11.677
   32 (vir)            9.904          -2.516          -3.778          -9.207           12.817
   33 (vir)           10.333          -2.300          -3.119          -8.254           13.167
   34 (vir)           11.479          -1.862          -2.365          -6.832           14.083
   35 (vir)           11.526          -1.593          -1.553          -5.586           13.966
   36 (vir)           13.764          -2.793          -2.717          -8.173           16.426
   37 (vir)           14.823          -2.487          -2.260          -7.518           17.594
   38 (vir)           15.959          -2.459          -2.323          -7.442           18.619
   39 (vir)           16.203          -2.543          -2.169          -7.493           18.985
   40 (vir)           16.282          -2.755          -2.835          -8.286           18.978
   41 (vir)           16.863          -2.746          -2.512          -7.990           19.595
   42 (vir)           17.232          -2.510          -1.838          -7.086           19.970
   43 (vir)           18.013          -2.891          -1.824          -7.294           20.593
   44 (vir)           18.798          -3.177          -2.128          -8.037           21.530
   45 (vir)           18.862          -3.480          -2.784          -9.086           21.684
   46 (vir)           19.707          -2.900          -2.926          -8.714           22.595
   47 (vir)           20.110          -3.011          -1.659          -7.334           22.774
   48 (vir)           20.605          -2.963          -2.140          -7.797           23.299
   49 (vir)           20.994          -2.808          -1.917          -7.361           23.630
   50 (vir)           21.523          -3.066          -2.342          -8.170           24.285
   51 (vir)           21.790          -3.152          -2.202          -7.934           24.370
   52 (vir)           22.377          -2.862          -2.183          -7.661           24.992
   53 (vir)           22.995          -2.773          -2.131          -7.574           25.665
   54 (vir)           24.839          -2.756          -1.549          -7.122           27.657
   55 (vir)           25.821          -2.798          -1.749          -7.397           28.671
   56 (vir)           26.407          -3.052          -1.857          -7.806           29.305
   57 (vir)           26.654          -2.506          -1.070          -6.313           29.391
   58 (vir)           26.950          -2.499          -1.163          -6.478           29.766
   59 (vir)           28.263          -3.117          -1.906          -8.073           31.313
   60 (vir)           28.393          -3.025          -1.536          -7.275           31.107
   61 (vir)           29.216          -3.160          -2.262          -8.676           32.469
   62 (vir)           30.319          -2.680          -1.453          -7.399           33.585
   63 (vir)           32.959          -2.737          -1.777          -8.145           36.591
   64 (vir)           34.311          -2.505          -1.924          -8.307           38.189
   65 (vir)           34.817          -2.894          -2.453          -9.479           38.949
   66 (vir)           36.063          -3.366          -3.324         -10.990           40.363
   67 (vir)           36.164          -2.490          -1.845          -8.248           40.076
   68 (vir)           36.699          -2.806          -2.141          -8.911           40.664
   69 (vir)           37.118          -2.694          -2.673          -9.782           41.533
   70 (vir)           37.554          -3.249          -3.532         -10.978           41.751
   71 (vir)           39.000          -2.818          -2.638         -10.008           43.552
   72 (vir)           40.855          -2.899          -2.511         -10.121           45.566
   73 (vir)           42.365          -2.128          -2.817         -10.763           48.184
   74 (vir)           44.176          -2.413          -3.365         -11.711           50.109
   75 (vir)           44.958          -2.259          -2.503         -10.754           50.950
   76 (vir)           45.692          -1.919          -2.260         -10.510           52.023
   77 (vir)           46.667          -1.951          -1.963          -9.983           52.736
   78 (vir)           47.181          -1.825          -2.433         -10.895           53.818
   79 (vir)           47.987          -1.896          -2.316         -10.587           54.362
   80 (vir)           49.055          -1.758          -2.467         -10.995           55.825
   81 (vir)           49.659          -1.604          -2.278         -10.690           56.466
   82 (vir)           50.658          -1.647          -2.461         -11.065           57.615
   83 (vir)           50.815          -1.630          -2.541         -10.656           57.301
   84 (vir)           51.356          -1.737          -2.730         -11.283           58.172
   85 (vir)           51.743          -1.446          -2.469         -11.186           59.014
   86 (vir)           52.291          -1.593          -2.400         -10.865           59.163
   87 (vir)           53.456          -1.645          -2.429         -11.010           60.391
   88 (vir)           53.685          -1.435          -2.144         -10.622           60.728
   89 (vir)           54.765          -1.809          -2.274         -11.042           61.723
   90 (vir)           55.466          -1.402          -2.034         -10.489           62.519
   91 (vir)           55.857          -1.788          -1.929         -10.342           62.482
   92 (vir)           55.963          -1.322          -1.878         -10.178           62.940
   93 (vir)           56.510          -2.088          -2.268         -11.091           63.244
   94 (vir)           56.958          -1.075          -1.908         -10.471           64.445
   95 (vir)           58.597          -1.264          -1.880         -10.362           65.815
   96 (vir)           59.156          -0.931          -1.652          -9.864           66.438
   97 (vir)           60.809          -1.161          -1.801         -10.240           68.087
   98 (vir)           61.630          -1.532          -1.713         -10.217           68.602
   99 (vir)           61.965          -1.344          -1.851         -10.490           69.259
  100 (vir)           63.139          -0.847          -1.942         -10.522           70.872
  101 (vir)           64.651          -0.493          -1.514          -9.944           72.588
  102 (vir)           65.224          -0.536          -1.519         -10.027           73.196
  103 (vir)           66.383          -0.493          -1.618         -10.132           74.403
  104 (vir)           67.132          -0.890          -1.757         -10.434           74.919
  105 (vir)           68.152          -0.472          -1.787         -10.463           76.356
  106 (vir)           68.733          -0.422          -1.775         -10.485           77.020
  107 (vir)           69.774          -0.552          -1.796         -10.663           78.090
  108 (vir)           70.116          -0.715          -1.915         -11.057           78.543
  109 (vir)           70.559          -0.718          -2.039         -11.341           79.143
  110 (vir)           71.842          -0.310          -1.312          -9.672           79.893
  111 (vir)           72.481          -0.450          -1.714         -10.522           80.839
  112 (vir)           73.816          -0.788          -1.640         -10.603           81.990
  113 (vir)           74.436          -0.529          -1.789         -10.728           82.847
  114 (vir)           75.556           0.001          -1.012          -9.054           83.599
  115 (vir)           75.888          -0.663          -1.856         -10.763           84.133
  116 (vir)           77.488          -0.267          -1.678         -10.742           86.286
  117 (vir)           78.817          -0.256          -1.218          -9.647           86.990
  118 (vir)           79.570          -0.395          -1.333          -9.987           87.829
  119 (vir)           80.696          -0.388          -2.151         -12.144           90.301
  120 (vir)           82.382          -0.745          -2.212         -12.220           91.645
  121 (vir)           82.537          -0.403          -2.291         -12.626           92.468
  122 (vir)           83.371          -0.860          -2.528         -12.947           92.931
  123 (vir)           84.682          -0.523          -2.082         -12.039           94.117
  124 (vir)           85.178          -0.157          -1.697         -11.303           94.626
  125 (vir)           86.060          -0.730          -2.430         -12.598           95.497
  126 (vir)           86.529          -0.379          -2.452         -12.731           96.429
  127 (vir)           88.282          -0.345          -2.324         -12.542           98.155
  128 (vir)           89.303          -0.232          -1.967         -11.986           99.090
  129 (vir)           90.296          -0.305          -2.113         -12.418          100.296
  130 (vir)           91.976          -0.111          -2.397         -12.885          102.353
  131 (vir)           92.518          -0.533          -2.198         -12.478          102.265
  132 (vir)           95.207          -0.321          -2.549         -13.229          105.566
  133 (vir)           97.038          -0.596          -2.409         -13.489          107.521
  134 (vir)           97.316          -0.649          -2.584         -13.612          107.695
  135 (vir)           98.725          -1.140          -2.829         -14.447          109.202
  136 (vir)          100.972          -0.686          -2.640         -13.789          111.436
  137 (vir)          101.241          -0.351          -1.698         -11.897          111.089
  138 (vir)          101.895          -0.483          -2.480         -13.550          112.483
  139 (vir)          102.095          -0.802          -3.122         -14.564          112.736
  140 (vir)          104.219          -2.002          -3.754         -15.947          114.410
  141 (vir)          106.928          -1.195          -2.818         -14.791          117.706
  142 (vir)          107.126          -1.524          -3.737         -16.340          118.205
  143 (vir)          108.726          -1.563          -3.100         -15.281          119.345
  144 (vir)          111.727          -0.786          -2.522         -14.279          122.697
  145 (vir)          112.287          -1.814          -3.206         -15.604          122.871
  146 (vir)          114.838          -0.896          -2.818         -14.810          125.934
  147 (vir)          117.191          -0.764          -3.179         -15.694          128.941
  148 (vir)          118.967          -1.314          -3.978         -17.407          131.082
  149 (vir)          119.496          -1.194          -2.719         -15.024          130.606
  150 (vir)          124.083          -1.060          -4.947         -19.060          137.136
  151 (vir)          126.483          -1.164          -3.238         -15.671          137.752
  152 (vir)          127.982          -0.469          -2.894         -15.564          140.183
  153 (vir)          131.050           0.342          -2.737         -15.892          144.548
  154 (vir)          134.010          -0.170          -2.514         -15.547          146.873
  155 (vir)          134.899          -0.769          -3.663         -17.767          148.233
  156 (vir)          136.276          -0.049          -2.362         -15.231          149.096
  157 (vir)          137.931          -0.089          -2.132         -14.789          150.499
  158 (vir)          140.139          -0.488          -3.297         -17.190          153.544
  159 (vir)          143.232          -0.123          -1.798         -14.332          155.642
  160 (vir)          144.031          -0.250          -2.064         -14.906          156.623
  161 (vir)          146.289          -0.050          -1.868         -14.443          158.814
  162 (vir)          147.004          -0.066          -1.999         -14.623          159.562
  163 (vir)          148.879          -0.056          -1.966         -14.960          161.817
  164 (vir)          149.987          -0.151          -1.936         -14.797          162.696
  165 (vir)          150.892          -0.155          -1.891         -14.841          163.686
  166 (vir)          151.661          -0.257          -2.618         -15.816          164.602
  167 (vir)          153.014          -0.333          -2.090         -15.220          165.811
  168 (vir)          153.816          -0.010          -1.810         -14.552          166.549
  169 (vir)          154.186          -0.040          -2.013         -14.998          167.130
  170 (vir)          155.318           0.222          -1.329         -13.110          167.320
  171 (vir)          156.248          -0.235          -2.093         -15.152          169.072
  172 (vir)          156.571           0.075          -1.551         -13.824          168.918
  173 (vir)          157.325          -0.044          -1.665         -14.145          169.761
  174 (vir)          158.149           0.482          -1.000         -12.018          169.649
  175 (vir)          158.375          -0.086          -1.822         -14.818          171.285
  176 (vir)          159.279          -0.200          -1.601         -14.053          171.531
  177 (vir)          159.799          -0.062          -1.701         -14.420          172.455
  178 (vir)          161.572           0.086          -1.529         -13.912          174.041
  179 (vir)          162.022           0.285          -1.331         -13.285          174.261
  180 (vir)          162.624          -0.092          -1.501         -13.959          174.989
  181 (vir)          163.179          -0.204          -1.696         -14.437          175.715
  182 (vir)          164.284           0.080          -1.620         -14.191          176.935
  183 (vir)          166.654           0.025          -1.744         -14.487          179.421
  184 (vir)          167.448           0.121          -1.325         -13.296          179.541
  185 (vir)          168.126           0.249          -1.262         -12.977          180.090
  186 (vir)          168.247           0.156          -1.418         -13.486          180.471
  187 (vir)          169.013          -0.006          -1.634         -14.182          181.555
  188 (vir)          170.346          -0.031          -1.729         -14.414          182.999
  189 (vir)          171.716          -0.035          -1.572         -14.330          184.438
  190 (vir)          171.916          -0.175          -2.144         -15.602          185.199
  191 (vir)          174.540          -0.126          -1.826         -15.131          187.720
  192 (vir)          174.906           0.044          -1.589         -14.700          188.061
  193 (vir)          176.065          -0.078          -1.722         -14.927          189.191
  194 (vir)          177.518          -0.240          -2.313         -16.266          191.231
  195 (vir)          177.887          -0.252          -2.725         -16.866          191.776
  196 (vir)          179.872          -0.172          -2.064         -15.841          193.477
  197 (vir)          181.120          -0.179          -1.693         -15.075          194.324
  198 (vir)          181.753          -0.123          -1.709         -15.103          195.024
  199 (vir)          186.272          -0.171          -2.208         -16.131          200.025
  200 (vir)          188.604          -0.458          -3.488         -17.522          202.180
  201 (vir)          190.056          -0.555          -1.951         -15.138          202.688
  202 (vir)          190.667          -0.077          -1.613         -14.194          203.172
  203 (vir)          193.552           0.361          -1.376         -14.006          206.544
  204 (vir)          194.229          -0.045          -1.569         -14.537          207.152
  205 (vir)          194.548          -0.156          -1.596         -14.779          207.574
  206 (vir)          195.672          -0.017          -1.451         -14.501          208.704
  207 (vir)          196.793           0.116          -1.266         -13.822          209.465
  208 (vir)          198.219          -0.080          -1.558         -14.570          211.150
  209 (vir)          199.184          -0.016          -1.536         -14.682          212.314
  210 (vir)          200.874           0.011          -1.327         -14.253          213.811
  211 (vir)          201.549           0.313          -1.324         -14.255          214.793
  212 (vir)          201.975          -0.115          -1.700         -15.306          215.465
  213 (vir)          203.693           0.089          -1.303         -14.088          216.567
  214 (vir)          203.920           0.389          -1.174         -13.619          216.754
  215 (vir)          204.697          -4.118          -1.262         -13.944          213.261
  216 (vir)          206.364           0.398          -1.247         -13.862          219.378
  217 (vir)          207.011           0.633          -0.939         -12.988          219.693
  218 (vir)          208.208           0.078          -1.487         -14.510          221.308
  219 (vir)          208.828           0.583          -1.181         -13.563          221.794
  220 (vir)          209.839           1.059          -1.017         -12.855          222.737
  221 (vir)          210.587           0.292          -1.219         -13.835          223.496
  222 (vir)          212.687           0.452          -1.371         -13.870          225.637
  223 (vir)          213.796           2.095          -1.019         -13.161          228.032
  224 (vir)          213.957           0.650          -1.581         -14.418          227.445
  225 (vir)          216.828           1.091          -1.464         -14.538          230.992
  226 (vir)          218.148           1.068          -1.775         -15.247          232.688
  227 (vir)          219.435           0.187          -1.314         -14.467          232.775
  228 (vir)          222.058           0.007          -1.684         -15.603          235.984
  229 (vir)          222.658           0.220          -1.473         -15.019          236.424
  230 (vir)          223.827           0.769          -1.514         -13.716          236.798
  231 (vir)          224.102           1.230          -0.953         -13.544          237.924
  232 (vir)          224.497           1.213          -1.006         -13.533          238.238
  233 (vir)          224.623           1.036          -0.917         -13.382          238.125
  234 (vir)          226.183           0.809          -0.991         -13.641          239.641
  235 (vir)          227.375           0.593          -1.122         -14.183          241.029
  236 (vir)          228.226           0.825          -1.015         -13.782          241.817
  237 (vir)          228.663           0.860          -0.805         -12.854          241.572
  238 (vir)          231.892           0.010          -1.648         -15.900          246.155
  239 (vir)          235.748           0.516          -1.040         -13.697          248.921
  240 (vir)          236.818           0.240          -1.330         -14.952          250.679
  241 (vir)          237.456           0.249          -1.324         -14.836          251.217
  242 (vir)          237.773          -0.040          -2.164         -18.169          253.738
  243 (vir)          237.951           0.267          -1.167         -14.278          251.328
  244 (vir)          238.228           0.068          -1.737         -16.552          253.111
  245 (vir)          239.141           0.235          -1.238         -14.592          252.730
  246 (vir)          240.760           0.297          -1.932         -16.866          255.991
  247 (vir)          241.481           0.411          -1.313         -14.988          255.567
  248 (vir)          242.641           0.318          -1.810         -16.126          257.274
  249 (vir)          245.260           0.096          -1.968         -17.679          261.066
  250 (vir)          250.279          -0.021          -2.830         -19.107          266.535
  251 (vir)          255.615           0.425          -1.750         -16.739          271.030
  252 (vir)          256.736          -1.199          -4.138         -21.488          272.887
  253 (vir)          257.523           0.356          -1.623         -16.265          272.521
  254 (vir)          259.340           0.265          -1.561         -16.315          274.359
  255 (vir)          259.631           0.514          -1.585         -16.185          274.745
  256 (vir)          260.263           0.591          -1.420         -15.781          275.215
  257 (vir)          261.230           0.820          -0.950         -14.144          275.245
  258 (vir)          262.011           0.701          -1.180         -14.825          276.357
  259 (vir)          264.268           0.480          -1.217         -15.474          279.006
  260 (vir)          266.801           0.248          -1.756         -17.026          282.319
  261 (vir)          267.431          -0.115          -2.222         -18.597          283.691
  262 (vir)          268.433          -0.067          -2.052         -18.433          284.748
  263 (vir)          272.894           0.339          -1.197         -15.342          287.379
  264 (vir)          275.030           0.067          -1.481         -16.383          289.999
  265 (vir)          277.804          -0.581          -2.510         -19.743          294.456
  266 (vir)          280.059           0.139          -1.142         -15.509          294.565
  267 (vir)          287.841          -0.729          -2.628         -20.176          304.660
  268 (vir)          290.831          -0.232          -2.115         -18.808          307.292
  269 (vir)          295.608          -2.301          -3.426         -22.954          312.835
  270 (vir)          296.622          -4.111          -3.319         -22.616          311.808
  271 (vir)          307.043          -1.488          -3.190         -22.538          324.904
  272 (vir)          309.325          -1.622          -3.135         -22.355          326.924
  273 (vir)          316.654          -1.212          -2.699         -20.891          333.634
  274 (vir)          317.774          -0.927          -2.643         -20.108          334.313
  275 (vir)          318.081          -0.801          -3.311         -21.605          335.573
  276 (vir)          319.823          -0.536          -1.879         -17.931          335.340
  277 (vir)          324.311          -1.367          -3.189         -22.756          342.511
  278 (vir)          325.653          -1.954          -4.311         -25.476          344.864
  279 (vir)          328.050          -1.487          -3.509         -22.855          345.909
  280 (vir)          332.470          -0.918          -2.638         -20.144          349.058
  281 (vir)          352.473          -0.675          -3.171         -21.679          370.306
  282 (vir)          353.982          -0.847          -3.367         -22.758          372.526
  283 (vir)          362.149          -0.926          -3.771         -24.451          381.902
  284 (vir)          377.782          -0.899          -9.349         -31.554          399.088
  285 (vir)          388.591          -1.552          -4.911         -26.707          408.835
  286 (vir)          767.710          -0.518         -12.766         -45.923          800.349
  287 (vir)          780.730          -0.482         -12.541         -45.689          813.396
  288 (vir)         1300.147          -1.297         -18.034         -62.273         1343.089
  289 (vir)         3997.415          -1.797         -14.747         -94.531         4075.402
  290 (vir)         4011.761          -1.795         -14.674         -94.459         4089.751
  291 (vir)         6867.679          -1.867         -20.621        -126.358         6971.549
