 
  kpoint:     0.0000    0.0000    0.0000
 
    n          ϵ_nk^DFT (eV)     Σ^c_nk (eV)     Σ^x_nk (eV)     v_n^xc (eV)   ϵ_nk^G0W0 (eV)
 
    1 (occ)         -510.046          -2.921        -132.581         -83.740         -561.808
    2 (occ)         -509.827          -2.928        -132.583         -83.740         -561.598
    3 (occ)         -382.838           0.847        -114.616         -72.597         -424.011
    4 (occ)         -382.316           0.799        -114.626         -72.598         -423.545
    5 (occ)         -273.135          -1.716         -96.861         -61.526         -310.186
    6 (occ)         -272.244          -0.112         -96.870         -61.528         -307.697
    7 (occ)         -271.422          -0.059         -96.887         -61.541         -306.826
    8 (occ)         -269.798           1.405         -96.897         -61.551         -303.739
    9 (occ)          -27.126           7.659         -31.820         -20.350          -30.937
   10 (occ)          -26.172           7.748         -33.048         -21.464          -30.008
   11 (occ)          -24.697           6.954         -30.537         -20.022          -28.259
   12 (occ)          -23.296           6.414         -29.690         -19.661          -26.911
   13 (occ)          -20.016           5.446         -26.594         -17.755          -23.409
   14 (occ)          -17.385           3.797         -24.636         -17.365          -20.860
   15 (occ)          -16.657           3.631         -25.502         -18.360          -20.168
   16 (occ)          -15.044           2.931         -23.314         -16.844          -18.582
   17 (occ)          -14.004           2.706         -23.594         -17.550          -17.342
   18 (occ)          -13.038           2.230         -22.364         -16.623          -16.548
   19 (occ)          -12.020           3.261         -21.012         -15.310          -14.461
   20 (occ)          -11.693           2.656         -23.691         -17.662          -15.067
   21 (occ)          -11.114           3.207         -25.017         -18.525          -14.399
   22 (occ)          -10.418           2.549         -23.937         -18.090          -13.716
   23 (occ)          -10.235           3.198         -25.596         -19.276          -13.357
   24 (occ)          -10.109           2.665         -21.454         -16.369          -12.529
   25 (occ)           -9.275           2.057         -20.343         -15.802          -11.759
   26 (occ)           -7.119           1.731         -22.960         -18.504           -9.844
   27 (occ)           -7.089           3.076         -25.637         -19.561          -10.088
   28 (occ)           -6.372           0.454         -19.479         -16.317           -9.080
   29 (occ)           -6.258           2.945         -25.749         -19.836           -9.226
   30 (vir)           -2.413          -2.617          -9.935         -14.975            0.010
   31 (vir)           -1.128          -3.137         -10.600         -16.220            1.355
   32 (vir)           -0.713          -1.498          -2.597          -6.005            1.197
   33 (vir)            0.384          -1.458          -2.577          -5.939            2.287
   34 (vir)            0.540          -1.417          -2.367          -5.637            2.392
   35 (vir)            1.297          -1.563          -2.556          -6.030            3.208
   36 (vir)            1.454          -4.355          -8.283         -14.973            3.789
   37 (vir)            1.741          -1.640          -2.430          -6.009            3.680
   38 (vir)            2.059          -1.323          -1.228          -4.225            3.733
   39 (vir)            2.219          -1.461          -2.208          -5.543            4.093
   40 (vir)            2.721          -2.003          -3.623          -7.739            4.834
   41 (vir)            3.003          -1.608          -2.413          -5.991            4.972
   42 (vir)            3.369          -1.302          -1.336          -4.377            5.108
   43 (vir)            3.903          -2.566          -5.168          -9.996            6.166
   44 (vir)            3.935          -1.595          -1.707          -5.054            5.687
   45 (vir)            4.275          -2.034          -3.344          -7.381            6.278
   46 (vir)            4.353          -1.851          -3.070          -6.917            6.349
   47 (vir)            4.907          -2.970          -5.312         -10.583            7.208
   48 (vir)            5.144          -2.965          -5.876         -11.188            7.491
   49 (vir)            5.430          -1.500          -1.315          -4.599            7.214
   50 (vir)            5.650          -3.340          -6.198         -11.949            8.061
   51 (vir)            5.774          -1.815          -2.444          -6.192            7.707
   52 (vir)            6.407          -2.564          -4.477          -9.309            8.674
   53 (vir)            6.477          -1.851          -1.942          -5.771            8.455
   54 (vir)            6.498          -2.388          -4.055          -8.602            8.658
   55 (vir)            7.159          -2.652          -4.095          -8.894            9.306
   56 (vir)            7.464          -2.179          -3.044          -7.232            9.473
   57 (vir)            7.698          -2.698          -3.241          -8.324           10.082
   58 (vir)            7.934          -2.106          -2.617          -6.700            9.910
   59 (vir)            8.363          -2.294          -3.198          -7.612           10.482
   60 (vir)            8.545          -1.779          -1.709          -5.512           10.569
   61 (vir)            8.830          -1.804          -1.994          -5.807           10.839
   62 (vir)            9.148          -2.583          -3.658          -8.497           11.404
   63 (vir)            9.539          -1.719          -1.928          -5.825           11.717
   64 (vir)            9.803          -2.378          -2.820          -7.323           11.928
   65 (vir)           10.034          -2.611          -3.387          -8.360           12.396
   66 (vir)           10.394          -2.140          -2.481          -6.854           12.627
   67 (vir)           10.672          -1.808          -2.181          -6.211           12.894
   68 (vir)           10.824          -2.009          -2.016          -6.210           13.010
   69 (vir)           11.020          -1.807          -1.615          -5.544           13.142
   70 (vir)           11.150          -3.136          -3.914          -9.305           13.406
   71 (vir)           11.626          -4.010          -4.940         -11.497           14.173
   72 (vir)           12.026          -2.713          -3.192          -8.695           14.817
   73 (vir)           12.279          -2.494          -2.652          -7.329           14.462
   74 (vir)           12.849          -2.197          -2.604          -7.065           15.113
   75 (vir)           13.092          -2.005          -1.775          -5.893           15.204
   76 (vir)           13.770          -2.806          -2.300          -7.597           16.262
   77 (vir)           13.902          -3.284          -4.232         -10.032           16.418
   78 (vir)           14.258          -3.135          -3.542          -9.009           16.590
   79 (vir)           14.650          -2.637          -2.137          -7.350           17.226
   80 (vir)           14.952          -4.113          -5.155         -11.868           17.552
   81 (vir)           15.621          -3.002          -2.414          -8.093           18.299
   82 (vir)           15.648          -3.083          -3.505          -9.063           18.123
   83 (vir)           16.015          -3.570          -3.551          -9.561           18.455
   84 (vir)           16.425          -3.012          -2.666          -7.997           18.744
   85 (vir)           16.609          -2.896          -2.801          -8.241           19.154
   86 (vir)           17.774          -3.315          -2.401          -8.400           20.458
   87 (vir)           17.778          -2.977          -2.906          -8.331           20.226
   88 (vir)           18.009          -3.499          -2.416          -8.469           20.562
   89 (vir)           18.228          -4.154          -4.091         -10.941           20.924
   90 (vir)           18.558          -3.332          -2.100          -7.985           21.111
   91 (vir)           19.048          -3.591          -2.059          -7.960           21.359
   92 (vir)           19.053          -2.981          -2.514          -8.012           21.569
   93 (vir)           19.978          -3.150          -3.081          -8.887           22.634
   94 (vir)           20.012          -3.203          -2.181          -7.995           22.623
   95 (vir)           20.508          -2.535          -1.518          -6.617           23.071
   96 (vir)           20.665          -3.358          -2.174          -8.302           23.435
   97 (vir)           21.365          -2.957          -2.630          -8.256           24.034
   98 (vir)           21.815          -2.795          -2.476          -8.239           24.784
   99 (vir)           21.908          -3.415          -2.837          -8.989           24.645
  100 (vir)           22.462          -2.894          -2.660          -8.468           25.376
  101 (vir)           22.632          -3.324          -2.123          -8.232           25.417
  102 (vir)           22.912          -3.893          -2.743          -9.130           25.407
  103 (vir)           23.076          -3.206          -2.462          -8.424           25.832
  104 (vir)           23.447          -3.002          -1.625          -7.417           26.237
  105 (vir)           23.964          -2.606          -2.512          -8.265           27.110
  106 (vir)           24.140          -3.054          -1.666          -7.489           26.910
  107 (vir)           24.488          -3.130          -2.639          -8.611           27.329
  108 (vir)           24.929          -2.971          -2.485          -8.460           27.932
  109 (vir)           25.474          -3.132          -2.243          -8.557           28.657
  110 (vir)           25.650          -3.078          -2.159          -8.034           28.446
  111 (vir)           25.745          -3.147          -2.266          -8.117           28.449
  112 (vir)           26.181          -2.880          -2.432          -8.236           29.105
  113 (vir)           26.807          -3.087          -2.416          -8.396           29.699
  114 (vir)           27.389          -3.422          -3.481         -10.638           31.124
  115 (vir)           27.535          -2.923          -2.070          -8.127           30.668
  116 (vir)           27.902          -3.856          -3.358         -10.663           31.351
  117 (vir)           28.064          -2.705          -1.710          -7.609           31.258
  118 (vir)           28.727          -3.619          -2.986          -9.991           32.113
  119 (vir)           29.024          -3.139          -2.435          -8.665           32.115
  120 (vir)           29.731          -3.265          -2.668          -9.367           33.165
  121 (vir)           30.047          -3.465          -2.232          -8.955           33.305
  122 (vir)           30.784          -3.172          -1.736          -7.442           33.318
  123 (vir)           30.869          -3.709          -2.933         -10.266           34.493
  124 (vir)           31.740          -3.740          -2.669          -9.991           35.323
  125 (vir)           32.045          -2.848          -2.121          -8.562           35.639
  126 (vir)           32.569          -3.135          -2.104          -8.560           35.890
  127 (vir)           33.191          -2.507          -1.435          -7.254           36.503
  128 (vir)           33.443          -3.197          -1.811          -7.844           36.279
  129 (vir)           34.095          -3.512          -2.445          -8.816           36.954
  130 (vir)           35.222          -3.525          -2.689          -9.860           38.868
  131 (vir)           35.718          -3.664          -3.149         -10.809           39.714
  132 (vir)           36.040          -3.289          -2.955         -10.335           40.131
  133 (vir)           36.603          -3.616          -3.206         -10.610           40.391
  134 (vir)           37.179          -3.877          -2.670         -10.102           40.735
  135 (vir)           37.403          -3.824          -3.370         -11.083           41.293
  136 (vir)           37.704          -3.913          -3.161         -11.071           41.701
  137 (vir)           37.787          -3.715          -3.544         -11.060           41.588
  138 (vir)           38.410          -3.393          -3.025         -10.417           42.408
  139 (vir)           38.947          -3.645          -3.084         -10.824           43.041
  140 (vir)           39.483          -3.524          -2.791         -10.490           43.658
  141 (vir)           39.649          -3.668          -2.728         -10.566           43.819
  142 (vir)           39.725          -3.657          -3.644         -11.257           43.681
  143 (vir)           40.280          -3.474          -2.636         -10.075           44.244
  144 (vir)           40.622          -4.093          -3.469         -12.083           45.144
  145 (vir)           41.040          -3.954          -2.834         -10.712           44.965
  146 (vir)           41.443          -4.930          -3.156         -11.478           44.834
  147 (vir)           42.357          -3.591          -3.015         -11.126           46.877
  148 (vir)           43.240          -3.747          -2.912         -10.737           47.318
  149 (vir)           43.371          -3.910          -2.651         -11.026           47.837
  150 (vir)           44.242          -3.996          -2.945         -10.869           48.171
  151 (vir)           44.460          -3.927          -3.263         -11.915           49.186
  152 (vir)           44.632          -3.754          -2.266         -10.544           49.156
  153 (vir)           44.733          -3.474          -2.867         -11.241           49.633
  154 (vir)           45.472          -3.264          -2.664         -10.783           50.327
  155 (vir)           46.894          -2.998          -2.679         -10.762           51.979
  156 (vir)           47.409          -3.468          -2.310         -10.528           52.158
  157 (vir)           47.552          -3.465          -2.430         -10.785           52.442
  158 (vir)           48.150          -3.785          -2.441         -11.035           52.959
  159 (vir)           48.180          -3.888          -2.456         -10.571           52.407
  160 (vir)           48.288          -3.513          -2.622         -10.831           52.985
  161 (vir)           48.600          -3.446          -2.452         -10.354           53.057
  162 (vir)           49.360          -4.798          -2.788         -11.450           53.224
  163 (vir)           49.970          -3.637          -2.341         -10.475           54.467
  164 (vir)           50.133          -3.738          -2.511         -11.473           55.357
  165 (vir)           50.715          -1.238          -2.465         -10.799           57.810
  166 (vir)           51.318          -3.592          -2.137         -10.695           56.284
  167 (vir)           51.535          -3.491          -2.905         -11.621           56.760
  168 (vir)           51.959          -3.643          -2.849         -11.333           56.801
  169 (vir)           51.998          -3.154          -2.239         -10.805           57.410
  170 (vir)           52.163          -3.679          -2.832         -11.392           57.043
  171 (vir)           52.337          -3.453          -2.689         -11.033           57.229
  172 (vir)           52.654          -3.815          -2.020         -10.704           57.523
  173 (vir)           52.942          -3.686          -2.400         -11.486           58.342
  174 (vir)           53.025          -3.107          -2.493         -10.953           58.378
  175 (vir)           53.482          -3.280          -2.149         -11.004           59.058
  176 (vir)           54.527          -3.578          -2.606         -11.203           59.546
  177 (vir)           55.263          -2.487          -2.566         -11.227           61.436
  178 (vir)           55.447          -3.558          -2.160         -10.321           60.051
  179 (vir)           55.548          -3.479          -2.212         -10.986           60.843
  180 (vir)           55.976          -3.114          -2.023         -10.686           61.524
  181 (vir)           56.898          -4.481          -2.790         -11.633           61.260
  182 (vir)           57.827          -3.609          -1.773         -10.437           62.882
  183 (vir)           57.866          -4.438          -2.869         -12.279           62.838
  184 (vir)           58.283          -2.903          -2.432         -11.314           64.261
  185 (vir)           59.211          -2.342          -2.518         -11.497           65.848
  186 (vir)           59.260          -3.199          -1.620         -10.065           64.507
  187 (vir)           59.464          -4.381          -2.367         -11.095           63.811
  188 (vir)           60.349          -3.281          -2.324         -11.065           65.809
  189 (vir)           60.409          -3.424          -2.184         -11.274           66.075
  190 (vir)           60.744          -2.858          -1.654         -10.172           66.404
  191 (vir)           60.781          -3.370          -2.229         -11.233           66.414
  192 (vir)           61.176          -3.421          -2.493         -11.590           66.850
  193 (vir)           61.537          -3.127          -1.797         -10.366           66.978
  194 (vir)           62.029          -4.492          -2.626         -11.556           66.466
  195 (vir)           62.675          -3.565          -3.012         -12.644           68.742
  196 (vir)           62.888          -3.391          -2.196         -11.379           68.679
  197 (vir)           63.763          -3.192          -2.739         -12.059           69.891
  198 (vir)           63.818          -2.908          -1.972         -10.797           69.734
  199 (vir)           64.520          -3.693          -2.207         -11.121           69.742
  200 (vir)           64.621          -2.948          -1.784         -10.453           70.343
  201 (vir)           64.868          -2.951          -2.545         -11.850           71.221
  202 (vir)           65.949          -3.550          -2.652         -11.780           71.527
  203 (vir)           66.597          -3.414          -2.378         -12.052           72.858
  204 (vir)           66.844          -3.155          -1.711         -10.344           72.322
  205 (vir)           67.474          -1.883          -1.793         -10.307           74.105
  206 (vir)           67.506          -1.811          -2.133         -10.976           74.538
  207 (vir)           67.754          -0.042          -2.646         -12.051           77.118
  208 (vir)           68.688          -2.749          -2.425         -11.745           75.258
  209 (vir)           69.092          -3.230          -1.894         -11.197           75.166
  210 (vir)           69.784          -1.985          -1.999         -10.788           76.586
  211 (vir)           69.846          -3.712          -2.768         -13.124           76.490
  212 (vir)           70.065          -3.200          -1.748         -10.508           75.625
  213 (vir)           70.361          -1.744          -2.180         -11.311           77.748
  214 (vir)           70.557          -4.404          -2.529         -12.171           75.796
  215 (vir)           70.671          -5.160          -2.544         -12.096           75.063
  216 (vir)           71.294          -2.655          -2.085         -11.231           77.784
  217 (vir)           71.532          -3.906          -2.969         -13.196           77.852
  218 (vir)           71.881          -3.137          -2.219         -11.489           78.015
  219 (vir)           72.410          -4.678          -1.813         -10.603           76.522
  220 (vir)           73.799          -3.759          -2.952         -13.513           80.601
  221 (vir)           74.193          -4.204          -2.724         -12.609           79.874
  222 (vir)           74.874          -2.168          -2.097         -11.281           81.890
  223 (vir)           75.130          -3.618          -2.407         -12.422           81.528
  224 (vir)           75.515          -3.237          -2.471         -12.001           81.807
  225 (vir)           76.058          -3.621          -2.733         -12.700           82.403
  226 (vir)           77.043          -0.795          -2.168         -11.333           85.413
  227 (vir)           77.362          -3.458          -2.522         -12.606           83.988
  228 (vir)           78.148          -3.588          -2.733         -13.364           85.191
  229 (vir)           78.211          -3.743          -2.680         -12.841           84.630
  230 (vir)           79.301          -4.235          -2.343         -12.035           84.758
  231 (vir)           79.899          -3.242          -2.733         -12.784           86.708
  232 (vir)           79.943          -3.882          -2.579         -13.270           86.752
  233 (vir)           80.521          -1.917          -2.316         -12.006           88.294
  234 (vir)           80.934          -3.095          -2.851         -13.837           88.825
  235 (vir)           81.421          -3.154          -2.467         -12.375           88.175
  236 (vir)           81.586          -3.495          -2.940         -14.193           89.345
  237 (vir)           83.775          -2.209          -2.681         -13.022           91.907
  238 (vir)           84.538          -4.234          -3.048         -13.817           91.072
  239 (vir)           85.150          -3.808          -3.265         -14.349           92.427
  240 (vir)           85.627          -2.938          -2.502         -13.643           93.831
  241 (vir)           85.636          -1.842          -2.384         -12.586           93.996
  242 (vir)           86.642          -2.590          -2.502         -13.482           95.033
  243 (vir)           86.891          -2.356          -2.374         -12.485           94.645
  244 (vir)           87.613          -3.433          -2.726         -14.055           95.509
  245 (vir)           88.060          -3.335          -2.910         -14.124           95.941
  246 (vir)           89.051          -3.719          -2.640         -13.766           96.457
  247 (vir)           89.221          -2.046          -2.714         -13.644           98.105
  248 (vir)           89.534          -2.904          -2.435         -13.362           97.557
  249 (vir)           89.652          -1.324          -2.701         -13.471           99.098
  250 (vir)           90.299          -2.287          -2.734         -13.632           98.911
  251 (vir)           90.423          -4.510          -2.262         -12.291           95.942
  252 (vir)           91.398          -3.377          -3.235         -14.566           99.353
  253 (vir)           92.273          -3.137          -3.082         -14.321          100.375
  254 (vir)           93.512          -3.612          -2.519         -13.333          100.715
  255 (vir)           93.707          -3.234          -3.072         -15.065          102.466
  256 (vir)           93.791          -1.861          -3.237         -14.753          103.446
  257 (vir)           94.628          -3.742          -2.910         -14.732          102.708
  258 (vir)           95.107          -1.951          -2.484         -13.384          104.055
  259 (vir)           95.509          -3.602          -2.550         -13.783          103.139
  260 (vir)           95.711          -3.506          -3.467         -15.156          103.894
  261 (vir)           96.352          -2.727          -2.551         -13.560          104.634
  262 (vir)           96.714          -2.822          -3.196         -14.858          105.554
  263 (vir)           97.565          -2.377          -2.697         -14.495          106.986
  264 (vir)           97.630          -1.934          -2.939         -14.260          107.017
  265 (vir)           99.906          -6.739          -3.137         -14.478          104.508
  266 (vir)          101.131          -3.606          -3.872         -16.083          109.736
  267 (vir)          101.376          -3.286          -3.380         -15.622          110.332
  268 (vir)          102.755          -2.829          -3.831         -16.086          112.181
  269 (vir)          103.291          -3.135          -2.554         -14.201          111.803
  270 (vir)          103.462          -3.027          -2.761         -14.220          111.894
  271 (vir)          104.253          -3.382          -3.286         -15.371          112.955
  272 (vir)          105.603          -4.217          -3.831         -16.457          114.012
  273 (vir)          105.897          -1.893          -2.710         -14.272          115.567
  274 (vir)          106.266          -2.895          -3.921         -16.585          116.035
  275 (vir)          106.696          -4.573          -4.041         -16.753          114.836
  276 (vir)          107.028          -3.437          -2.998         -15.140          115.733
  277 (vir)          107.069          -4.409          -3.481         -15.782          114.962
  278 (vir)          107.933          -3.935          -3.594         -15.893          116.297
  279 (vir)          108.691          -1.493          -3.716         -16.575          120.056
  280 (vir)          109.219           0.911          -3.626         -16.402          122.906
  281 (vir)          109.785          -3.181          -3.621         -16.402          119.384
  282 (vir)          110.127          -3.761          -3.053         -15.532          118.845
  283 (vir)          110.213          -1.816          -2.841         -14.804          120.359
  284 (vir)          111.764          -3.816          -3.260         -15.752          120.440
  285 (vir)          112.467          -3.432          -3.019         -15.158          121.173
  286 (vir)          113.910          -2.645          -2.575         -14.625          123.315
  287 (vir)          113.992          -3.869          -3.718         -16.528          122.932
  288 (vir)          115.135          -4.051          -2.892         -15.236          123.427
  289 (vir)          115.484          -4.228          -3.910         -16.996          124.341
  290 (vir)          116.062          -2.150          -3.688         -16.834          127.057
  291 (vir)          116.429          -3.422          -3.739         -16.763          126.031
  292 (vir)          116.998          -3.486          -3.624         -16.672          126.559
  293 (vir)          117.126          -2.263          -4.459         -18.478          128.883
  294 (vir)          119.433          -1.657          -3.305         -15.922          130.393
  295 (vir)          120.189          -4.866          -3.683         -16.829          128.468
  296 (vir)          122.304          -2.115          -3.630         -16.704          133.263
  297 (vir)          122.901          -1.611          -3.297         -16.188          134.181
  298 (vir)          122.969          -3.089          -2.544         -14.840          132.177
  299 (vir)          123.975          -1.883          -3.964         -17.767          135.894
  300 (vir)          124.563          -3.314          -2.972         -15.697          133.973
  301 (vir)          125.354          -3.581          -3.094         -16.139          134.818
  302 (vir)          125.787          -4.258          -4.011         -17.371          134.890
  303 (vir)          126.733           5.877          -3.665         -16.466          145.411
  304 (vir)          128.324          -5.076          -2.781         -15.426          135.894
  305 (vir)          129.495          -6.250          -2.779         -15.327          135.794
  306 (vir)          129.953           6.899          -3.709         -16.611          149.754
  307 (vir)          130.758          -2.757          -2.994         -16.235          141.242
  308 (vir)          130.981          -2.743          -2.065         -14.722          140.896
  309 (vir)          131.623          -4.540          -3.289         -16.596          140.390
  310 (vir)          132.924          -2.962          -2.334         -15.215          142.844
  311 (vir)          133.011           0.761          -2.913         -16.018          146.878
  312 (vir)          133.601          -3.059          -2.955         -16.481          144.070
  313 (vir)          134.656          -0.531          -2.567         -15.428          146.986
  314 (vir)          135.805          -1.923          -5.176         -20.632          149.338
  315 (vir)          136.371           0.071          -3.141         -16.775          150.077
  316 (vir)          137.975          -2.065          -3.399         -17.294          149.805
  317 (vir)          137.982          -2.116          -4.088         -18.669          150.447
  318 (vir)          139.274          -3.847          -2.106         -14.844          148.165
  319 (vir)          140.005           2.744          -2.556         -15.644          155.838
  320 (vir)          140.571          -3.943          -3.697         -17.965          150.896
  321 (vir)          142.319          -2.069          -1.816         -14.450          152.884
  322 (vir)          142.693          -4.302          -3.327         -17.328          152.393
  323 (vir)          142.888          -3.390          -2.980         -16.897          153.415
  324 (vir)          143.403          -3.609          -1.882         -14.542          152.453
  325 (vir)          143.854          -5.598          -2.850         -16.400          151.806
  326 (vir)          144.638          -0.644          -2.742         -16.371          157.623
  327 (vir)          145.014          -4.636          -1.894         -14.561          153.045
  328 (vir)          146.237           1.403          -2.126         -14.993          160.507
  329 (vir)          146.913          -2.847          -2.233         -15.452          157.285
  330 (vir)          147.134          -0.989          -2.497         -15.754          159.402
  331 (vir)          147.755          -2.232          -1.782         -14.457          158.197
  332 (vir)          148.309          -3.646          -1.928         -14.662          157.397
  333 (vir)          148.864          -3.073          -2.337         -15.496          158.951
  334 (vir)          149.031          -2.982          -2.513         -16.157          159.692
  335 (vir)          149.753          -3.968          -3.450         -17.684          160.018
  336 (vir)          150.157          -2.238          -1.807         -14.612          160.724
  337 (vir)          150.632          -5.019          -2.015         -14.800          158.399
  338 (vir)          152.796          -3.912          -1.936         -14.979          161.928
  339 (vir)          153.145          -2.563          -1.444         -13.355          162.493
  340 (vir)          153.610          -5.910          -2.236         -15.564          161.029
  341 (vir)          153.752          -3.434          -1.606         -14.019          162.731
  342 (vir)          154.776          -2.022          -2.387         -15.473          165.840
  343 (vir)          155.523          -3.363          -1.914         -15.192          165.439
  344 (vir)          156.422           0.149          -1.977         -14.765          169.359
  345 (vir)          156.638          -2.228          -2.000         -14.750          167.161
  346 (vir)          157.518          -4.028          -2.922         -16.831          167.400
  347 (vir)          158.075          -1.618          -1.823         -14.876          169.510
  348 (vir)          158.076           2.297          -2.163         -15.154          173.363
  349 (vir)          158.786          -1.956          -1.734         -14.709          169.804
  350 (vir)          159.949          -4.743          -2.790         -16.739          169.155
  351 (vir)          160.820         -16.437          -1.852         -15.068          157.599
  352 (vir)          160.829           0.886          -1.999         -14.852          174.567
  353 (vir)          161.702          -3.950          -1.937         -15.349          171.164
  354 (vir)          162.348          -2.925          -2.379         -15.922          172.965
  355 (vir)          162.518           0.913          -1.647         -14.062          175.846
  356 (vir)          162.775           0.268          -2.584         -16.402          176.861
  357 (vir)          163.226          -1.674          -1.425         -13.730          173.858
  358 (vir)          163.975          -4.777          -2.666         -16.608          173.140
  359 (vir)          164.228          -2.078          -1.526         -14.122          174.746
  360 (vir)          165.151          -2.104          -3.238         -17.571          177.380
  361 (vir)          165.282          -1.486          -1.581         -14.410          176.625
  362 (vir)          166.170          -0.742          -2.201         -15.682          178.909
  363 (vir)          166.240          -3.188          -1.823         -15.221          176.450
  364 (vir)          166.653          -4.969          -1.757         -14.975          174.902
  365 (vir)          167.098          -2.329          -2.202         -15.735          178.302
  366 (vir)          167.839          -3.567          -2.088         -15.555          177.738
  367 (vir)          168.424           0.035          -2.067         -15.606          181.999
  368 (vir)          168.681          -1.202          -1.638         -14.630          180.472
  369 (vir)          168.705          -1.351          -1.949         -15.202          180.607
  370 (vir)          169.135           0.320          -2.017         -15.328          182.766
  371 (vir)          169.625          -1.280          -2.647         -16.710          182.408
  372 (vir)          169.866           0.486          -1.898         -15.210          183.663
  373 (vir)          171.248          -3.443          -1.827         -15.313          181.291
  374 (vir)          171.472          -1.550          -1.825         -14.708          182.805
  375 (vir)          172.667          -4.687          -2.711         -16.857          182.127
  376 (vir)          173.478           2.695          -2.322         -16.179          190.030
  377 (vir)          173.611          -2.256          -1.798         -15.111          184.669
  378 (vir)          174.194          -2.803          -2.006         -16.010          185.396
  379 (vir)          174.396          -2.796          -2.095         -15.900          185.405
  380 (vir)          176.633          -4.061          -1.973         -16.233          186.832
  381 (vir)          176.735          -3.924          -1.963         -15.609          186.457
  382 (vir)          178.592          -2.472          -1.864         -15.835          190.090
  383 (vir)          178.799          -3.435          -2.205         -16.001          189.161
  384 (vir)          179.368          -1.856          -2.704         -16.702          191.510
  385 (vir)          180.450          -5.690          -2.370         -16.625          189.015
  386 (vir)          181.194          -1.518          -1.870         -15.759          193.565
  387 (vir)          182.305          -0.391          -1.808         -15.669          195.774
  388 (vir)          182.532           3.234          -2.466         -16.637          199.938
  389 (vir)          183.635          -5.641          -2.100         -16.045          191.939
  390 (vir)          184.947          -3.945          -2.725         -16.978          195.256
  391 (vir)          185.181           6.015          -1.795         -15.354          204.755
  392 (vir)          186.093          -7.831          -3.143         -17.881          193.001
  393 (vir)          186.443          -1.760          -2.555         -16.954          199.082
  394 (vir)          186.617          -1.061          -1.815         -15.700          199.442
  395 (vir)          188.107          -3.400          -2.778         -17.431          199.360
  396 (vir)          188.754          -3.027          -2.387         -16.674          200.014
  397 (vir)          189.044          -2.115          -1.774         -15.505          200.660
  398 (vir)          189.916           2.402          -2.646         -17.331          207.004
  399 (vir)          190.075           1.122          -1.456         -14.343          204.083
  400 (vir)          190.451           0.019          -2.345         -16.601          204.726
  401 (vir)          190.579          -5.395          -1.575         -14.920          198.529
  402 (vir)          191.095           4.332          -2.542         -16.768          209.654
  403 (vir)          193.097          -0.247          -2.314         -16.461          206.997
  404 (vir)          193.717          -2.754          -1.600         -14.788          204.152
  405 (vir)          195.065           1.792          -3.620         -18.083          211.321
  406 (vir)          195.186          -5.157          -1.706         -15.072          203.396
  407 (vir)          195.921          -3.353          -2.700         -16.843          206.710
  408 (vir)          196.689           6.467          -1.504         -14.508          216.160
  409 (vir)          197.274          -3.725          -1.753         -15.301          207.097
  410 (vir)          199.690           3.563          -2.371         -16.310          217.193
  411 (vir)          200.322           0.429          -1.501         -14.900          214.151
  412 (vir)          200.461           3.071          -1.985         -15.282          216.829
  413 (vir)          201.346           2.117          -1.890         -15.605          217.178
  414 (vir)          202.071          -5.043          -1.408         -14.432          210.052
  415 (vir)          202.569           0.767          -1.558         -14.878          216.656
  416 (vir)          202.574           1.022          -2.385         -16.555          217.766
  417 (vir)          203.710           2.709          -1.468         -13.881          218.832
  418 (vir)          204.572           2.262          -1.988         -15.860          220.706
  419 (vir)          205.833           1.472          -1.531         -14.130          219.904
  420 (vir)          206.411           1.119          -1.092         -13.598          220.036
  421 (vir)          206.437           1.217          -1.997         -16.104          221.760
  422 (vir)          207.586           0.644          -2.563         -17.260          222.928
  423 (vir)          207.634           1.073          -2.413         -16.517          222.811
  424 (vir)          208.714          -1.401          -1.708         -15.106          220.710
  425 (vir)          209.392           0.492          -1.455         -14.881          223.310
  426 (vir)          210.695          -0.445          -1.103         -13.649          222.795
  427 (vir)          210.764           1.049          -1.720         -15.434          225.527
  428 (vir)          211.789           2.578          -1.879         -15.666          228.154
  429 (vir)          212.260           2.265          -1.004         -13.175          226.696
  430 (vir)          213.060          -0.301          -1.622         -15.074          226.210
  431 (vir)          213.160           1.035          -1.920         -16.042          228.317
  432 (vir)          214.281          -0.005          -1.601         -14.963          227.638
  433 (vir)          214.918          -2.898          -1.706         -16.040          226.354
  434 (vir)          215.917           2.164          -2.120         -16.668          232.629
  435 (vir)          216.421           0.739          -1.606         -15.672          231.225
  436 (vir)          216.954           1.075          -1.811         -15.614          231.831
  437 (vir)          217.412           1.123          -1.201         -13.559          230.893
  438 (vir)          217.506           0.725          -1.485         -15.226          231.972
  439 (vir)          218.298           1.177          -2.007         -15.921          233.389
  440 (vir)          218.835          -0.787          -2.074         -16.299          232.273
  441 (vir)          219.119          -0.953          -1.564         -15.632          232.235
  442 (vir)          219.805           3.204          -1.552         -15.010          236.468
  443 (vir)          220.647           4.918          -1.673         -16.029          239.920
  444 (vir)          221.102           1.574          -2.120         -16.553          237.110
  445 (vir)          222.070           0.627          -1.686         -16.003          237.014
  446 (vir)          222.628           2.172          -1.552         -15.050          238.298
  447 (vir)          222.696           0.799          -1.476         -14.895          236.914
  448 (vir)          224.359           8.849          -1.731         -15.541          247.017
  449 (vir)          224.631           2.173          -1.354         -14.819          240.270
  450 (vir)          225.322           1.647          -1.518         -15.466          240.918
  451 (vir)          226.200           0.877          -2.077         -16.343          241.342
  452 (vir)          226.305          -5.586          -1.317         -14.828          234.231
  453 (vir)          227.057           0.609          -1.502         -14.848          241.012
  454 (vir)          228.599         -11.695          -1.150         -14.157          229.910
  455 (vir)          230.005          -1.642          -2.252         -17.426          243.537
  456 (vir)          230.228           0.716          -2.451         -17.361          245.854
  457 (vir)          230.446           4.915          -1.650         -16.284          249.996
  458 (vir)          231.176          -1.053          -2.132         -16.882          244.872
  459 (vir)          232.601          10.774          -2.153         -17.415          258.637
  460 (vir)          233.624           5.138          -2.281         -17.582          254.062
  461 (vir)          235.385           1.476          -2.423         -17.562          252.000
  462 (vir)          235.657           1.549          -1.417         -15.460          251.249
  463 (vir)          236.539           1.784          -1.442         -15.565          252.445
  464 (vir)          237.936           3.304          -2.239         -18.377          257.378
  465 (vir)          238.161           2.381          -2.210         -18.290          256.622
  466 (vir)          238.432          -4.926          -2.121         -17.680          249.064
  467 (vir)          238.547           1.598          -2.342         -18.804          256.607
  468 (vir)          238.699          -1.478          -2.378         -18.861          253.705
  469 (vir)          238.972          -3.997          -2.274         -18.046          250.747
  470 (vir)          241.351          -6.370          -1.678         -16.052          249.355
  471 (vir)          241.700           3.770          -2.023         -17.792          261.239
  472 (vir)          242.165           5.279          -1.877         -17.328          262.895
  473 (vir)          243.783           1.928          -1.912         -17.188          260.987
  474 (vir)          244.139           6.591          -2.049         -17.853          266.534
  475 (vir)          244.351           5.365          -2.161         -18.248          265.803
  476 (vir)          245.372          -1.916          -1.963         -17.115          258.607
  477 (vir)          245.556          -4.601          -2.196         -17.984          256.742
  478 (vir)          245.660          -0.170          -2.251         -18.470          261.709
  479 (vir)          245.857           8.140          -2.369         -19.054          270.683
  480 (vir)          247.266           7.736          -2.229         -18.733          271.506
  481 (vir)          247.621         -14.183          -2.285         -18.864          250.017
  482 (vir)          249.599          -9.107          -1.645         -16.276          255.123
  483 (vir)          250.441          12.101          -2.300         -17.871          278.113
  484 (vir)          251.525          -2.652          -2.308         -17.965          264.530
  485 (vir)          253.198           2.562          -3.752         -21.254          273.262
  486 (vir)          254.493           5.524          -2.296         -19.031          276.752
  487 (vir)          254.582           2.182          -4.111         -21.750          274.402
  488 (vir)          255.874           9.690          -2.523         -18.935          281.977
  489 (vir)          258.594           2.405          -2.310         -18.472          277.161
  490 (vir)          259.640           4.595          -2.376         -18.342          280.201
  491 (vir)          260.296           5.537          -2.191         -18.489          282.132
  492 (vir)          260.698         -17.520          -2.291         -18.108          258.995
  493 (vir)          261.439           6.385          -2.932         -19.789          284.681
  494 (vir)          261.964           4.541          -1.526         -16.361          281.341
  495 (vir)          263.760           7.477          -2.576         -19.752          288.413
  496 (vir)          264.191           0.096          -2.736         -19.103          280.654
  497 (vir)          265.098           2.967          -2.049         -17.748          283.764
  498 (vir)          266.384           5.731          -2.769         -19.910          289.257
  499 (vir)          267.842           3.090          -2.245         -18.239          286.926
  500 (vir)          268.932           2.240          -2.291         -19.265          288.146
  501 (vir)          269.276           5.984          -3.074         -20.121          292.306
  502 (vir)          270.700           2.781          -1.266         -15.612          287.827
  503 (vir)          270.816          -4.716          -1.868         -17.231          281.463
  504 (vir)          272.391         -10.009          -2.328         -19.484          279.538
  505 (vir)          272.542           4.554          -2.710         -19.584          293.970
  506 (vir)          273.712           5.035          -2.529         -19.463          295.681
  507 (vir)          275.087          -8.517          -2.724         -20.446          284.292
  508 (vir)          277.901          -2.573          -2.102         -18.396          291.623
  509 (vir)          278.210          -1.257          -2.653         -20.282          294.583
  510 (vir)          278.369           4.413          -2.682         -20.432          300.533
  511 (vir)          279.012           5.097          -2.590         -20.237          301.756
  512 (vir)          279.798           1.592          -3.250         -20.276          298.416
  513 (vir)          284.485           1.427          -3.307         -20.513          303.119
  514 (vir)          286.681          -2.043          -2.830         -20.082          301.889
  515 (vir)          287.978           2.096          -3.699         -20.692          307.066
  516 (vir)          290.025           2.969          -2.857         -20.190          310.327
  517 (vir)          291.624           0.579          -2.628         -20.418          309.994
  518 (vir)          293.816           4.576          -4.371         -22.198          316.219
  519 (vir)          295.621           9.479          -3.516         -23.184          324.768
  520 (vir)          296.161           7.949          -3.424         -22.383          323.069
  521 (vir)          296.269           9.170          -3.491         -23.123          325.071
  522 (vir)          296.917           5.986          -3.368         -22.351          321.885
  523 (vir)          298.069           4.944          -3.125         -21.319          321.206
  524 (vir)          298.770           4.155          -2.509         -19.792          320.208
  525 (vir)          304.869           3.128          -3.070         -21.093          326.020
  526 (vir)          307.071           0.679          -3.248         -22.731          327.233
  527 (vir)          307.638         -13.668          -3.233         -22.695          313.433
  528 (vir)          310.053           2.241          -3.156         -21.269          330.407
  529 (vir)          310.467           6.065          -1.730         -17.742          332.544
  530 (vir)          311.488           4.998          -1.713         -17.698          332.471
  531 (vir)          311.729           9.843          -3.190         -22.420          340.801
  532 (vir)          312.991           9.282          -3.067         -21.931          341.138
  533 (vir)          314.335           6.903          -3.047         -21.409          339.600
  534 (vir)          315.900           2.338          -3.270         -21.972          336.939
  535 (vir)          317.919           8.280          -3.056         -22.469          345.614
  536 (vir)          318.253           5.341          -3.506         -22.325          342.411
  537 (vir)          318.450           7.726          -3.052         -22.477          345.601
  538 (vir)          319.135           3.335          -3.372         -21.835          340.933
  539 (vir)          319.750           3.414          -3.746         -22.942          342.359
  540 (vir)          321.539           3.224          -3.805         -23.100          344.059
  541 (vir)          322.137           2.850          -3.061         -21.332          343.258
  542 (vir)          325.689           1.278          -4.397         -25.653          348.224
  543 (vir)          325.801         -10.036          -2.305         -19.763          333.223
  544 (vir)          325.947           0.135          -4.395         -25.656          347.343
  545 (vir)          327.687         -17.102          -3.157         -22.569          329.997
  546 (vir)          329.087           5.999          -2.941         -22.103          354.249
  547 (vir)          329.883           6.438          -3.921         -24.288          356.689
  548 (vir)          331.238           9.554          -3.825         -24.189          361.155
  549 (vir)          334.968           2.753          -2.570         -19.469          354.621
  550 (vir)          348.821           1.946          -2.273         -18.538          367.032
  551 (vir)          352.553         -11.622          -3.688         -24.576          361.819
  552 (vir)          352.798           8.251          -3.699         -24.597          381.947
  553 (vir)          361.529         -13.851          -3.780         -24.753          368.651
  554 (vir)          366.244          -8.191          -3.542         -24.215          378.726
  555 (vir)          379.318           3.289          -9.503         -31.779          404.884
  556 (vir)          380.933           3.268          -9.416         -31.676          406.461
  557 (vir)          387.458           3.033          -4.875         -26.759          412.375
  558 (vir)          387.826           3.301          -4.761         -26.679          413.046
  559 (vir)          400.671           2.299          -3.364         -21.499          421.105
  560 (vir)          402.310           3.855          -3.253         -21.311          424.223
  561 (vir)          758.128           1.058         -12.934         -46.176          792.428
  562 (vir)          763.416           1.046         -12.823         -46.078          797.717
  563 (vir)          767.853           1.050         -12.784         -46.051          802.170
  564 (vir)          784.861           1.068         -12.538         -45.808          819.200
  565 (vir)         1025.453           1.410         -15.241         -54.052         1065.673
  566 (vir)         1026.592           1.407         -15.221         -54.044         1066.822
  567 (vir)         1301.503           1.240         -18.020         -62.279         1347.002
  568 (vir)         1302.897           1.241         -18.006         -62.264         1348.395
  569 (vir)         3988.763           1.315         -14.772         -94.557         4069.863
  570 (vir)         3992.732           1.332         -14.741         -94.524         4073.846
  571 (vir)         3997.512           1.339         -14.731         -94.518         4078.638
  572 (vir)         4015.163           1.354         -14.661         -94.460         4096.316
  573 (vir)         5350.581           0.972         -17.556        -110.386         5444.384
  574 (vir)         5351.802           0.972         -17.547        -110.379         5445.605
  575 (vir)         6869.144           0.333         -20.612        -126.350         6975.215
  576 (vir)         6870.634           0.333         -20.609        -126.347         6976.706
