 
  kpoint:     0.0000    0.0000    0.0000
 
    n          ϵ_nk^DFT (eV)     Σ^c_nk (eV)     Σ^x_nk (eV)     v_n^xc (eV)   ϵ_nk^G0W0 (eV)
 
    1 (occ)        -2739.529          -5.866        -300.466        -187.109        -2858.752
    2 (occ)         -270.756           2.849         -96.880         -61.537         -303.250
    3 (occ)         -269.312           2.601         -96.906         -61.552         -302.065
    4 (occ)         -249.966           4.769         -97.740         -60.452         -282.486
    5 (occ)         -190.744           4.319         -89.733         -61.975         -214.182
    6 (occ)         -190.485           4.574         -90.059         -62.074         -213.896
    7 (occ)         -190.460           5.029         -90.096         -62.084         -213.443
    8 (occ)          -21.882           6.670         -27.466         -18.047          -24.630
    9 (occ)          -18.607           5.452         -26.148         -17.491          -21.812
   10 (occ)          -14.461           3.208         -22.574         -15.776          -18.052
   11 (occ)          -12.108           2.108         -20.730         -15.177          -15.554
   12 (occ)          -11.082           1.583         -21.447         -16.203          -14.743
   13 (occ)           -9.449           0.946         -19.883         -15.191          -13.195
   14 (occ)           -9.061           1.468         -19.400         -14.706          -12.288
   15 (occ)           -7.531           1.187         -20.853         -16.132          -11.066
   16 (occ)           -6.426           0.054         -18.017         -14.632           -9.757
   17 (vir)           -1.394          -2.463          -7.192         -12.468            1.419
   18 (vir)           -0.204          -2.632          -7.377         -12.779            2.566
   19 (vir)            0.468          -1.259          -2.319          -5.622            2.512
   20 (vir)            0.997          -1.154          -1.911          -5.027            2.959
   21 (vir)            1.633          -1.047          -1.641          -4.577            3.522
   22 (vir)            3.037          -1.072          -1.485          -4.478            4.957
   23 (vir)            3.038          -1.167          -1.514          -4.620            4.977
   24 (vir)            3.361          -1.463          -2.191          -5.750            5.458
   25 (vir)            3.919          -1.484          -2.315          -6.129            6.249
   26 (vir)            4.577          -1.476          -1.848          -5.408            6.661
   27 (vir)            4.602          -1.638          -2.911          -6.764            6.816
   28 (vir)            5.132          -1.590          -3.122          -7.295            7.716
   29 (vir)            5.464          -1.420          -2.353          -6.081            7.772
   30 (vir)            5.613          -1.622          -2.835          -6.808            7.966
   31 (vir)            6.989          -2.256          -3.542          -8.426            9.617
   32 (vir)            7.383          -2.591          -4.125          -9.624           10.291
   33 (vir)            7.399          -1.833          -2.622          -6.551            9.495
   34 (vir)            8.340          -2.938          -4.798         -10.852           11.456
   35 (vir)            8.447          -1.730          -2.200          -6.026           10.543
   36 (vir)            9.000          -1.961          -2.648          -6.900           11.291
   37 (vir)            9.305          -2.953          -4.398         -10.180           12.134
   38 (vir)           10.476          -1.852          -2.189          -6.242           12.678
   39 (vir)           11.010          -2.671          -3.031          -8.237           13.545
   40 (vir)           11.521          -3.033          -3.048          -8.721           14.162
   41 (vir)           12.557          -3.190          -3.780          -9.578           15.165
   42 (vir)           13.345          -2.553          -2.530          -8.041           16.304
   43 (vir)           13.609          -2.570          -2.850          -7.912           16.101
   44 (vir)           14.190          -2.715          -2.618          -7.905           16.762
   45 (vir)           16.132          -2.909          -2.459          -7.908           18.673
   46 (vir)           16.999          -2.795          -2.269          -7.818           19.754
   47 (vir)           17.532          -3.625          -3.363          -9.504           20.048
   48 (vir)           17.651          -3.531          -2.466          -8.734           20.388
   49 (vir)           19.214          -4.356          -3.276         -10.273           21.856
   50 (vir)           19.221          -3.822          -2.213          -8.669           21.855
   51 (vir)           19.483          -2.836          -1.485          -6.854           22.016
   52 (vir)           19.949          -3.343          -2.501          -8.391           22.496
   53 (vir)           20.393          -2.879          -1.440          -7.022           23.095
   54 (vir)           20.759          -3.064          -2.342          -8.261           23.614
   55 (vir)           21.328          -2.950          -2.396          -8.041           24.022
   56 (vir)           22.136          -3.154          -1.642          -7.537           24.877
   57 (vir)           22.382          -3.067          -2.302          -8.029           25.042
   58 (vir)           23.315          -2.486          -1.190          -6.695           26.335
   59 (vir)           23.685          -2.823          -1.622          -7.273           26.512
   60 (vir)           24.641          -3.098          -2.488          -8.710           27.766
   61 (vir)           25.752          -2.847          -1.891          -7.768           28.782
   62 (vir)           27.411          -2.944          -2.254          -8.657           30.870
   63 (vir)           27.460          -3.130          -2.104          -8.182           30.408
   64 (vir)           27.615          -3.104          -1.570          -7.345           30.285
   65 (vir)           28.940          -3.045          -2.513          -8.957           32.338
   66 (vir)           29.048          -3.831          -3.603         -11.193           32.807
   67 (vir)           29.657          -4.259          -4.244         -13.365           34.520
   68 (vir)           29.960          -3.809          -2.893         -10.110           33.368
   69 (vir)           30.341          -3.893          -3.013         -10.694           34.128
   70 (vir)           30.910          -3.441          -2.479          -9.698           34.688
   71 (vir)           31.513          -3.754          -3.225         -11.258           35.792
   72 (vir)           31.755          -3.201          -2.548          -9.740           35.747
   73 (vir)           33.043          -4.146          -3.356         -11.706           37.248
   74 (vir)           33.837          -3.330          -2.863         -10.882           38.525
   75 (vir)           34.483          -2.816          -1.973          -9.075           38.768
   76 (vir)           34.503          -1.612          -2.304         -10.402           40.989
   77 (vir)           36.018          -1.223          -1.992          -9.433           42.236
   78 (vir)           37.728          -2.298          -2.297          -9.332           42.465
   79 (vir)           38.121          -3.336          -2.891         -11.521           43.414
   80 (vir)           40.617          -4.035          -2.461         -10.170           44.291
   81 (vir)           41.281          -3.068          -2.829         -11.534           46.918
   82 (vir)           41.997          -2.515          -2.264         -10.277           47.495
   83 (vir)           43.736          -3.702          -2.696         -11.095           48.433
   84 (vir)           44.231          -2.452          -2.095          -9.799           49.484
   85 (vir)           45.286          -2.603          -2.377         -10.527           50.833
   86 (vir)           45.309          -3.544          -2.669         -11.277           50.374
   87 (vir)           47.081          -2.249          -3.144         -11.693           53.380
   88 (vir)           48.074          -2.076          -2.657         -11.108           54.448
   89 (vir)           48.401          -2.643          -2.047         -10.544           54.256
   90 (vir)           49.215          -2.873          -1.970         -10.179           54.552
   91 (vir)           49.571          -1.804          -2.566         -10.924           56.125
   92 (vir)           50.498          -2.107          -2.539         -10.693           56.546
   93 (vir)           50.657          -2.106          -2.126         -10.669           57.094
   94 (vir)           50.861          -1.899          -2.250         -10.993           57.704
   95 (vir)           51.988          -2.801          -2.483         -11.270           57.974
   96 (vir)           52.872          -2.860          -1.808         -10.384           58.588
   97 (vir)           53.278          -2.843          -3.023         -11.959           59.371
   98 (vir)           54.510          -2.071          -1.298          -9.363           60.504
   99 (vir)           54.721          -0.766          -1.983         -10.412           62.384
  100 (vir)           56.365          -3.630          -1.387          -9.735           61.083
  101 (vir)           56.535          -1.785          -1.831         -10.278           63.196
  102 (vir)           57.113          -2.214          -2.393         -11.422           63.928
  103 (vir)           60.491          -2.152          -3.118         -12.535           67.756
  104 (vir)           60.827          -2.309          -1.606         -10.267           67.179
  105 (vir)           61.404          -2.535          -2.338         -11.456           67.987
  106 (vir)           62.725          -3.042          -1.405          -9.803           68.081
  107 (vir)           63.715          -2.721          -2.338         -11.456           70.112
  108 (vir)           64.272          -1.571          -1.339          -9.748           71.111
  109 (vir)           64.354          -0.841          -1.746         -10.204           71.971
  110 (vir)           65.378          -3.213          -2.866         -13.102           72.400
  111 (vir)           66.000          -1.823          -1.989         -10.682           72.870
  112 (vir)           66.657          -0.030          -1.817         -10.352           75.162
  113 (vir)           67.526          -2.086          -1.216          -9.532           73.756
  114 (vir)           68.199           1.425          -2.102         -11.063           78.585
  115 (vir)           69.336          -2.188          -1.405         -10.181           75.924
  116 (vir)           69.859           0.942          -1.887         -10.730           79.644
  117 (vir)           70.091          -4.846          -3.879         -15.502           76.868
  118 (vir)           71.267          -1.080          -1.269          -9.664           78.583
  119 (vir)           71.880           0.885          -1.683         -10.410           81.492
  120 (vir)           72.634          -4.105          -1.972         -10.695           77.253
  121 (vir)           74.396          -3.890          -1.724         -10.544           79.326
  122 (vir)           75.066          -1.800          -1.021          -9.350           81.595
  123 (vir)           77.890          -1.667          -1.821         -10.990           85.392
  124 (vir)           80.601           0.233          -3.191         -13.552           91.195
  125 (vir)           81.398          -2.940          -1.539         -10.910           87.830
  126 (vir)           83.267          -2.684          -3.444         -14.754           91.892
  127 (vir)           85.270          -5.495          -5.278         -18.153           92.650
  128 (vir)           86.079          -3.384          -3.767         -15.175           94.103
  129 (vir)           87.492          -2.835          -3.796         -15.411           96.273
  130 (vir)           88.153          -0.408          -2.053         -11.868           97.560
  131 (vir)           88.279          -6.005          -4.524         -16.977           94.727
  132 (vir)           88.569          -4.147          -2.282         -12.948           95.088
  133 (vir)           89.551          -1.854          -2.898         -13.756           98.556
  134 (vir)           90.105          -3.959          -3.711         -15.900           98.336
  135 (vir)           91.629          -2.717          -2.798         -14.175          100.289
  136 (vir)           91.653          -3.665          -2.581         -14.474           99.881
  137 (vir)           92.271          -0.946          -1.514         -11.543          101.355
  138 (vir)           92.840          -4.816          -3.780         -15.880          100.125
  139 (vir)           94.489          -2.426          -2.294         -13.904          103.672
  140 (vir)           94.624          -2.206          -2.253         -14.029          104.193
  141 (vir)           95.208          -3.035          -2.167         -14.311          104.316
  142 (vir)           95.358          -3.172          -2.187         -14.222          104.221
  143 (vir)           95.810          -3.571          -2.844         -14.901          104.295
  144 (vir)           99.675          -2.455          -2.410         -13.974          108.783
  145 (vir)          100.026          -2.888          -2.439         -13.469          108.169
  146 (vir)          101.825          -4.727          -4.370         -17.366          110.095
  147 (vir)          102.249          -2.946          -5.601         -18.980          112.681
  148 (vir)          102.612          -2.000          -2.793         -14.755          112.573
  149 (vir)          103.006          -3.488          -6.837         -20.314          112.994
  150 (vir)          103.976          -1.328          -2.837         -16.032          115.844
  151 (vir)          104.010          -2.284          -4.241         -16.943          114.428
  152 (vir)          104.954          -2.188          -4.066         -16.711          115.411
  153 (vir)          105.071          -0.539          -2.367         -14.555          116.720
  154 (vir)          105.283          -0.628          -3.032         -16.229          117.852
  155 (vir)          106.884          -2.575          -4.167         -16.956          117.098
  156 (vir)          106.953          -2.844          -3.225         -15.595          116.479
  157 (vir)          110.700          -1.080          -2.240         -14.799          122.179
  158 (vir)          110.938          -1.391          -2.536         -14.890          121.900
  159 (vir)          115.135          -1.507          -2.066         -13.912          125.474
  160 (vir)          116.808          -2.422          -2.007         -13.362          125.742
  161 (vir)          120.149          -0.287          -2.196         -15.081          132.748
  162 (vir)          122.113          -2.945          -3.890         -17.320          132.598
  163 (vir)          123.217          -1.610          -2.734         -15.633          134.506
  164 (vir)          126.467          -1.096          -2.458         -15.098          138.011
  165 (vir)          127.904          -2.271          -2.437         -15.057          138.253
  166 (vir)          131.645          -3.020          -2.214         -15.018          141.428
  167 (vir)          131.782          -2.922          -2.184         -14.905          141.580
  168 (vir)          134.046          -0.748          -1.939         -14.480          145.840
  169 (vir)          134.851          -5.207          -1.795         -14.373          142.221
  170 (vir)          135.071          -1.209          -2.250         -14.972          146.584
  171 (vir)          137.754           1.547          -1.664         -14.025          151.662
  172 (vir)          139.505          -3.849          -2.786         -15.918          148.789
  173 (vir)          143.783         -14.185          -1.516         -13.695          141.777
  174 (vir)          145.361           3.401          -1.698         -14.201          161.265
  175 (vir)          146.303           3.104          -1.672         -14.117          161.852
  176 (vir)          148.435          -1.760          -2.100         -15.210          159.784
  177 (vir)          149.529           1.273          -1.666         -14.346          163.482
  178 (vir)          149.987         -14.409          -1.896         -14.587          148.270
  179 (vir)          151.089           0.645          -1.967         -15.253          165.020
  180 (vir)          153.451          -3.191          -2.143         -15.490          163.607
  181 (vir)          153.817          -5.677          -1.500         -13.987          160.628
  182 (vir)          154.338          -2.431          -1.848         -14.623          164.683
  183 (vir)          155.898          -2.609          -1.787         -14.781          166.283
  184 (vir)          157.538          -1.041          -1.384         -13.175          168.289
  185 (vir)          159.312           5.871          -1.243         -13.058          176.998
  186 (vir)          160.276          -1.636          -1.603         -14.007          171.043
  187 (vir)          160.720           3.389          -1.844         -14.853          177.118
  188 (vir)          160.867           1.282          -1.152         -12.687          173.684
  189 (vir)          163.104           2.003          -1.087         -12.492          176.512
  190 (vir)          163.932           0.810          -1.821         -15.010          177.932
  191 (vir)          165.409           3.212          -1.473         -13.981          181.129
  192 (vir)          165.453           0.463          -1.846         -14.821          178.890
  193 (vir)          166.295           0.953          -1.689         -14.207          179.766
  194 (vir)          166.339           2.115          -1.572         -14.328          181.210
  195 (vir)          168.131          -1.015          -1.339         -13.235          179.013
  196 (vir)          168.470           0.304          -1.633         -14.655          181.796
  197 (vir)          170.892           1.826          -1.976         -14.923          185.666
  198 (vir)          171.595           4.598          -1.844         -15.283          189.633
  199 (vir)          172.443           3.599          -1.790         -15.562          189.815
  200 (vir)          172.794           0.016          -1.911         -15.495          186.395
  201 (vir)          175.322           1.079          -1.798         -14.774          189.376
  202 (vir)          176.617           1.181          -1.732         -15.033          191.100
  203 (vir)          179.554           1.975          -1.849         -15.750          195.430
  204 (vir)          182.627          -1.470          -1.648         -14.943          194.452
  205 (vir)          182.883           0.554          -1.616         -15.204          197.025
  206 (vir)          184.738          -4.606          -1.529         -14.800          193.402
  207 (vir)          185.106          -4.813          -1.902         -15.171          193.562
  208 (vir)          187.788          -0.773          -3.046         -17.227          201.195
  209 (vir)          188.834           2.255          -1.655         -15.313          204.747
  210 (vir)          190.658          -8.638          -2.493         -16.346          195.872
  211 (vir)          192.042           1.988          -3.006         -16.529          207.553
  212 (vir)          195.535           0.987          -1.021         -13.256          208.757
  213 (vir)          197.490          -1.194          -1.504         -14.282          209.074
  214 (vir)          198.395          -0.312          -1.857         -14.797          211.023
  215 (vir)          199.826           2.576          -1.058         -13.397          214.741
  216 (vir)          201.050           2.636          -1.064         -13.538          216.161
  217 (vir)          202.326           0.577          -0.968         -13.110          215.045
  218 (vir)          202.990           6.278          -2.100         -15.730          222.899
  219 (vir)          204.271          -3.081          -1.292         -13.966          213.864
  220 (vir)          204.748          -0.497          -0.839         -12.593          216.004
  221 (vir)          205.587           1.417          -2.011         -14.784          219.777
  222 (vir)          206.369           2.435          -1.372         -13.693          221.124
  223 (vir)          208.843           2.161          -1.679         -14.749          224.074
  224 (vir)          212.728           0.200          -1.842         -15.302          226.389
  225 (vir)          213.083           1.304          -1.044         -13.289          226.632
  226 (vir)          213.352           3.438          -0.878         -12.882          228.794
  227 (vir)          215.863          -5.491          -1.225         -13.689          222.836
  228 (vir)          216.701          -8.157          -1.831         -15.388          222.100
  229 (vir)          219.070           1.911          -0.928         -13.579          233.632
  230 (vir)          220.203           2.198          -1.356         -14.087          235.132
  231 (vir)          220.856          -4.027          -1.538         -14.467          229.759
  232 (vir)          221.415          -9.048          -0.807         -12.967          224.527
  233 (vir)          223.878           1.352          -2.182         -16.665          239.713
  234 (vir)          224.336           3.423          -1.980         -16.010          241.789
  235 (vir)          226.477           2.970          -0.887         -13.167          241.726
  236 (vir)          227.701           2.727          -1.036         -13.611          243.004
  237 (vir)          228.592           2.393          -1.989         -16.303          245.300
  238 (vir)          229.858           2.479          -0.889         -13.248          244.696
  239 (vir)          233.338           4.623          -1.489         -15.781          252.253
  240 (vir)          235.287           4.459          -1.162         -14.819          253.403
  241 (vir)          237.182           3.724          -0.963         -13.878          253.821
  242 (vir)          237.322           2.458          -9.838         -26.989          256.930
  243 (vir)          239.347           2.253          -2.641         -16.748          255.707
  244 (vir)          243.900           9.269          -1.217         -14.850          266.802
  245 (vir)          247.241           2.891          -1.226         -14.320          263.226
  246 (vir)          255.215           1.602          -1.820         -16.840          271.837
  247 (vir)          261.190           4.222          -1.562         -15.974          279.824
  248 (vir)          262.591           2.514          -1.327         -15.597          279.375
  249 (vir)          262.743          -7.053          -1.048         -14.844          269.486
  250 (vir)          266.659           1.612          -1.016         -14.745          282.000
  251 (vir)          270.055           0.248          -1.620         -16.601          285.283
  252 (vir)          272.627           2.109          -1.330         -15.769          289.175
  253 (vir)          272.982           3.442          -1.070         -14.919          290.274
  254 (vir)          283.108           0.559          -4.400         -21.772          301.039
  255 (vir)          284.724          -0.586         -14.964         -37.611          306.786
  256 (vir)          285.742          -1.297         -14.652         -37.153          306.946
  257 (vir)          288.975           3.056         -14.587         -37.138          314.582
  258 (vir)          291.921           2.100          -2.496         -17.848          309.373
  259 (vir)          293.619           2.369         -12.747         -34.298          317.539
  260 (vir)          298.503           0.426          -7.041         -25.195          317.084
  261 (vir)          302.366           0.201          -7.973         -26.813          321.406
  262 (vir)          311.544           2.191          -1.694         -16.691          328.731
  263 (vir)          341.586           1.920          -2.189         -18.187          359.504
  264 (vir)          350.493           2.124          -2.509         -18.933          369.041
  265 (vir)          760.990           1.024         -12.892         -46.086          795.208
  266 (vir)          781.033           1.582         -18.935         -53.098          816.777
  267 (vir)          786.651           1.308         -14.387         -47.883          821.455
  268 (vir)         1124.699           3.035         -37.629         -90.539         1180.644
  269 (vir)         1124.998           3.210         -37.620         -90.506         1181.094
  270 (vir)         1127.857           2.216         -37.107         -89.998         1182.964
  271 (vir)         2667.026           2.521         -35.421        -100.744         2734.869
  272 (vir)         3991.221           1.300         -14.766         -94.551         4072.307
  273 (vir)         4016.170           1.324         -14.665         -94.465         4097.293
  274 (vir)        14274.301           0.505         -55.433        -224.091        14443.465
