 
  kpoint:     0.0000    0.0000    0.0000
 
    n          ϵ_nk^DFT (eV)     Σ^c_nk (eV)     Σ^x_nk (eV)     v_n^xc (eV)   ϵ_nk^G0W0 (eV)
 
    1 (occ)        -2403.079          -4.079        -281.404        -175.428        -2513.134
    2 (occ)         -662.376          -3.042        -150.711         -94.987         -721.142
    3 (occ)         -662.376          -3.049        -150.711         -94.987         -721.149
    4 (occ)         -660.480          -3.186        -150.706         -94.987         -719.385
    5 (occ)         -660.480          -3.186        -150.705         -94.987         -719.384
    6 (occ)         -215.215          -0.016         -90.442         -56.026         -249.647
    7 (occ)         -161.419          10.777         -82.322         -57.080         -175.885
    8 (occ)         -161.375          11.964         -82.402         -57.101         -174.712
    9 (occ)         -161.194          10.950         -82.592         -57.162         -175.673
   10 (occ)          -34.117           7.536         -37.696         -23.865          -40.412
   11 (occ)          -32.287           8.253         -39.490         -25.562          -37.961
   12 (occ)          -30.395           7.942         -39.062         -25.111          -36.403
   13 (occ)          -29.941           8.327         -39.732         -25.775          -35.572
   14 (occ)          -19.694           4.953         -31.064         -22.053          -23.753
   15 (occ)          -15.792           3.489         -29.955         -22.398          -19.860
   16 (occ)          -15.137           4.280         -29.988         -21.857          -18.989
   17 (occ)          -14.744           3.737         -27.994         -20.261          -18.740
   18 (occ)          -12.898           4.539         -30.779         -22.123          -17.015
   19 (occ)          -12.558           3.413         -30.519         -23.082          -16.583
   20 (occ)          -11.993           4.165         -30.770         -22.557          -16.041
   21 (occ)          -11.904           3.606         -31.291         -23.423          -16.166
   22 (occ)          -10.645           3.616         -30.430         -22.746          -14.713
   23 (occ)          -10.374           4.017         -31.223         -23.242          -14.338
   24 (occ)           -9.972           3.875         -32.064         -23.964          -14.197
   25 (occ)           -9.778           3.933         -32.390         -24.320          -13.915
   26 (occ)           -8.191           1.552         -26.883         -21.426          -12.096
   27 (vir)           -2.895          -2.336         -11.409         -17.005            0.365
   28 (vir)           -0.559          -2.977         -13.656         -20.168            2.976
   29 (vir)            0.685          -2.514         -11.724         -17.488            3.936
   30 (vir)            2.645          -1.304          -2.791          -6.493            5.044
   31 (vir)            3.315          -1.410          -3.193          -7.216            5.928
   32 (vir)            3.419          -1.272          -2.611          -6.256            5.793
   33 (vir)            3.922          -1.818          -5.127          -9.803            6.780
   34 (vir)            6.153          -1.366          -2.210          -6.183            8.761
   35 (vir)            6.352          -1.574          -3.174          -7.525            9.129
   36 (vir)            6.589          -2.085          -4.879         -10.098            9.723
   37 (vir)            6.885          -2.396          -5.944         -11.555           10.100
   38 (vir)            7.428          -3.649          -7.329         -14.370           10.821
   39 (vir)            7.869          -1.344          -2.213          -6.537           10.849
   40 (vir)            8.182          -1.561          -2.301          -6.873           11.193
   41 (vir)            8.762          -2.012          -2.966          -8.135           11.919
   42 (vir)            9.789          -2.101          -3.949          -9.165           12.904
   43 (vir)            9.981          -1.759          -2.709          -7.447           12.961
   44 (vir)           10.525          -1.268          -2.537          -6.840           13.560
   45 (vir)           10.956          -1.303          -2.442          -6.706           13.917
   46 (vir)           11.246          -1.520          -2.701          -7.253           14.279
   47 (vir)           12.092          -1.309          -2.346          -6.800           15.237
   48 (vir)           13.583          -1.170          -1.799          -6.011           16.626
   49 (vir)           14.683          -3.300          -5.202         -12.100           18.282
   50 (vir)           16.276          -3.540          -5.677         -13.170           20.229
   51 (vir)           20.152          -3.135          -4.849         -11.999           24.167
   52 (vir)           20.188          -3.734          -5.449         -13.452           24.457
   53 (vir)           20.770          -3.415          -3.540         -10.561           24.376
   54 (vir)           21.590          -3.271          -3.330         -10.346           25.336
   55 (vir)           22.228          -3.158          -4.280         -11.020           25.811
   56 (vir)           22.279          -2.933          -4.298         -10.725           25.774
   57 (vir)           22.430          -3.050          -3.982         -11.004           26.402
   58 (vir)           23.993          -3.605          -3.662         -10.963           27.688
   59 (vir)           25.688          -2.853          -2.586          -9.839           30.088
   60 (vir)           25.898          -3.212          -3.598         -10.761           29.849
   61 (vir)           26.581          -2.969          -4.237         -12.049           31.424
   62 (vir)           27.523          -3.217          -4.262         -11.496           31.539
   63 (vir)           27.867          -2.727          -3.154          -9.922           31.908
   64 (vir)           28.008          -3.163          -4.095         -11.481           32.231
   65 (vir)           28.584          -3.111          -3.971         -12.174           33.676
   66 (vir)           29.091          -2.579          -3.714         -10.208           33.006
   67 (vir)           32.627          -2.791          -3.814         -11.641           37.663
   68 (vir)           33.955          -2.916          -3.541         -11.274           38.772
   69 (vir)           35.116          -4.351          -4.642         -12.764           38.886
   70 (vir)           37.045          -3.328          -4.730         -13.116           42.103
   71 (vir)           38.123          -3.969          -4.858         -13.172           42.468
   72 (vir)           39.480          -3.097          -5.193         -14.256           45.446
   73 (vir)           41.767          -3.694          -4.923         -13.569           46.719
   74 (vir)           41.928          -2.680          -4.304         -12.965           47.909
   75 (vir)           41.958          -3.867          -4.861         -13.582           46.811
   76 (vir)           42.564          -3.272          -4.676         -13.600           48.216
   77 (vir)           42.799          -3.717          -4.865         -13.585           47.802
   78 (vir)           43.363          -2.913          -4.629         -13.832           49.652
   79 (vir)           43.558          -1.938          -4.115         -12.751           50.256
   80 (vir)           43.651          -3.671          -5.144         -14.579           49.415
   81 (vir)           43.802          -4.112          -5.050         -14.136           48.776
   82 (vir)           44.368          -2.565          -4.912         -13.894           50.785
   83 (vir)           44.628          -3.794          -4.922         -13.709           49.620
   84 (vir)           44.770          -3.425          -4.697         -13.205           49.852
   85 (vir)           44.984          -3.935          -4.879         -13.833           50.002
   86 (vir)           45.171          -3.333          -4.704         -13.228           50.363
   87 (vir)           47.155          -2.879          -3.881         -12.231           52.627
   88 (vir)           48.339          -4.633          -5.913         -16.224           54.017
   89 (vir)           48.773          -5.549          -4.485         -13.234           51.974
   90 (vir)           49.207          -2.939          -4.306         -13.697           55.659
   91 (vir)           49.307          -1.433          -4.704         -14.070           57.240
   92 (vir)           52.813          -4.514          -6.141         -17.043           59.201
   93 (vir)           53.535          -2.919          -3.453         -12.537           59.701
   94 (vir)           53.912          -2.730          -3.733         -13.256           60.705
   95 (vir)           57.402          -3.662          -3.982         -13.849           63.608
   96 (vir)           59.500          -3.771          -4.557         -14.898           66.070
   97 (vir)           63.470          -2.781          -3.406         -13.231           70.514
   98 (vir)           63.642          -3.300          -3.551         -13.585           70.376
   99 (vir)           66.162          -2.279          -5.179         -15.479           74.183
  100 (vir)           67.105          -4.146          -5.101         -16.904           74.761
  101 (vir)           67.906          -3.061          -4.963         -16.727           76.610
  102 (vir)           69.725          -3.718          -4.471         -15.044           76.579
  103 (vir)           70.820          -2.562          -4.136         -15.638           79.760
  104 (vir)           72.071          -2.439          -3.446         -14.566           80.752
  105 (vir)           72.334          -2.808          -3.144         -14.228           80.611
  106 (vir)           72.706          -1.720          -3.421         -14.263           81.827
  107 (vir)           77.250          -4.902          -3.237         -15.067           84.179
  108 (vir)           78.471          -3.051          -4.041         -15.891           87.269
  109 (vir)           78.935          -3.026          -3.881         -16.039           88.067
  110 (vir)           80.536          -7.229          -2.942         -14.577           84.943
  111 (vir)           81.225          -3.493          -4.024         -15.280           88.988
  112 (vir)           81.541          -7.715          -3.471         -14.931           85.285
  113 (vir)           83.123          -6.673          -3.042         -14.809           88.217
  114 (vir)           83.569          -2.439          -4.055         -15.877           92.953
  115 (vir)           85.782          -2.458          -3.072         -14.505           94.757
  116 (vir)           87.554          -2.930          -2.998         -14.701           96.328
  117 (vir)           87.985          -3.905          -2.682         -14.224           95.622
  118 (vir)           89.309          -2.377          -3.443         -15.251           98.740
  119 (vir)           91.550          -4.291          -4.659         -16.692           99.291
  120 (vir)           91.958          -6.256          -2.519         -14.214           97.396
  121 (vir)           92.609          -4.781          -3.442         -15.502           99.887
  122 (vir)           93.071          -2.291          -6.337         -18.604          103.048
  123 (vir)           93.220          -6.369          -4.305         -16.262           98.807
  124 (vir)           95.667          -2.043          -6.370         -19.263          106.518
  125 (vir)           96.613          -3.498          -6.020         -19.452          106.547
  126 (vir)           96.767          -4.527          -5.285         -18.279          105.234
  127 (vir)          107.838           5.318          -5.427         -18.912          126.641
  128 (vir)          107.990         -10.028          -3.355         -16.134          110.742
  129 (vir)          108.718         -10.681          -3.561         -16.468          110.944
  130 (vir)          109.215         -12.957          -3.401         -16.278          109.136
  131 (vir)          109.700         -10.241          -3.410         -16.267          112.316
  132 (vir)          110.069          -9.888          -3.393         -16.254          113.043
  133 (vir)          110.237         -11.046          -3.391         -16.222          112.023
  134 (vir)          110.878         -10.150          -3.377         -16.222          113.574
  135 (vir)          111.653         -11.188          -3.510         -16.461          113.415
  136 (vir)          112.160           3.781          -3.563         -16.464          128.842
  137 (vir)          112.648         -13.419          -4.422         -17.771          112.578
  138 (vir)          114.232         -11.659          -5.627         -19.286          116.232
  139 (vir)          114.766           4.353          -4.486         -17.935          132.569
  140 (vir)          115.070           8.897          -3.527         -16.538          136.977
  141 (vir)          120.296           4.990          -3.712         -17.153          138.727
  142 (vir)          120.893           4.695          -4.472         -18.183          139.299
  143 (vir)          121.676          -0.020          -4.095         -17.845          135.405
  144 (vir)          121.880           5.913          -3.133         -16.245          140.905
  145 (vir)          122.220           3.665          -4.305         -18.081          139.661
  146 (vir)          122.357           6.315          -5.615         -19.229          142.285
  147 (vir)          125.976          -0.636          -5.412         -19.881          139.808
  148 (vir)          128.116          -1.457          -5.593         -20.203          141.269
  149 (vir)          128.991          -4.508          -6.671         -21.840          139.653
  150 (vir)          129.222          -3.572          -5.447         -20.051          140.254
  151 (vir)          131.025          -5.497          -6.145         -21.152          140.535
  152 (vir)          132.722          -5.920          -6.472         -21.479          141.809
  153 (vir)          133.801          -4.426          -5.165         -19.731          143.940
  154 (vir)          133.832          -5.218          -6.888         -22.118          143.845
  155 (vir)          134.469          -4.255          -6.184         -21.235          145.264
  156 (vir)          135.434          -3.244          -5.791         -20.557          146.957
  157 (vir)          137.893          -3.945          -6.055         -21.336          149.229
  158 (vir)          138.188          -3.284          -6.138         -21.477          150.242
  159 (vir)          139.977          -6.293          -6.183         -21.299          148.800
  160 (vir)          140.420          -3.023          -5.861         -21.006          152.541
  161 (vir)          142.509          -5.824          -5.653         -20.851          151.883
  162 (vir)          142.516          -1.667          -5.308         -20.105          155.646
  163 (vir)          142.908          -5.019          -5.642         -20.708          152.955
  164 (vir)          143.834           1.161          -6.812         -22.847          161.030
  165 (vir)          145.026           2.867          -6.881         -22.879          163.890
  166 (vir)          145.551           0.612          -6.939         -23.206          162.431
  167 (vir)          150.149           2.224          -5.862         -21.616          168.128
  168 (vir)          150.981           1.816          -5.707         -21.374          168.464
  169 (vir)          153.739           5.203          -6.712         -23.438          175.668
  170 (vir)          154.733           4.115          -4.296         -19.178          173.730
  171 (vir)          156.207           2.693          -3.607         -18.053          173.347
  172 (vir)          156.247           3.860          -3.916         -18.710          174.901
  173 (vir)          156.480           3.930          -4.131         -19.060          175.339
  174 (vir)          158.278           4.966          -5.243         -20.961          178.962
  175 (vir)          163.278           9.082          -8.700         -27.222          190.882
  176 (vir)          163.834          10.217          -9.180         -28.121          192.993
  177 (vir)          165.769           9.323          -9.445         -28.825          194.471
  178 (vir)          167.549           1.485          -5.923         -20.735          183.847
  179 (vir)          169.087           9.313          -8.643         -27.241          196.998
  180 (vir)          169.097           5.418          -7.320         -25.580          192.775
  181 (vir)          171.025           8.998          -8.439         -27.045          198.629
  182 (vir)          172.712           9.255          -8.451         -27.164          200.680
  183 (vir)          172.936           6.388          -7.365         -25.115          197.074
  184 (vir)          173.702           8.731          -8.405         -27.038          201.066
  185 (vir)          178.172           2.120          -4.668         -19.633          195.257
  186 (vir)          183.845           5.110          -4.559         -19.999          204.394
  187 (vir)          189.718           5.466          -8.291         -28.205          215.098
  188 (vir)          189.899           6.109          -6.300         -23.744          213.452
  189 (vir)          191.659           4.946          -7.386         -26.251          215.470
  190 (vir)          193.855           5.206          -8.441         -28.010          218.630
  191 (vir)          200.873          -2.746          -9.145         -26.473          215.456
  192 (vir)          231.235           0.076         -12.654         -32.767          251.423
  193 (vir)          233.897           0.354         -12.485         -32.564          254.329
  194 (vir)          235.713          -0.249         -12.231         -32.209          255.443
  195 (vir)          240.287          -2.824         -11.622         -31.691          257.531
  196 (vir)          258.939          -1.801         -10.796         -30.705          277.047
  197 (vir)          302.863           3.723          -2.996         -22.010          325.600
  198 (vir)          302.933           3.845          -2.991         -22.005          325.791
  199 (vir)          303.331           3.513          -2.990         -22.003          325.857
  200 (vir)          303.431           3.830          -2.987         -21.998          326.271
  201 (vir)          303.594           3.858          -2.996         -22.017          326.474
  202 (vir)          303.694           4.362          -3.009         -22.046          327.093
  203 (vir)          303.711           4.353          -3.009         -22.045          327.100
  204 (vir)          303.836           4.122          -3.003         -22.036          326.991
  205 (vir)          303.895           4.214          -3.010         -22.047          327.146
  206 (vir)          304.053           3.863          -2.991         -22.010          326.935
  207 (vir)          304.168           3.721          -2.986         -21.999          326.901
  208 (vir)          305.029           4.005          -2.982         -21.996          328.050
  209 (vir)          305.037           4.011          -2.985         -21.995          328.058
  210 (vir)          305.173           3.894          -2.992         -22.008          328.083
  211 (vir)          305.181           4.030          -2.990         -22.014          328.235
  212 (vir)          305.376           4.279          -3.002         -22.039          328.692
  213 (vir)          305.389           4.354          -3.001         -22.035          328.777
  214 (vir)          305.400           4.236          -3.005         -22.046          328.677
  215 (vir)          305.416           4.247          -3.000         -22.031          328.694
  216 (vir)          305.660           3.079          -3.027         -22.116          327.827
  217 (vir)          305.672           3.353          -2.995         -22.059          328.089
  218 (vir)          306.129           3.055          -2.989         -22.057          328.251
  219 (vir)          306.309           3.232          -2.998         -22.058          328.601
  220 (vir)          306.710           3.180          -2.979         -22.033          328.944
  221 (vir)          307.620           2.948          -3.043         -22.163          329.688
  222 (vir)          307.783           2.946          -3.085         -22.223          329.867
  223 (vir)          308.046           3.110          -3.051         -22.207          330.311
  224 (vir)          308.363           3.065          -2.995         -22.098          330.531
  225 (vir)          308.953           3.108          -3.009         -22.174          331.227
  226 (vir)          310.796           3.257          -3.039         -22.228          333.241
  227 (vir)          311.347           2.797          -3.016         -22.237          333.366
  228 (vir)          313.023           3.038          -3.343         -22.719          335.437
  229 (vir)          313.923           3.242          -3.380         -22.800          336.586
  230 (vir)          314.098           3.360          -3.013         -22.236          336.681
  231 (vir)          314.381           3.353          -3.042         -22.294          336.986
  232 (vir)          315.240           3.642          -3.303         -22.677          338.255
  233 (vir)          388.584           3.061          -4.663         -27.743          414.725
  234 (vir)          388.699           3.175          -4.783         -27.882          414.973
  235 (vir)          389.133           3.022          -4.713         -27.801          415.244
  236 (vir)          389.375           3.613          -4.650         -27.711          416.049
  237 (vir)          390.349           3.349          -4.627         -27.695          416.766
  238 (vir)          390.394           3.627          -4.642         -27.707          417.085
  239 (vir)          390.536           3.367          -4.670         -27.741          416.974
  240 (vir)          390.690           3.878          -4.617         -27.681          417.632
  241 (vir)          390.930           2.952          -4.769         -27.864          416.976
  242 (vir)          391.758           6.683          -4.745         -27.818          421.514
  243 (vir)          391.915           4.558          -4.505         -27.520          419.488
  244 (vir)          392.438           4.200          -5.458         -28.665          419.844
  245 (vir)          392.584           4.656          -5.603         -28.841          420.479
  246 (vir)          393.735           6.344          -4.479         -27.492          423.093
  247 (vir)          394.616           3.822          -5.113         -28.251          421.576
  248 (vir)          396.534           4.286          -4.487         -27.531          423.864
  249 (vir)          396.699           4.522          -6.206         -29.591          424.606
  250 (vir)          397.481           7.749          -5.087         -28.274          428.417
  251 (vir)          399.497           4.779          -5.873         -29.195          427.597
  252 (vir)          401.395           5.653          -5.568         -28.824          430.304
  253 (vir)          401.870           7.360          -5.166         -28.403          432.466
  254 (vir)          402.393           4.412          -6.648         -30.116          430.273
  255 (vir)          402.919           4.441          -6.307         -29.780          430.833
  256 (vir)          405.452           8.580          -4.390         -27.483          437.124
  257 (vir)          405.462           7.149          -4.636         -27.729          435.705
  258 (vir)          406.660           8.374          -4.775         -27.963          438.222
  259 (vir)          407.320           9.894          -4.739         -27.920          440.395
  260 (vir)          407.961           9.044          -4.394         -27.524          440.135
  261 (vir)          418.511           4.922          -9.064         -33.612          447.981
  262 (vir)          421.645           2.914          -5.905         -30.784          449.437
  263 (vir)          422.871           2.752          -5.954         -30.671          450.341
  264 (vir)          423.760           3.134          -5.847         -30.701          451.748
  265 (vir)          424.020           3.150          -5.867         -30.745          452.048
  266 (vir)          424.423           3.131          -5.810         -30.632          452.376
  267 (vir)          424.908           2.913          -5.770         -30.541          452.592
  268 (vir)          425.150           2.785          -6.779         -31.428          452.584
  269 (vir)          427.016           3.015          -5.966         -30.818          454.883
  270 (vir)          428.684           2.666          -7.207         -31.912          456.055
  271 (vir)          430.491           2.575          -7.097         -31.832          457.801
  272 (vir)          430.941           2.189          -6.033         -30.657          457.753
  273 (vir)          432.539           2.496          -5.367         -29.923          459.592
  274 (vir)          433.806           2.415          -5.293         -29.791          460.718
  275 (vir)          435.188           2.461          -5.406         -30.028          462.271
  276 (vir)          435.820           2.294          -5.518         -30.182          462.778
  277 (vir)          436.461           2.425          -6.898         -31.625          463.613
  278 (vir)          436.527           2.287          -5.313         -29.901          463.402
  279 (vir)          437.179           2.420          -5.584         -30.209          464.224
  280 (vir)          438.996           2.216          -5.392         -29.894          465.715
  281 (vir)          445.139           2.067          -5.503         -29.489          471.192
  282 (vir)          445.602           2.180          -5.434         -29.588          471.937
  283 (vir)          446.891           2.407          -5.464         -29.822          473.654
  284 (vir)          450.113           2.515          -6.192         -29.956          476.390
  285 (vir)          656.527           1.995         -18.901         -50.510          690.131
  286 (vir)          778.301           3.302         -31.257         -75.264          825.610
  287 (vir)          782.209           3.543         -30.940         -74.947          829.759
  288 (vir)          783.863           3.664         -30.875         -74.909          831.560
  289 (vir)         1467.552           1.659         -20.199         -67.395         1516.407
  290 (vir)         1468.824           1.667         -20.201         -67.403         1517.693
  291 (vir)         1470.848           1.663         -20.162         -67.369         1519.718
  292 (vir)         1473.274           1.666         -20.145         -67.352         1522.147
  293 (vir)         2266.800           1.858         -32.819         -93.041         2328.879
  294 (vir)         7737.975           0.952         -24.272        -138.442         7853.096
  295 (vir)         7738.867           0.956         -24.271        -138.440         7853.992
  296 (vir)         7741.926           0.954         -24.260        -138.435         7857.056
  297 (vir)         7744.496           0.958         -24.254        -138.430         7859.630
  298 (vir)        12230.831           0.160         -52.191        -208.603        12387.403
