 
  kpoint:     0.0000    0.0000    0.0000
 
    n          ϵ_nk^DFT (eV)     Σ^c_nk (eV)     Σ^x_nk (eV)     v_n^xc (eV)   ϵ_nk^G0W0 (eV)
 
    1 (occ)       -10804.056           3.192        -587.675        -362.796       -11025.743
    2 (occ)        -1337.388           3.506        -213.955        -131.111        -1416.725
    3 (occ)        -1190.794           1.808        -207.609        -138.837        -1257.757
    4 (occ)        -1190.794           1.808        -207.609        -138.837        -1257.757
    5 (occ)        -1190.794           1.808        -207.609        -138.837        -1257.757
    6 (occ)         -162.148          10.527         -90.098         -56.398         -185.320
    7 (occ)         -113.570           5.983         -81.720         -54.554         -134.752
    8 (occ)         -113.570           5.983         -81.720         -54.554         -134.752
    9 (occ)         -113.570           5.983         -81.720         -54.554         -134.752
   10 (occ)          -29.434           8.909         -62.510         -47.373          -35.662
   11 (occ)          -29.434           8.909         -62.510         -47.373          -35.662
   12 (occ)          -29.434           8.909         -62.510         -47.373          -35.662
   13 (occ)          -29.369           8.949         -62.646         -47.531          -35.535
   14 (occ)          -29.369           8.949         -62.646         -47.531          -35.535
   15 (occ)          -13.957           3.083         -19.871         -13.740          -17.004
   16 (occ)           -8.370           0.609         -16.589         -12.321          -12.029
   17 (occ)           -8.370           0.609         -16.589         -12.321          -12.029
   18 (occ)           -8.370           0.609         -16.589         -12.321          -12.029
   19 (vir)           -0.094          -1.242          -3.333          -6.971            2.303
   20 (vir)            0.356          -1.264          -3.324          -6.962            2.731
   21 (vir)            0.356          -1.264          -3.324          -6.962            2.731
   22 (vir)            0.356          -1.264          -3.324          -6.962            2.731
   23 (vir)            2.670          -0.935          -1.791          -4.777            4.720
   24 (vir)            2.670          -0.935          -1.791          -4.777            4.720
   25 (vir)            2.670          -0.935          -1.791          -4.777            4.720
   26 (vir)            4.245          -1.679          -3.228          -7.616            6.954
   27 (vir)            4.245          -1.679          -3.228          -7.616            6.954
   28 (vir)            4.410          -2.159          -2.842          -7.240            6.650
   29 (vir)            6.199          -1.305          -2.393          -5.823            8.325
   30 (vir)            6.199          -1.305          -2.393          -5.823            8.325
   31 (vir)            6.199          -1.305          -2.393          -5.823            8.325
   32 (vir)            6.930          -1.133          -1.956          -5.332            9.174
   33 (vir)            9.999          -1.912          -1.362          -5.576           12.301
   34 (vir)            9.999          -1.912          -1.362          -5.576           12.301
   35 (vir)            9.999          -1.912          -1.362          -5.576           12.301
   36 (vir)           12.534          -2.866          -1.901          -7.480           15.246
   37 (vir)           12.534          -2.866          -1.901          -7.480           15.246
   38 (vir)           12.534          -2.866          -1.901          -7.480           15.246
   39 (vir)           16.325          -3.009          -2.626          -8.282           18.973
   40 (vir)           16.325          -3.009          -2.626          -8.282           18.973
   41 (vir)           16.325          -3.009          -2.626          -8.282           18.973
   42 (vir)           18.459          -2.757          -1.636          -6.677           20.744
   43 (vir)           20.711          -2.657          -2.579          -8.019           23.494
   44 (vir)           20.711          -2.657          -2.579          -8.019           23.494
   45 (vir)           20.711          -2.657          -2.579          -8.019           23.494
   46 (vir)           21.818          -2.439          -2.264          -7.662           24.778
   47 (vir)           21.818          -2.439          -2.264          -7.662           24.778
   48 (vir)           23.581          -2.676          -2.302          -8.260           26.864
   49 (vir)           23.581          -2.676          -2.302          -8.260           26.864
   50 (vir)           23.581          -2.676          -2.302          -8.260           26.864
   51 (vir)           23.828          -2.467          -0.741          -6.036           26.655
   52 (vir)           23.828          -2.467          -0.741          -6.036           26.655
   53 (vir)           23.828          -2.467          -0.741          -6.036           26.655
   54 (vir)           25.139          -2.937          -4.045         -11.154           29.310
   55 (vir)           25.139          -2.937          -4.045         -11.154           29.310
   56 (vir)           25.700          -2.902          -3.362         -10.003           29.439
   57 (vir)           25.700          -2.902          -3.362         -10.003           29.439
   58 (vir)           25.700          -2.902          -3.362         -10.003           29.439
   59 (vir)           25.909          -2.411          -3.806         -10.440           30.132
   60 (vir)           30.056          -1.131          -1.239          -7.549           35.236
   61 (vir)           32.763          -0.627          -1.375          -8.214           38.975
   62 (vir)           32.763          -0.627          -1.375          -8.214           38.975
   63 (vir)           32.763          -0.627          -1.375          -8.214           38.975
   64 (vir)           37.063          -0.744          -0.992          -6.438           41.765
   65 (vir)           40.046          -1.677          -4.131         -11.841           46.079
   66 (vir)           40.046          -1.677          -4.131         -11.841           46.079
   67 (vir)           40.046          -1.677          -4.131         -11.841           46.079
   68 (vir)           44.176          -1.176          -2.324         -10.946           51.622
   69 (vir)           44.176          -1.176          -2.324         -10.946           51.622
   70 (vir)           44.176          -1.176          -2.324         -10.946           51.622
   71 (vir)           47.092           0.202          -1.265          -9.346           55.376
   72 (vir)           47.092           0.202          -1.265          -9.346           55.376
   73 (vir)           52.086          -1.084          -2.587         -11.232           59.646
   74 (vir)           52.086          -1.084          -2.587         -11.232           59.646
   75 (vir)           52.086          -1.084          -2.587         -11.232           59.646
   76 (vir)           52.457          -1.015          -2.464         -11.193           60.171
   77 (vir)           54.576           0.023          -1.196          -9.061           62.463
   78 (vir)           54.576           0.023          -1.196          -9.061           62.463
   79 (vir)           54.576           0.023          -1.196          -9.061           62.463
   80 (vir)           57.166          -0.461          -1.903         -10.655           65.457
   81 (vir)           57.166          -0.461          -1.903         -10.655           65.457
   82 (vir)           57.166          -0.461          -1.903         -10.655           65.457
   83 (vir)           59.755          -0.203          -1.448         -10.020           68.124
   84 (vir)           59.755          -0.203          -1.448         -10.020           68.124
   85 (vir)           59.755          -0.203          -1.448         -10.020           68.124
   86 (vir)           61.463          -0.366          -1.965         -10.973           70.106
   87 (vir)           61.463          -0.366          -1.965         -10.973           70.106
   88 (vir)           61.718           0.259          -0.956          -8.997           70.018
   89 (vir)           61.718           0.259          -0.956          -8.997           70.018
   90 (vir)           61.718           0.259          -0.956          -8.997           70.018
   91 (vir)           68.277           0.253          -0.941          -9.293           76.883
   92 (vir)           68.277           0.253          -0.941          -9.293           76.883
   93 (vir)           68.277           0.253          -0.941          -9.293           76.883
   94 (vir)           69.413          -0.012          -1.595         -10.491           78.297
   95 (vir)           71.043           0.153          -1.136          -9.600           79.659
   96 (vir)           71.043           0.153          -1.136          -9.600           79.659
   97 (vir)           71.043           0.153          -1.136          -9.600           79.659
   98 (vir)           74.951          -0.471          -3.786         -13.339           84.034
   99 (vir)           74.951          -0.471          -3.786         -13.339           84.034
  100 (vir)           74.951          -0.471          -3.786         -13.339           84.034
  101 (vir)           76.578           0.509          -0.975          -9.589           85.700
  102 (vir)           76.578           0.509          -0.975          -9.589           85.700
  103 (vir)           78.317          -0.822          -4.774         -15.048           87.770
  104 (vir)           78.317          -0.822          -4.774         -15.048           87.770
  105 (vir)           82.547          -0.345          -2.829         -12.504           91.877
  106 (vir)           82.547          -0.345          -2.829         -12.504           91.877
  107 (vir)           82.547          -0.345          -2.829         -12.504           91.877
  108 (vir)           84.525          -0.100          -4.220         -14.836           95.040
  109 (vir)           86.876           0.178          -1.063          -9.276           95.267
  110 (vir)           87.315          -0.009          -2.085         -11.432           96.652
  111 (vir)           87.315          -0.009          -2.085         -11.432           96.652
  112 (vir)           87.315          -0.009          -2.085         -11.432           96.652
  113 (vir)           91.904          -0.876          -7.144         -19.181          103.064
  114 (vir)           91.904          -0.876          -7.144         -19.181          103.064
  115 (vir)           92.133           0.217          -1.572         -11.109          101.887
  116 (vir)           92.133           0.217          -1.572         -11.109          101.887
  117 (vir)           92.133           0.217          -1.572         -11.109          101.887
  118 (vir)          100.682          -1.139          -8.046         -20.981          112.479
  119 (vir)          100.682          -1.139          -8.046         -20.981          112.479
  120 (vir)          100.682          -1.139          -8.046         -20.981          112.479
  121 (vir)          127.653          -0.397          -7.311         -21.592          141.538
  122 (vir)          144.328          -0.066          -3.245         -17.140          158.158
  123 (vir)          144.328          -0.066          -3.245         -17.140          158.158
  124 (vir)          144.328          -0.066          -3.245         -17.140          158.158
  125 (vir)          154.758           0.823          -0.664         -11.033          165.950
  126 (vir)          154.932           0.723          -0.685         -11.089          166.059
  127 (vir)          154.932           0.723          -0.685         -11.089          166.059
  128 (vir)          154.932           0.723          -0.685         -11.089          166.059
  129 (vir)          156.099           0.808          -0.730         -11.196          167.374
  130 (vir)          156.099           0.808          -0.730         -11.196          167.374
  131 (vir)          156.099           0.808          -0.730         -11.196          167.374
  132 (vir)          157.867           0.060          -2.320         -13.832          169.440
  133 (vir)          160.602           0.733          -0.927         -11.830          172.238
  134 (vir)          160.602           0.733          -0.927         -11.830          172.238
  135 (vir)          160.602           0.733          -0.927         -11.830          172.238
  136 (vir)          161.007           0.313          -2.283         -14.050          173.086
  137 (vir)          163.205           0.865          -0.734         -11.428          174.764
  138 (vir)          163.205           0.865          -0.734         -11.428          174.764
  139 (vir)          163.205           0.865          -0.734         -11.428          174.764
  140 (vir)          163.996           0.572          -1.141         -12.485          175.912
  141 (vir)          163.996           0.572          -1.141         -12.485          175.912
  142 (vir)          169.405           0.530          -1.251         -12.732          181.416
  143 (vir)          169.405           0.530          -1.251         -12.732          181.416
  144 (vir)          169.405           0.530          -1.251         -12.732          181.416
  145 (vir)          175.417           0.273          -2.330         -14.699          188.059
  146 (vir)          175.417           0.273          -2.330         -14.699          188.059
  147 (vir)          175.417           0.273          -2.330         -14.699          188.059
  148 (vir)          176.349           0.958          -0.792         -11.929          188.444
  149 (vir)          176.349           0.958          -0.792         -11.929          188.444
  150 (vir)          179.365           0.423          -1.087         -12.858          191.559
  151 (vir)          179.365           0.423          -1.087         -12.858          191.559
  152 (vir)          179.365           0.423          -1.087         -12.858          191.559
  153 (vir)          187.811          -0.050          -2.000         -15.187          200.947
  154 (vir)          204.910           2.476          -5.590         -21.012          222.807
  155 (vir)          204.910           2.476          -5.590         -21.012          222.807
  156 (vir)          204.910           2.476          -5.590         -21.012          222.807
  157 (vir)          207.565           0.874          -1.034         -14.135          221.541
  158 (vir)          207.565           0.874          -1.034         -14.135          221.541
  159 (vir)          211.273           2.061          -5.019         -20.135          228.450
  160 (vir)          211.273           2.061          -5.019         -20.135          228.450
  161 (vir)          211.273           2.061          -5.019         -20.135          228.450
  162 (vir)          212.913           0.865          -0.893         -13.518          226.402
  163 (vir)          212.913           0.865          -0.893         -13.518          226.402
  164 (vir)          212.913           0.865          -0.893         -13.518          226.402
  165 (vir)          214.029           0.730          -0.984         -13.754          227.529
  166 (vir)          214.029           0.730          -0.984         -13.754          227.529
  167 (vir)          214.029           0.730          -0.984         -13.754          227.529
  168 (vir)          218.089           0.733          -0.797         -13.048          231.072
  169 (vir)          218.089           0.733          -0.797         -13.048          231.072
  170 (vir)          218.099           0.857          -0.796         -13.090          231.250
  171 (vir)          218.099           0.857          -0.796         -13.090          231.250
  172 (vir)          218.099           0.857          -0.796         -13.090          231.250
  173 (vir)          229.938           0.596          -0.855         -13.045          242.724
  174 (vir)          229.938           0.596          -0.855         -13.045          242.724
  175 (vir)          229.938           0.596          -0.855         -13.045          242.724
  176 (vir)          232.018           1.029          -1.583         -14.260          245.725
  177 (vir)          232.018           1.029          -1.583         -14.260          245.725
  178 (vir)          232.018           1.029          -1.583         -14.260          245.725
  179 (vir)          233.044           0.842          -0.739         -12.958          246.105
  180 (vir)          233.044           0.842          -0.739         -12.958          246.105
  181 (vir)          239.070           0.935          -1.518         -14.287          252.775
  182 (vir)          239.070           0.935          -1.518         -14.287          252.775
  183 (vir)          239.070           0.935          -1.518         -14.287          252.775
  184 (vir)          240.189           0.878          -0.820         -13.104          253.351
  185 (vir)          250.709           0.676          -2.635         -17.178          265.929
  186 (vir)          256.137           1.162          -9.915         -28.294          275.677
  187 (vir)          256.137           1.161          -9.915         -28.294          275.677
  188 (vir)          256.137           1.162          -9.915         -28.294          275.677
  189 (vir)          516.989          -0.570         -22.836         -52.994          546.577
  190 (vir)         1703.359          -1.624         -36.369         -89.503         1754.869
  191 (vir)         5495.365          -1.039         -44.916        -137.310         5586.719
  192 (vir)         5495.365          -1.039         -44.916        -137.310         5586.719
  193 (vir)         5495.365          -1.039         -44.916        -137.310         5586.719
  194 (vir)         5717.925          -1.393         -63.125        -162.549         5815.955
  195 (vir)        34350.387          -1.764        -117.572        -388.955        34620.006
