 
  kpoint:     0.0000    0.0000    0.0000
 
    n          ϵ_nk^DFT (eV)     Σ^c_nk (eV)     Σ^x_nk (eV)     v_n^xc (eV)   ϵ_nk^G0W0 (eV)
 
    1 (occ)        -2740.270           4.245        -300.471        -187.110        -2849.386
    2 (occ)        -2740.270           4.245        -300.471        -187.110        -2849.386
    3 (occ)        -2740.270           4.245        -300.471        -187.110        -2849.386
    4 (occ)        -2740.270           4.245        -300.471        -187.110        -2849.386
    5 (occ)         -275.532           3.635         -96.775         -61.484         -307.188
    6 (occ)         -250.717           6.662         -97.749         -60.452         -281.352
    7 (occ)         -250.717           6.662         -97.749         -60.452         -281.352
    8 (occ)         -250.717           6.662         -97.749         -60.452         -281.352
    9 (occ)         -250.717           6.651         -97.749         -60.452         -281.363
   10 (occ)         -191.529           7.428         -89.686         -61.962         -211.824
   11 (occ)         -191.529           7.535         -89.686         -61.962         -211.718
   12 (occ)         -191.529           7.538         -89.686         -61.962         -211.715
   13 (occ)         -191.529           7.547         -89.686         -61.962         -211.706
   14 (occ)         -191.206          10.592         -90.097         -62.085         -208.626
   15 (occ)         -191.206          10.592         -90.097         -62.085         -208.626
   16 (occ)         -191.206          10.094         -90.097         -62.086         -209.124
   17 (occ)         -191.206          10.083         -90.097         -62.086         -209.135
   18 (occ)         -191.206          10.078         -90.097         -62.086         -209.139
   19 (occ)         -191.206           9.283         -90.097         -62.086         -209.935
   20 (occ)         -191.206           9.270         -90.097         -62.086         -209.948
   21 (occ)         -191.206           9.266         -90.097         -62.086         -209.952
   22 (occ)          -24.695           6.992         -27.339         -17.632          -27.410
   23 (occ)          -21.378           6.652         -27.721         -18.730          -23.717
   24 (occ)          -21.378           6.653         -27.721         -18.730          -23.716
   25 (occ)          -21.378           6.653         -27.721         -18.730          -23.716
   26 (occ)          -15.744           3.528         -24.370         -17.817          -18.769
   27 (occ)          -12.650           1.706         -21.165         -16.381          -15.729
   28 (occ)          -12.650           1.706         -21.165         -16.381          -15.729
   29 (occ)          -12.650           1.706         -21.165         -16.381          -15.729
   30 (occ)           -9.239           1.818         -20.733         -15.761          -12.393
   31 (occ)           -9.239           1.818         -20.733         -15.761          -12.393
   32 (occ)           -8.616           1.203         -20.573         -16.190          -11.796
   33 (occ)           -8.616           1.203         -20.573         -16.190          -11.796
   34 (occ)           -8.616           1.203         -20.573         -16.190          -11.796
   35 (occ)           -7.661           1.254         -21.426         -16.874          -10.958
   36 (occ)           -7.661           1.254         -21.426         -16.874          -10.958
   37 (occ)           -7.661           1.254         -21.426         -16.874          -10.958
   38 (vir)           -2.719          -2.911          -9.956         -15.570           -0.016
   39 (vir)           -1.410          -3.289          -8.820         -14.776            1.256
   40 (vir)           -1.410          -3.289          -8.820         -14.776            1.256
   41 (vir)           -1.410          -3.289          -8.820         -14.776            1.256
   42 (vir)            2.567          -1.321          -2.192          -5.447            4.500
   43 (vir)            2.567          -1.321          -2.192          -5.447            4.500
   44 (vir)            2.567          -1.321          -2.192          -5.447            4.500
   45 (vir)            2.653          -1.581          -2.433          -6.004            4.643
   46 (vir)            4.053          -1.783          -3.033          -7.303            6.540
   47 (vir)            4.053          -1.783          -3.033          -7.303            6.540
   48 (vir)            4.064          -2.154          -3.995          -8.633            6.548
   49 (vir)            4.064          -2.154          -3.995          -8.633            6.548
   50 (vir)            4.064          -2.154          -3.995          -8.633            6.548
   51 (vir)            4.691          -1.955          -3.007          -7.394            7.123
   52 (vir)            4.691          -1.955          -3.007          -7.394            7.123
   53 (vir)            4.691          -1.955          -3.007          -7.394            7.123
   54 (vir)            5.381          -2.591          -5.446         -10.861            8.205
   55 (vir)            5.381          -2.591          -5.446         -10.861            8.205
   56 (vir)            5.651          -1.600          -2.499          -6.408            7.960
   57 (vir)            5.651          -1.600          -2.499          -6.408            7.960
   58 (vir)            5.651          -1.600          -2.499          -6.408            7.960
   59 (vir)            5.897          -2.420          -4.482          -9.551            8.546
   60 (vir)            5.897          -2.420          -4.482          -9.551            8.546
   61 (vir)            5.897          -2.420          -4.482          -9.551            8.546
   62 (vir)            5.992          -2.720          -4.586          -9.566            8.253
   63 (vir)            8.360          -3.488          -5.394         -11.870           11.348
   64 (vir)            8.360          -3.488          -5.394         -11.870           11.348
   65 (vir)            8.360          -3.488          -5.394         -11.870           11.348
   66 (vir)            9.579          -3.650          -5.262         -11.775           12.443
   67 (vir)            9.579          -3.650          -5.262         -11.775           12.443
   68 (vir)           12.160          -4.878          -4.515         -11.639           14.406
   69 (vir)           12.160          -4.878          -4.515         -11.639           14.406
   70 (vir)           12.160          -4.878          -4.515         -11.639           14.406
   71 (vir)           12.521          -4.593          -5.061         -12.287           15.154
   72 (vir)           12.521          -4.593          -5.061         -12.287           15.155
   73 (vir)           12.521          -4.592          -5.061         -12.287           15.155
   74 (vir)           12.524          -2.874          -3.108          -8.539           15.081
   75 (vir)           12.524          -2.874          -3.108          -8.539           15.081
   76 (vir)           12.524          -2.874          -3.108          -8.539           15.081
   77 (vir)           14.490          -3.451          -2.430          -8.248           16.857
   78 (vir)           15.332          -3.391          -3.656          -9.487           17.772
   79 (vir)           15.332          -3.391          -3.656          -9.487           17.772
   80 (vir)           15.332          -3.391          -3.656          -9.487           17.772
   81 (vir)           16.229          -4.293          -4.518         -11.284           18.702
   82 (vir)           20.846          -4.769          -3.229         -10.513           23.361
   83 (vir)           20.846          -4.768          -3.229         -10.513           23.361
   84 (vir)           20.846          -4.768          -3.229         -10.513           23.361
   85 (vir)           21.430          -3.737          -2.646          -9.362           24.410
   86 (vir)           21.430          -3.737          -2.646          -9.362           24.410
   87 (vir)           24.485          -4.420          -3.513         -10.887           27.438
   88 (vir)           24.485          -4.420          -3.513         -10.887           27.438
   89 (vir)           24.485          -4.420          -3.513         -10.887           27.438
   90 (vir)           25.293          -4.944          -4.813         -12.777           28.313
   91 (vir)           25.293          -4.944          -4.813         -12.777           28.313
   92 (vir)           26.742          -5.443          -4.461         -13.060           29.898
   93 (vir)           26.742          -5.443          -4.461         -13.060           29.898
   94 (vir)           26.742          -5.443          -4.461         -13.060           29.898
   95 (vir)           26.748          -4.831          -3.243         -10.885           29.559
   96 (vir)           28.759          -4.514          -3.747         -12.082           32.581
   97 (vir)           28.759          -4.514          -3.747         -12.082           32.581
   98 (vir)           28.759          -4.514          -3.747         -12.082           32.581
   99 (vir)           29.087          -5.241          -4.032         -12.868           32.681
  100 (vir)           29.532          -4.615          -3.690         -12.306           33.533
  101 (vir)           29.532          -4.615          -3.690         -12.306           33.533
  102 (vir)           29.532          -4.615          -3.690         -12.306           33.533
  103 (vir)           29.553          -3.909          -4.203         -12.384           33.825
  104 (vir)           29.553          -3.921          -4.203         -12.384           33.813
  105 (vir)           29.553          -3.930          -4.203         -12.384           33.804
  106 (vir)           30.164          -4.320          -4.041         -13.134           34.936
  107 (vir)           30.164          -4.320          -4.041         -13.134           34.937
  108 (vir)           31.097          -5.004          -3.530         -11.843           34.406
  109 (vir)           31.097          -5.004          -3.530         -11.843           34.406
  110 (vir)           31.097          -5.004          -3.530         -11.843           34.407
  111 (vir)           31.409          -3.415          -3.248         -11.655           36.401
  112 (vir)           31.409          -3.414          -3.248         -11.655           36.403
  113 (vir)           31.409          -3.412          -3.248         -11.655           36.404
  114 (vir)           32.466          -3.852          -3.936         -13.049           37.727
  115 (vir)           32.466          -3.852          -3.936         -13.049           37.727
  116 (vir)           32.698          -4.901          -3.643         -12.254           36.409
  117 (vir)           32.698          -4.901          -3.643         -12.254           36.409
  118 (vir)           32.698          -4.901          -3.643         -12.254           36.409
  119 (vir)           33.341          -3.333          -2.628         -10.894           38.274
  120 (vir)           33.341          -3.333          -2.628         -10.894           38.274
  121 (vir)           33.341          -3.333          -2.628         -10.894           38.274
  122 (vir)           35.270          -1.649          -2.590         -10.915           41.946
  123 (vir)           35.270          -1.648          -2.590         -10.915           41.946
  124 (vir)           35.270          -1.648          -2.590         -10.915           41.947
  125 (vir)           36.048          -2.354          -2.382         -10.824           42.136
  126 (vir)           38.797          -4.330          -3.310         -11.127           42.284
  127 (vir)           38.797          -4.330          -3.310         -11.127           42.284
  128 (vir)           38.797          -4.330          -3.310         -11.127           42.284
  129 (vir)           39.248          -1.844          -2.733         -11.791           46.462
  130 (vir)           39.248          -1.849          -2.733         -11.791           46.457
  131 (vir)           39.248          -1.847          -2.733         -11.791           46.459
  132 (vir)           39.459          -2.733          -2.990         -11.224           44.961
  133 (vir)           39.550          -2.432          -3.166         -12.615           46.567
  134 (vir)           39.550          -2.432          -3.166         -12.615           46.567
  135 (vir)           43.201          -1.004          -3.370         -12.951           51.778
  136 (vir)           43.201          -1.004          -3.370         -12.951           51.777
  137 (vir)           43.201          -1.006          -3.370         -12.951           51.776
  138 (vir)           45.316          -0.551          -3.144         -12.276           53.897
  139 (vir)           48.004          -3.446          -3.735         -13.738           54.561
  140 (vir)           48.004          -3.446          -3.735         -13.738           54.561
  141 (vir)           48.004          -3.446          -3.735         -13.738           54.561
  142 (vir)           51.230          -2.405          -3.465         -13.796           59.156
  143 (vir)           51.230          -2.405          -3.465         -13.796           59.156
  144 (vir)           51.230          -2.402          -3.465         -13.796           59.159
  145 (vir)           52.403          -1.550          -4.868         -13.783           59.769
  146 (vir)           52.419          -0.434          -2.159         -11.050           60.876
  147 (vir)           52.419          -0.434          -2.159         -11.050           60.876
  148 (vir)           52.419          -0.434          -2.159         -11.050           60.876
  149 (vir)           54.872          -0.856          -2.574         -12.795           64.237
  150 (vir)           54.872          -0.856          -2.574         -12.795           64.237
  151 (vir)           57.563          -1.475          -2.339         -11.501           65.250
  152 (vir)           57.563          -1.475          -2.339         -11.501           65.250
  153 (vir)           60.831          -1.237          -2.766         -13.239           70.067
  154 (vir)           60.831          -1.238          -2.766         -13.239           70.066
  155 (vir)           60.831          -1.237          -2.766         -13.239           70.067
  156 (vir)           64.319          -1.999          -3.068         -13.220           72.471
  157 (vir)           65.294          -2.836          -3.382         -13.886           72.962
  158 (vir)           65.294          -2.836          -3.382         -13.886           72.962
  159 (vir)           65.294          -2.837          -3.382         -13.886           72.961
  160 (vir)           66.296          -0.488          -2.077         -12.116           75.846
  161 (vir)           66.296          -0.488          -2.077         -12.116           75.846
  162 (vir)           66.296          -0.488          -2.077         -12.116           75.846
  163 (vir)           71.718          -1.057          -4.645         -15.374           81.391
  164 (vir)           71.718          -1.057          -4.645         -15.374           81.391
  165 (vir)           71.718          -1.057          -4.645         -15.374           81.391
  166 (vir)           78.042          -1.043          -5.042         -17.212           89.170
  167 (vir)           80.919          -1.238          -5.304         -18.268           92.645
  168 (vir)           80.919          -1.238          -5.304         -18.268           92.645
  169 (vir)           80.919          -1.238          -5.304         -18.268           92.645
  170 (vir)           85.289          -2.882          -5.281         -18.245           95.371
  171 (vir)           85.289          -2.882          -5.281         -18.245           95.371
  172 (vir)           85.335          -1.443          -5.374         -18.470           96.988
  173 (vir)           85.335          -1.443          -5.374         -18.470           96.988
  174 (vir)           85.335          -1.442          -5.374         -18.470           96.989
  175 (vir)           85.566          -2.257          -5.290         -18.297           96.315
  176 (vir)           85.566          -2.213          -5.290         -18.297           96.359
  177 (vir)           85.566          -2.207          -5.290         -18.297           96.365
  178 (vir)           86.955          -0.405          -4.386         -17.089           99.253
  179 (vir)           86.955          -0.401          -4.386         -17.089           99.257
  180 (vir)           86.955          -0.400          -4.386         -17.089           99.258
  181 (vir)           89.023           0.356          -3.603         -16.149          101.925
  182 (vir)           89.023           0.356          -3.603         -16.149          101.925
  183 (vir)           90.086          -0.663          -4.637         -17.458          102.245
  184 (vir)           90.086          -0.663          -4.637         -17.458          102.244
  185 (vir)           90.086          -0.663          -4.637         -17.458          102.245
  186 (vir)           91.226           1.514          -3.110         -15.529          105.158
  187 (vir)           91.226           1.543          -3.110         -15.529          105.187
  188 (vir)           91.226           1.548          -3.110         -15.529          105.192
  189 (vir)           91.953           0.018          -4.660         -17.550          104.860
  190 (vir)           93.164           0.531          -3.329         -15.760          106.126
  191 (vir)           93.164           0.531          -3.329         -15.760          106.126
  192 (vir)           93.164           0.531          -3.329         -15.760          106.126
  193 (vir)           94.184           1.360          -2.298         -14.577          107.824
  194 (vir)           94.184           1.360          -2.298         -14.577          107.824
  195 (vir)           94.184           1.360          -2.298         -14.577          107.824
  196 (vir)           94.249           1.178          -2.288         -14.519          107.658
  197 (vir)           94.249           1.178          -2.288         -14.519          107.658
  198 (vir)           94.485           1.397          -2.693         -15.068          108.258
  199 (vir)           94.485           1.397          -2.693         -15.068          108.258
  200 (vir)           94.485           1.403          -2.693         -15.068          108.264
  201 (vir)           94.497           1.466          -2.140         -14.351          108.173
  202 (vir)           94.592           1.227          -2.273         -14.522          108.068
  203 (vir)           94.592           1.228          -2.273         -14.522          108.068
  204 (vir)           94.592           1.228          -2.273         -14.522          108.068
  205 (vir)           95.568           0.712          -2.751         -15.116          108.645
  206 (vir)           95.568           0.712          -2.751         -15.116          108.645
  207 (vir)           95.568           0.712          -2.751         -15.116          108.645
  208 (vir)           96.423           0.351          -3.202         -15.809          109.381
  209 (vir)           98.503           0.571          -3.876         -16.625          111.823
  210 (vir)           98.503           0.571          -3.876         -16.625          111.823
  211 (vir)           99.709           1.457          -3.430         -16.479          114.215
  212 (vir)           99.709           1.457          -3.430         -16.479          114.215
  213 (vir)           99.709           1.455          -3.430         -16.479          114.214
  214 (vir)           99.808          -0.705          -3.704         -16.806          112.205
  215 (vir)          101.323          -1.213          -7.840         -21.944          114.213
  216 (vir)          101.323          -1.213          -7.840         -21.944          114.214
  217 (vir)          101.868           2.861          -4.190         -17.899          118.438
  218 (vir)          101.868           2.717          -4.190         -17.899          118.293
  219 (vir)          101.868           2.734          -4.190         -17.899          118.311
  220 (vir)          101.908           1.573          -6.849         -20.783          117.414
  221 (vir)          101.908           1.576          -6.849         -20.783          117.417
  222 (vir)          101.908           1.576          -6.849         -20.783          117.418
  223 (vir)          102.776           3.680          -6.861         -20.874          120.468
  224 (vir)          102.776           3.582          -6.861         -20.874          120.370
  225 (vir)          102.776           3.555          -6.861         -20.874          120.344
  226 (vir)          103.300           1.255          -3.227         -16.760          118.088
  227 (vir)          103.300           1.255          -3.227         -16.760          118.088
  228 (vir)          103.670          -1.241          -3.954         -17.497          115.973
  229 (vir)          103.670          -1.247          -3.954         -17.497          115.967
  230 (vir)          103.670          -1.246          -3.954         -17.497          115.967
  231 (vir)          104.478           0.280          -4.824         -18.558          118.493
  232 (vir)          104.478           0.280          -4.824         -18.558          118.493
  233 (vir)          104.478           0.280          -4.824         -18.558          118.493
  234 (vir)          105.136           0.758          -2.990         -16.543          119.448
  235 (vir)          107.509           0.304          -3.390         -16.596          121.019
  236 (vir)          107.680           1.470          -2.979         -16.455          122.625
  237 (vir)          107.680           1.467          -2.979         -16.455          122.622
  238 (vir)          107.680           1.464          -2.979         -16.455          122.619
  239 (vir)          109.207           0.382          -3.623         -17.111          123.078
  240 (vir)          109.207           0.382          -3.623         -17.111          123.078
  241 (vir)          109.781           0.421          -3.974         -17.576          123.803
  242 (vir)          109.781           0.421          -3.974         -17.576          123.803
  243 (vir)          109.781           0.421          -3.974         -17.576          123.803
  244 (vir)          116.950           1.349          -2.688         -15.767          131.377
  245 (vir)          116.950           1.350          -2.688         -15.767          131.378
  246 (vir)          116.950           1.350          -2.688         -15.767          131.377
  247 (vir)          118.114           1.841          -2.453         -15.209          132.711
  248 (vir)          118.114           1.841          -2.453         -15.209          132.712
  249 (vir)          118.114           1.841          -2.453         -15.209          132.712
  250 (vir)          119.982          -0.055          -4.632         -18.311          133.605
  251 (vir)          122.816           0.677          -2.345         -15.516          136.664
  252 (vir)          122.816           0.677          -2.345         -15.516          136.664
  253 (vir)          122.816           0.677          -2.345         -15.516          136.664
  254 (vir)          125.530           0.400          -2.985         -16.311          139.255
  255 (vir)          125.530           0.400          -2.985         -16.311          139.255
  256 (vir)          125.530           0.400          -2.985         -16.311          139.255
  257 (vir)          125.761           0.173          -3.157         -16.302          139.079
  258 (vir)          127.407           0.335          -2.531         -15.753          140.964
  259 (vir)          127.407           0.335          -2.531         -15.753          140.964
  260 (vir)          129.506           1.140          -5.432         -19.882          145.097
  261 (vir)          129.506           1.137          -5.432         -19.882          145.094
  262 (vir)          129.506           1.137          -5.432         -19.882          145.093
  263 (vir)          136.636          -0.043          -2.981         -16.624          150.235
  264 (vir)          136.636          -0.043          -2.981         -16.624          150.236
  265 (vir)          136.636          -0.043          -2.981         -16.624          150.236
  266 (vir)          148.530           0.768          -1.664         -14.748          162.383
  267 (vir)          148.530           0.768          -1.664         -14.748          162.383
  268 (vir)          157.940           0.836          -1.931         -15.816          172.662
  269 (vir)          157.940           0.837          -1.931         -15.816          172.662
  270 (vir)          157.940           0.837          -1.931         -15.816          172.662
  271 (vir)          164.978           0.159          -2.098         -15.819          178.858
  272 (vir)          164.978           0.159          -2.098         -15.819          178.858
  273 (vir)          164.978           0.159          -2.098         -15.819          178.858
  274 (vir)          169.622           0.433          -3.649         -17.561          183.967
  275 (vir)          177.234           0.118          -2.137         -16.669          191.884
  276 (vir)          177.234           0.116          -2.137         -16.669          191.882
  277 (vir)          179.106          -0.266          -1.960         -16.018          192.898
  278 (vir)          179.106          -0.266          -1.960         -16.018          192.898
  279 (vir)          179.106          -0.266          -1.960         -16.018          192.898
  280 (vir)          183.893           0.235          -1.628         -15.162          197.662
  281 (vir)          183.893           0.235          -1.628         -15.162          197.662
  282 (vir)          183.893           0.235          -1.628         -15.162          197.662
  283 (vir)          184.374          -0.246          -4.200         -19.983          199.912
  284 (vir)          199.403          -0.325          -3.285         -19.034          214.828
  285 (vir)          199.403          -0.325          -3.285         -19.034          214.828
  286 (vir)          199.403          -0.325          -3.285         -19.034          214.828
  287 (vir)          225.434          -0.469         -11.833         -29.847          242.979
  288 (vir)          238.886          -0.091         -12.130         -30.547          257.212
  289 (vir)          238.886          -0.092         -12.130         -30.547          257.211
  290 (vir)          238.886          -0.092         -12.130         -30.547          257.211
  291 (vir)          240.841           0.646          -5.987         -22.372          257.872
  292 (vir)          284.613          -0.690         -14.960         -37.623          306.586
  293 (vir)          284.613          -0.690         -14.960         -37.623          306.586
  294 (vir)          284.613          -0.690         -14.960         -37.623          306.586
  295 (vir)          284.874          -0.687         -14.957         -37.613          306.844
  296 (vir)          284.874          -0.687         -14.957         -37.613          306.844
  297 (vir)          284.968          -0.677         -14.955         -37.612          306.948
  298 (vir)          284.968          -0.677         -14.955         -37.612          306.948
  299 (vir)          284.968          -0.677         -14.955         -37.612          306.948
  300 (vir)          290.000          -0.594         -14.565         -37.127          311.968
  301 (vir)          290.000          -0.594         -14.565         -37.127          311.968
  302 (vir)          290.000          -0.594         -14.565         -37.127          311.968
  303 (vir)          290.564          -0.514         -14.538         -37.108          312.621
  304 (vir)          290.564          -0.514         -14.538         -37.108          312.621
  305 (vir)          290.564          -0.513         -14.538         -37.108          312.622
  306 (vir)          293.107          -0.627         -14.379         -36.949          315.051
  307 (vir)          293.107          -0.627         -14.379         -36.949          315.051
  308 (vir)          297.886          -0.650         -14.021         -36.457          319.672
  309 (vir)          297.886          -0.650         -14.021         -36.457          319.672
  310 (vir)          297.886          -0.650         -14.021         -36.457          319.672
  311 (vir)          302.498          -0.623         -13.761         -36.053          324.167
  312 (vir)          752.683          -0.518         -13.999         -47.242          785.408
  313 (vir)          774.319          -0.630         -19.904         -54.189          807.974
  314 (vir)          785.015          -0.822         -20.771         -55.238          818.659
  315 (vir)          785.015          -0.822         -20.771         -55.238          818.659
  316 (vir)          785.015          -0.822         -20.771         -55.238          818.659
  317 (vir)         1123.859          -2.380         -37.668         -90.573         1174.384
  318 (vir)         1123.859          -2.380         -37.668         -90.573         1174.384
  319 (vir)         1124.014          -2.370         -37.645         -90.544         1174.543
  320 (vir)         1124.014          -2.370         -37.645         -90.544         1174.543
  321 (vir)         1124.014          -2.370         -37.645         -90.544         1174.543
  322 (vir)         1124.256          -2.368         -37.617         -90.500         1174.772
  323 (vir)         1124.256          -2.368         -37.617         -90.500         1174.772
  324 (vir)         1124.256          -2.368         -37.617         -90.500         1174.772
  325 (vir)         1126.689          -2.242         -37.094         -89.999         1177.353
  326 (vir)         1126.689          -2.242         -37.094         -89.999         1177.353
  327 (vir)         1126.689          -2.242         -37.094         -89.999         1177.353
  328 (vir)         1128.360          -2.253         -36.968         -89.824         1178.963
  329 (vir)         2657.024          -2.036         -35.501        -100.794         2720.281
  330 (vir)         2669.572          -2.046         -35.399        -100.726         2732.852
  331 (vir)         2669.572          -2.046         -35.399        -100.726         2732.852
  332 (vir)         2669.572          -2.046         -35.399        -100.726         2732.852
  333 (vir)         3987.812          -1.017         -14.737         -94.491         4066.549
  334 (vir)        14258.390          -2.232         -55.468        -224.080        14424.770
  335 (vir)        14279.001          -2.230         -55.426        -224.100        14445.445
  336 (vir)        14279.001          -2.230         -55.426        -224.100        14445.445
  337 (vir)        14279.001          -2.230         -55.426        -224.100        14445.445
