 
  kpoint:     0.0000    0.0000    0.0000
 
    n          ϵ_nk^DFT (eV)     Σ^c_nk (eV)     Σ^x_nk (eV)     v_n^xc (eV)   ϵ_nk^G0W0 (eV)
 
    1 (occ)       -13901.611          -0.863        -665.094        -410.018       -14157.550
    2 (occ)        -1807.248          -7.064        -247.089        -150.969        -1910.433
    3 (occ)        -1635.121         -16.520        -240.969        -160.053        -1732.556
    4 (occ)        -1635.121         -16.520        -240.969        -160.053        -1732.556
    5 (occ)        -1635.121         -16.520        -240.969        -160.053        -1732.556
    6 (occ)         -254.393           2.305        -108.132         -67.045         -293.174
    7 (occ)         -193.162          24.521         -99.742         -65.881         -202.502
    8 (occ)         -193.162          24.521         -99.742         -65.881         -202.502
    9 (occ)         -193.162          24.521         -99.742         -65.881         -202.502
   10 (occ)          -83.405           9.977         -82.835         -61.853          -94.410
   11 (occ)          -83.405           9.977         -82.835         -61.853          -94.410
   12 (occ)          -83.405           9.977         -82.835         -61.853          -94.410
   13 (occ)          -83.405           9.977         -82.835         -61.853          -94.410
   14 (occ)          -83.405           9.977         -82.835         -61.853          -94.410
   15 (occ)          -22.155           5.809         -29.442         -20.213          -25.574
   16 (occ)           -9.272           0.589         -21.509         -16.586          -13.606
   17 (occ)           -9.272           0.589         -21.509         -16.586          -13.606
   18 (occ)           -9.272           0.589         -21.509         -16.586          -13.606
   19 (vir)            4.769          -0.569          -2.431          -5.866            7.635
   20 (vir)            4.769          -0.569          -2.431          -5.866            7.635
   21 (vir)            4.769          -0.569          -2.431          -5.866            7.635
   22 (vir)            5.399          -1.497          -3.628          -8.380            8.654
   23 (vir)            8.179          -1.734          -6.283         -12.118           12.280
   24 (vir)            8.179          -1.734          -6.283         -12.118           12.280
   25 (vir)            8.179          -1.734          -6.283         -12.118           12.280
   26 (vir)            8.179          -1.734          -6.283         -12.118           12.280
   27 (vir)            8.179          -1.734          -6.283         -12.118           12.280
   28 (vir)           29.744          -5.027          -2.786         -11.109           33.040
   29 (vir)           29.744          -5.027          -2.786         -11.109           33.040
   30 (vir)           29.744          -5.027          -2.786         -11.109           33.040
   31 (vir)           29.744          -5.027          -2.786         -11.109           33.040
   32 (vir)           29.744          -5.027          -2.786         -11.109           33.041
   33 (vir)           29.744          -5.027          -2.786         -11.109           33.041
   34 (vir)           29.744          -5.027          -2.786         -11.109           33.041
   35 (vir)           30.282          -3.899          -5.807         -13.470           34.046
   36 (vir)           30.282          -3.899          -5.807         -13.470           34.046
   37 (vir)           30.282          -3.899          -5.807         -13.470           34.046
   38 (vir)           40.925          -5.906          -7.970         -18.035           45.084
   39 (vir)           40.925          -5.906          -7.970         -18.035           45.084
   40 (vir)           40.925          -5.906          -7.970         -18.035           45.084
   41 (vir)           40.925          -5.906          -7.970         -18.035           45.084
   42 (vir)           40.925          -5.906          -7.970         -18.035           45.084
   43 (vir)           48.414          -3.671          -8.142         -17.978           54.579
   44 (vir)           79.390           3.869          -2.457         -14.282           95.084
   45 (vir)           79.390           3.869          -2.457         -14.282           95.084
   46 (vir)           79.390           3.869          -2.457         -14.282           95.084
   47 (vir)           79.390           3.869          -2.457         -14.282           95.084
   48 (vir)           79.390           3.869          -2.457         -14.282           95.084
   49 (vir)           79.390           3.869          -2.457         -14.282           95.084
   50 (vir)           79.390           3.869          -2.457         -14.282           95.084
   51 (vir)           79.390           3.869          -2.457         -14.282           95.084
   52 (vir)           79.390           3.869          -2.457         -14.282           95.084
   53 (vir)           81.787           4.653          -4.512         -17.012           98.941
   54 (vir)           81.787           4.653          -4.512         -17.012           98.941
   55 (vir)           81.787           4.653          -4.512         -17.012           98.941
   56 (vir)           81.787           4.653          -4.512         -17.012           98.941
   57 (vir)           81.787           4.653          -4.512         -17.012           98.941
   58 (vir)           81.787           4.653          -4.512         -17.012           98.941
   59 (vir)           81.787           4.653          -4.512         -17.012           98.941
   60 (vir)          115.191           2.835         -10.742         -25.386          132.670
   61 (vir)          115.191           2.835         -10.742         -25.386          132.670
   62 (vir)          115.191           2.835         -10.742         -25.386          132.670
   63 (vir)          145.991           1.974         -15.384         -34.284          166.865
   64 (vir)          145.991           1.974         -15.384         -34.284          166.865
   65 (vir)          145.991           1.974         -15.384         -34.284          166.865
   66 (vir)          145.991           1.974         -15.384         -34.284          166.865
   67 (vir)          145.991           1.974         -15.384         -34.284          166.865
   68 (vir)          225.683           1.748         -17.899         -38.179          247.711
   69 (vir)          403.728           1.796         -26.295         -56.740          435.969
   70 (vir)          403.728           1.796         -26.295         -56.740          435.969
   71 (vir)          403.728           1.796         -26.295         -56.740          435.969
   72 (vir)          854.044           1.573         -30.440         -69.638          894.814
   73 (vir)         2796.177           1.613         -45.993        -114.781         2866.578
   74 (vir)         9549.292           0.486         -78.323        -206.693         9678.148
   75 (vir)        53727.437           0.026        -127.968        -462.284        54061.779
