 
  kpoint:     0.0000    0.0000    0.0000
 
    n          ϵ_nk^DFT (eV)     Σ^c_nk (eV)     Σ^x_nk (eV)     v_n^xc (eV)   ϵ_nk^G0W0 (eV)
 
    1 (occ)       -31649.102           3.906        -996.679        -611.920       -32029.955
    2 (occ)       -31649.102           3.906        -996.679        -611.920       -32029.955
    3 (occ)       -31649.102           3.906        -996.679        -611.920       -32029.954
    4 (occ)       -31649.102           3.906        -996.679        -611.920       -32029.955
    5 (occ)        -4768.567           5.111        -393.052        -237.889        -4918.619
    6 (occ)        -4768.567           5.111        -393.052        -237.889        -4918.619
    7 (occ)        -4768.567           5.111        -393.052        -237.889        -4918.619
    8 (occ)        -4768.567           5.111        -393.052        -237.889        -4918.619
    9 (occ)        -4481.364           6.113        -387.923        -252.468        -4610.706
   10 (occ)        -4481.364           6.113        -387.923        -252.468        -4610.706
   11 (occ)        -4481.364           6.113        -387.922        -252.468        -4610.706
   12 (occ)        -4481.364           6.113        -387.923        -252.468        -4610.706
   13 (occ)        -4481.295           6.118        -387.991        -252.488        -4610.680
   14 (occ)        -4481.295           6.118        -387.991        -252.488        -4610.680
   15 (occ)        -4481.295           6.118        -387.991        -252.488        -4610.680
   16 (occ)        -4481.295           6.118        -387.991        -252.488        -4610.680
   17 (occ)        -4481.295           6.118        -387.991        -252.488        -4610.680
   18 (occ)        -4481.295           6.118        -387.991        -252.488        -4610.680
   19 (occ)        -4481.295           6.118        -387.991        -252.488        -4610.680
   20 (occ)        -4481.295           6.118        -387.991        -252.488        -4610.680
   21 (occ)         -960.088           6.492        -184.312        -113.117        -1024.792
   22 (occ)         -960.088           6.491        -184.312        -113.117        -1024.792
   23 (occ)         -960.088           6.491        -184.312        -113.117        -1024.792
   24 (occ)         -960.088           6.491        -184.312        -113.117        -1024.793
   25 (occ)         -839.378           8.232        -176.349        -115.186         -892.310
   26 (occ)         -839.378           8.231        -176.349        -115.186         -892.310
   27 (occ)         -839.378           8.232        -176.349        -115.186         -892.309
   28 (occ)         -839.378           8.231        -176.350        -115.187         -892.310
   29 (occ)         -839.207           8.498        -176.444        -115.211         -891.942
   30 (occ)         -839.207           8.499        -176.444        -115.211         -891.941
   31 (occ)         -839.207           8.499        -176.444        -115.211         -891.941
   32 (occ)         -839.207           8.499        -176.444        -115.211         -891.942
   33 (occ)         -839.207           8.499        -176.444        -115.211         -891.941
   34 (occ)         -839.207           8.499        -176.444        -115.211         -891.941
   35 (occ)         -839.207           8.499        -176.444        -115.211         -891.941
   36 (occ)         -839.207           8.499        -176.444        -115.211         -891.941
   37 (occ)         -614.817           8.530        -163.638        -118.305         -651.620
   38 (occ)         -614.817           8.531        -163.638        -118.305         -651.620
   39 (occ)         -614.817           8.531        -163.638        -118.305         -651.620
   40 (occ)         -614.817           8.530        -163.638        -118.305         -651.620
   41 (occ)         -614.780           8.534        -163.643        -118.310         -651.579
   42 (occ)         -614.780           8.534        -163.643        -118.310         -651.579
   43 (occ)         -614.780           8.534        -163.643        -118.310         -651.579
   44 (occ)         -614.780           8.534        -163.643        -118.310         -651.579
   45 (occ)         -614.780           8.534        -163.643        -118.310         -651.579
   46 (occ)         -614.780           8.534        -163.643        -118.310         -651.579
   47 (occ)         -614.780           8.534        -163.643        -118.309         -651.579
   48 (occ)         -614.780           8.534        -163.643        -118.309         -651.579
   49 (occ)         -614.667           8.518        -163.672        -118.327         -651.494
   50 (occ)         -614.667           8.518        -163.672        -118.327         -651.494
   51 (occ)         -614.667           8.518        -163.672        -118.327         -651.494
   52 (occ)         -614.667           8.518        -163.672        -118.327         -651.494
   53 (occ)         -614.667           8.518        -163.672        -118.327         -651.494
   54 (occ)         -614.667           8.518        -163.672        -118.327         -651.494
   55 (occ)         -614.667           8.518        -163.672        -118.327         -651.494
   56 (occ)         -614.667           8.518        -163.672        -118.327         -651.494
   57 (occ)         -273.798           3.455         -96.814         -61.494         -305.663
   58 (occ)         -166.809          13.124         -81.541         -51.978         -183.248
   59 (occ)         -166.809          13.124         -81.541         -51.978         -183.248
   60 (occ)         -166.809          13.124         -81.541         -51.978         -183.248
   61 (occ)         -166.809          13.116         -81.541         -51.979         -183.255
   62 (occ)         -124.803          11.702         -73.329         -49.804         -136.626
   63 (occ)         -124.803          11.705         -73.330         -49.804         -136.623
   64 (occ)         -124.803          11.705         -73.330         -49.804         -136.623
   65 (occ)         -124.803          11.705         -73.330         -49.804         -136.623
   66 (occ)         -124.439          12.172         -73.564         -49.863         -135.968
   67 (occ)         -124.439          12.172         -73.564         -49.863         -135.968
   68 (occ)         -124.439          12.172         -73.564         -49.863         -135.968
   69 (occ)         -124.439          12.173         -73.564         -49.864         -135.967
   70 (occ)         -124.439          12.173         -73.564         -49.864         -135.967
   71 (occ)         -124.439          12.173         -73.564         -49.864         -135.967
   72 (occ)         -124.439          12.174         -73.564         -49.863         -135.965
   73 (occ)         -124.439          12.174         -73.564         -49.863         -135.965
   74 (occ)          -52.791           4.757         -55.499         -43.436          -60.097
   75 (occ)          -52.786           4.745         -55.514         -43.454          -60.100
   76 (occ)          -52.786           4.745         -55.514         -43.454          -60.100
   77 (occ)          -52.786           4.745         -55.514         -43.454          -60.100
   78 (occ)          -52.687           4.743         -55.527         -43.479          -59.992
   79 (occ)          -52.687           4.743         -55.527         -43.479          -59.992
   80 (occ)          -52.687           4.743         -55.527         -43.479          -59.991
   81 (occ)          -52.687           4.743         -55.527         -43.479          -59.991
   82 (occ)          -52.687           4.743         -55.527         -43.479          -59.991
   83 (occ)          -52.683           4.742         -55.539         -43.490          -59.990
   84 (occ)          -52.683           4.742         -55.539         -43.490          -59.990
   85 (occ)          -52.683           4.742         -55.539         -43.490          -59.990
   86 (occ)          -52.388           4.752         -55.642         -43.554          -59.725
   87 (occ)          -52.388           4.752         -55.642         -43.554          -59.725
   88 (occ)          -52.388           4.752         -55.642         -43.554          -59.725
   89 (occ)          -52.388           4.752         -55.643         -43.555          -59.725
   90 (occ)          -52.388           4.752         -55.643         -43.555          -59.725
   91 (occ)          -52.387           4.752         -55.646         -43.557          -59.725
   92 (occ)          -52.387           4.752         -55.646         -43.557          -59.725
   93 (occ)          -52.387           4.752         -55.646         -43.557          -59.725
   94 (occ)          -20.152           5.945         -23.737         -15.812          -22.133
   95 (occ)          -16.538           4.610         -23.050         -16.551          -18.427
   96 (occ)          -16.538           4.610         -23.050         -16.551          -18.427
   97 (occ)          -16.538           4.610         -23.050         -16.551          -18.427
   98 (occ)          -13.573           2.899         -21.543         -16.317          -15.901
   99 (occ)          -10.427           1.045         -17.992         -14.492          -12.882
  100 (occ)          -10.427           1.045         -17.992         -14.492          -12.882
  101 (occ)          -10.427           1.045         -17.992         -14.492          -12.882
  102 (occ)           -7.635           0.982         -16.823         -13.220          -10.255
  103 (occ)           -7.635           0.982         -16.823         -13.220          -10.255
  104 (occ)           -7.017           0.601         -16.749         -13.622           -9.543
  105 (occ)           -7.017           0.601         -16.749         -13.622           -9.543
  106 (occ)           -7.017           0.601         -16.749         -13.622           -9.543
  107 (occ)           -6.256           0.594         -17.308         -14.118           -8.852
  108 (occ)           -6.256           0.594         -17.308         -14.118           -8.852
  109 (occ)           -6.256           0.594         -17.308         -14.118           -8.852
  110 (vir)           -4.245          -2.290          -9.244         -13.631           -2.149
  111 (vir)           -2.356          -2.992          -8.416         -13.475           -0.289
  112 (vir)           -2.356          -2.992          -8.416         -13.475           -0.289
  113 (vir)           -2.356          -2.992          -8.416         -13.475           -0.289
  114 (vir)            2.532          -2.419          -4.331          -8.843            4.626
  115 (vir)            2.532          -2.419          -4.331          -8.843            4.626
  116 (vir)            2.532          -2.419          -4.331          -8.843            4.626
  117 (vir)            2.816          -1.497          -2.609          -5.987            4.697
  118 (vir)            2.816          -1.496          -2.609          -5.987            4.698
  119 (vir)            2.816          -1.496          -2.609          -5.987            4.698
  120 (vir)            2.870          -2.141          -3.734          -7.940            4.935
  121 (vir)            2.992          -2.339          -4.827          -9.437            5.264
  122 (vir)            2.992          -2.339          -4.827          -9.437            5.264
  123 (vir)            3.668          -2.106          -4.039          -8.370            5.892
  124 (vir)            3.668          -2.106          -4.039          -8.370            5.892
  125 (vir)            3.668          -2.106          -4.039          -8.370            5.892
  126 (vir)            4.259          -2.004          -4.629          -8.923            6.548
  127 (vir)            4.259          -2.004          -4.629          -8.923            6.548
  128 (vir)            4.371          -2.171          -3.176          -7.161            6.184
  129 (vir)            4.428          -2.181          -4.336          -8.643            6.554
  130 (vir)            4.428          -2.182          -4.336          -8.643            6.553
  131 (vir)            4.428          -2.182          -4.336          -8.643            6.554
  132 (vir)            4.628          -1.789          -3.182          -7.132            6.789
  133 (vir)            4.628          -1.789          -3.182          -7.132            6.789
  134 (vir)            4.628          -1.789          -3.182          -7.132            6.789
  135 (vir)            6.369          -2.956          -5.686         -11.085            8.811
  136 (vir)            6.369          -2.956          -5.686         -11.085            8.811
  137 (vir)            6.369          -2.956          -5.686         -11.085            8.811
  138 (vir)            7.673          -2.939          -5.223         -10.547           10.058
  139 (vir)            7.673          -2.939          -5.223         -10.547           10.058
  140 (vir)            8.044          -3.612          -4.427         -10.239           10.244
  141 (vir)            8.044          -3.613          -4.427         -10.239           10.243
  142 (vir)            8.044          -3.612          -4.427         -10.239           10.244
  143 (vir)            8.902          -4.086          -4.051         -10.188           10.953
  144 (vir)           10.372          -3.587          -4.726         -10.606           12.665
  145 (vir)           10.372          -3.587          -4.726         -10.606           12.665
  146 (vir)           10.372          -3.587          -4.726         -10.606           12.665
  147 (vir)           11.564          -4.106          -4.271         -10.909           14.096
  148 (vir)           11.564          -4.107          -4.271         -10.909           14.095
  149 (vir)           11.564          -4.107          -4.271         -10.909           14.095
  150 (vir)           12.333          -4.660          -4.864         -12.188           14.996
  151 (vir)           12.333          -4.660          -4.864         -12.188           14.996
  152 (vir)           12.521          -3.814          -4.335         -10.613           14.986
  153 (vir)           12.521          -3.814          -4.335         -10.613           14.986
  154 (vir)           12.521          -3.813          -4.335         -10.613           14.987
  155 (vir)           12.747          -4.109          -3.974         -10.848           15.512
  156 (vir)           13.381          -4.322          -4.518         -11.415           15.955
  157 (vir)           13.381          -4.322          -4.518         -11.415           15.956
  158 (vir)           13.381          -4.322          -4.518         -11.415           15.956
  159 (vir)           13.795          -4.402          -4.507         -11.762           16.648
  160 (vir)           13.795          -4.402          -4.507         -11.762           16.648
  161 (vir)           13.795          -4.402          -4.507         -11.762           16.648
  162 (vir)           15.320          -3.838          -4.434         -10.647           17.695
  163 (vir)           15.320          -3.830          -4.434         -10.647           17.704
  164 (vir)           15.320          -3.831          -4.434         -10.647           17.702
  165 (vir)           15.430          -5.155          -5.671         -13.686           18.289
  166 (vir)           15.430          -5.155          -5.671         -13.686           18.289
  167 (vir)           15.520          -4.792          -5.480         -13.414           18.662
  168 (vir)           15.596          -4.560          -5.290         -12.733           18.480
  169 (vir)           15.596          -4.557          -5.290         -12.733           18.482
  170 (vir)           15.596          -4.558          -5.290         -12.733           18.482
  171 (vir)           15.862          -3.895          -4.945         -11.115           18.136
  172 (vir)           15.890          -5.271          -6.058         -14.324           18.885
  173 (vir)           15.890          -5.271          -6.058         -14.324           18.885
  174 (vir)           15.890          -5.271          -6.058         -14.324           18.885
  175 (vir)           17.196          -5.327          -7.042         -15.646           20.473
  176 (vir)           17.196          -5.327          -7.042         -15.646           20.474
  177 (vir)           17.196          -5.326          -7.042         -15.646           20.474
  178 (vir)           18.616          -5.831          -7.122         -16.261           21.924
  179 (vir)           18.616          -5.831          -7.122         -16.261           21.924
  180 (vir)           18.616          -5.831          -7.122         -16.261           21.924
  181 (vir)           20.281          -5.338          -7.031         -16.010           23.921
  182 (vir)           24.897          -5.670          -5.804         -14.323           27.746
  183 (vir)           24.897          -5.609          -5.804         -14.323           27.807
  184 (vir)           24.897          -5.595          -5.804         -14.323           27.821
  185 (vir)           26.690          -5.349          -7.453         -16.383           30.271
  186 (vir)           26.690          -5.386          -7.453         -16.383           30.234
  187 (vir)           26.690          -5.585          -7.453         -16.383           30.035
  188 (vir)           27.340          -4.821          -6.036         -14.905           31.387
  189 (vir)           27.340          -4.821          -6.036         -14.905           31.387
  190 (vir)           28.396          -4.719         -11.185         -21.739           34.231
  191 (vir)           28.507          -4.418          -7.606         -16.451           32.935
  192 (vir)           28.507          -4.417          -7.606         -16.451           32.935
  193 (vir)           29.080          -9.330          -9.608         -19.395           29.536
  194 (vir)           29.080          -9.141          -9.608         -19.395           29.725
  195 (vir)           29.080          -9.600          -9.608         -19.395           29.266
  196 (vir)           29.162          -4.556         -10.708         -20.994           34.891
  197 (vir)           29.162          -4.556         -10.708         -20.994           34.891
  198 (vir)           29.162          -4.555         -10.708         -20.994           34.892
  199 (vir)           29.791          -5.739          -8.120         -17.490           33.422
  200 (vir)           29.982          -4.899          -9.037         -18.574           34.620
  201 (vir)           29.982          -4.897          -9.037         -18.574           34.621
  202 (vir)           29.982          -4.900          -9.037         -18.574           34.618
  203 (vir)           30.623          -5.058          -9.254         -18.996           35.307
  204 (vir)           30.623          -4.999          -9.254         -18.996           35.366
  205 (vir)           30.623          -5.076          -9.254         -18.996           35.289
  206 (vir)           30.781          -4.500          -9.001         -18.635           35.915
  207 (vir)           30.781          -4.500          -9.001         -18.635           35.915
  208 (vir)           31.427          -4.668          -9.099         -18.806           36.466
  209 (vir)           31.427          -4.668          -9.099         -18.806           36.467
  210 (vir)           31.427          -4.667          -9.099         -18.806           36.468
  211 (vir)           31.630          -4.403         -10.484         -20.819           37.562
  212 (vir)           31.640          -3.994          -9.998         -20.083           37.732
  213 (vir)           31.640          -3.994          -9.998         -20.083           37.732
  214 (vir)           31.640          -3.994          -9.998         -20.083           37.732
  215 (vir)           31.831          -7.130          -8.255         -17.726           34.171
  216 (vir)           31.831          -7.133          -8.255         -17.726           34.168
  217 (vir)           31.831          -7.147          -8.255         -17.726           34.154
  218 (vir)           32.554          -2.089          -8.417         -17.948           39.996
  219 (vir)           32.554          -2.089          -8.417         -17.948           39.996
  220 (vir)           33.431          -3.157          -6.758         -15.432           38.949
  221 (vir)           33.617          -3.090          -7.313         -16.326           39.541
  222 (vir)           33.617          -3.072          -7.313         -16.326           39.558
  223 (vir)           33.617          -3.088          -7.313         -16.326           39.543
  224 (vir)           33.726          -3.803          -7.671         -16.770           39.022
  225 (vir)           33.726          -3.804          -7.671         -16.770           39.022
  226 (vir)           33.726          -3.804          -7.671         -16.770           39.021
  227 (vir)           34.112          -3.837          -6.120         -15.119           39.275
  228 (vir)           34.112          -3.837          -6.120         -15.119           39.274
  229 (vir)           34.112          -3.838          -6.120         -15.119           39.273
  230 (vir)           36.822          -3.819          -8.064         -17.828           42.767
  231 (vir)           36.822          -3.819          -8.064         -17.828           42.767
  232 (vir)           38.315          -3.010          -7.226         -16.658           44.738
  233 (vir)           38.315          -3.009          -7.226         -16.658           44.738
  234 (vir)           38.315          -3.009          -7.226         -16.658           44.738
  235 (vir)           38.697          -3.155          -6.119         -15.474           44.897
  236 (vir)           38.697          -3.155          -6.119         -15.474           44.898
  237 (vir)           38.697          -3.156          -6.119         -15.474           44.897
  238 (vir)           40.218          -2.958          -6.730         -16.216           46.747
  239 (vir)           40.218          -2.958          -6.730         -16.216           46.747
  240 (vir)           40.227          -3.653          -6.283         -15.325           45.615
  241 (vir)           42.121          -1.963          -5.075         -14.313           49.396
  242 (vir)           42.121          -1.963          -5.075         -14.313           49.396
  243 (vir)           42.121          -1.976          -5.075         -14.313           49.383
  244 (vir)           42.151          -0.801          -4.729         -14.073           50.693
  245 (vir)           43.161          -1.767          -5.507         -14.731           50.618
  246 (vir)           43.161          -1.753          -5.507         -14.731           50.632
  247 (vir)           43.161          -1.790          -5.507         -14.731           50.596
  248 (vir)           43.899          -0.502          -2.919         -12.527           53.005
  249 (vir)           43.899          -0.502          -2.919         -12.527           53.005
  250 (vir)           43.899          -0.502          -2.919         -12.527           53.004
  251 (vir)           44.442          -0.923          -3.714         -13.119           52.925
  252 (vir)           44.442          -0.922          -3.714         -13.119           52.925
  253 (vir)           44.442          -0.922          -3.714         -13.119           52.926
  254 (vir)           46.283          -0.970          -3.885         -13.711           55.140
  255 (vir)           46.283          -0.966          -3.885         -13.711           55.144
  256 (vir)           46.283          -0.970          -3.885         -13.711           55.140
  257 (vir)           46.687           0.814          -2.346         -12.000           57.155
  258 (vir)           46.687           0.814          -2.346         -12.000           57.155
  259 (vir)           47.279           1.094          -2.363         -12.051           58.061
  260 (vir)           47.279           1.094          -2.363         -12.051           58.061
  261 (vir)           47.279           1.094          -2.363         -12.051           58.061
  262 (vir)           47.328           0.906          -2.616         -12.196           57.814
  263 (vir)           47.328           0.906          -2.616         -12.196           57.815
  264 (vir)           47.328           0.907          -2.616         -12.196           57.815
  265 (vir)           47.984          -1.052          -3.532         -13.036           56.435
  266 (vir)           48.261          -0.155          -3.308         -13.260           58.058
  267 (vir)           48.261          -0.155          -3.308         -13.260           58.058
  268 (vir)           48.439           0.395          -2.238         -11.933           58.528
  269 (vir)           48.699          -0.005          -3.108         -13.010           58.596
  270 (vir)           48.699          -0.005          -3.108         -13.010           58.596
  271 (vir)           48.699          -0.005          -3.108         -13.010           58.596
  272 (vir)           50.523          -1.825          -4.469         -15.103           59.333
  273 (vir)           50.523          -1.825          -4.469         -15.103           59.333
  274 (vir)           50.523          -1.825          -4.469         -15.103           59.333
  275 (vir)           51.439          -1.228          -4.631         -14.767           60.348
  276 (vir)           51.439          -1.232          -4.631         -14.767           60.343
  277 (vir)           51.439          -1.228          -4.631         -14.767           60.347
  278 (vir)           55.413          -0.710          -3.713         -13.677           64.666
  279 (vir)           55.905          -2.379          -6.540         -17.663           64.649
  280 (vir)           55.905          -2.379          -6.540         -17.663           64.649
  281 (vir)           55.905          -2.379          -6.540         -17.663           64.649
  282 (vir)           59.681          -0.617          -3.248         -13.440           69.256
  283 (vir)           59.681          -0.618          -3.248         -13.440           69.256
  284 (vir)           59.681          -0.618          -3.248         -13.440           69.256
  285 (vir)           61.326          -1.272          -2.607         -13.335           70.783
  286 (vir)           61.326          -1.272          -2.607         -13.335           70.783
  287 (vir)           65.216          -2.556          -6.570         -18.384           74.474
  288 (vir)           65.941          -0.929          -2.949         -13.991           76.054
  289 (vir)           65.941          -0.929          -2.949         -13.991           76.054
  290 (vir)           65.941          -0.929          -2.949         -13.991           76.054
  291 (vir)           69.192          -1.654          -5.234         -16.273           78.579
  292 (vir)           69.192          -1.653          -5.234         -16.273           78.579
  293 (vir)           69.192          -1.653          -5.234         -16.273           78.580
  294 (vir)           69.393          -0.306          -2.388         -12.260           78.959
  295 (vir)           69.393          -0.306          -2.388         -12.260           78.959
  296 (vir)           71.819          -1.895          -6.264         -17.394           81.054
  297 (vir)           71.819          -1.889          -6.264         -17.394           81.059
  298 (vir)           71.819          -1.887          -6.264         -17.394           81.062
  299 (vir)           73.113          -0.508          -2.730         -13.257           83.132
  300 (vir)           73.113          -0.508          -2.730         -13.257           83.132
  301 (vir)           73.113          -0.508          -2.730         -13.257           83.132
  302 (vir)           74.574          -1.764          -7.286         -19.519           85.043
  303 (vir)           82.302          -3.800         -13.521         -29.509           94.491
  304 (vir)           82.302          -3.804         -13.521         -29.509           94.487
  305 (vir)           82.302          -3.794         -13.521         -29.509           94.497
  306 (vir)           82.463          -3.639         -11.788         -26.946           93.982
  307 (vir)           82.463          -3.640         -11.788         -26.946           93.981
  308 (vir)           82.463          -3.639         -11.788         -26.946           93.982
  309 (vir)           82.561          -3.544         -13.290         -29.155           94.882
  310 (vir)           83.188          -3.857         -13.458         -29.459           95.331
  311 (vir)           83.188          -3.851         -13.458         -29.459           95.337
  312 (vir)           83.188          -3.844         -13.458         -29.459           95.345
  313 (vir)           83.491          -4.539         -13.326         -29.382           95.008
  314 (vir)           83.491          -4.540         -13.326         -29.382           95.008
  315 (vir)           83.762          -4.184         -13.481         -29.524           95.620
  316 (vir)           84.328          -3.896         -12.106         -27.570           95.897
  317 (vir)           84.328          -3.896         -12.106         -27.570           95.896
  318 (vir)           84.328          -3.896         -12.106         -27.570           95.897
  319 (vir)           85.059          -4.253         -12.703         -28.462           96.565
  320 (vir)           85.059          -4.253         -12.703         -28.462           96.565
  321 (vir)           85.237          -4.114         -12.495         -28.301           96.928
  322 (vir)           85.237          -4.114         -12.495         -28.301           96.928
  323 (vir)           85.237          -4.114         -12.495         -28.301           96.928
  324 (vir)           86.813          -4.086         -12.333         -27.986           98.380
  325 (vir)           86.813          -4.086         -12.333         -27.986           98.380
  326 (vir)           86.813          -4.086         -12.333         -27.986           98.380
  327 (vir)           88.037          -3.081          -9.811         -24.507           99.651
  328 (vir)           88.037          -3.015          -9.811         -24.507           99.717
  329 (vir)           88.037          -3.002          -9.811         -24.507           99.731
  330 (vir)           95.978          -1.139          -6.903         -21.613          109.549
  331 (vir)           95.978          -1.138          -6.903         -21.613          109.551
  332 (vir)           95.978          -1.124          -6.903         -21.613          109.564
  333 (vir)           96.571          -2.412          -8.666         -23.109          108.603
  334 (vir)          127.472          -0.543          -5.536         -19.358          140.751
  335 (vir)          131.744          -0.184          -2.339         -15.081          144.302
  336 (vir)          131.744          -0.184          -2.339         -15.081          144.302
  337 (vir)          131.744          -0.184          -2.339         -15.081          144.302
  338 (vir)          132.639          -0.087          -2.921         -15.830          145.461
  339 (vir)          132.639          -0.087          -2.921         -15.830          145.461
  340 (vir)          136.339          -1.721          -7.046         -21.600          149.173
  341 (vir)          136.339          -2.365          -7.046         -21.600          148.529
  342 (vir)          136.339          -2.457          -7.046         -21.600          148.437
  343 (vir)          137.891          -4.001         -16.834         -34.675          151.731
  344 (vir)          137.891          -4.001         -16.834         -34.675          151.731
  345 (vir)          139.485          -3.960         -16.351         -34.166          153.340
  346 (vir)          139.485          -3.959         -16.351         -34.166          153.340
  347 (vir)          139.485          -3.960         -16.351         -34.166          153.340
  348 (vir)          140.638          -4.488         -16.834         -34.845          154.161
  349 (vir)          140.638          -4.488         -16.834         -34.845          154.161
  350 (vir)          140.638          -4.488         -16.834         -34.845          154.161
  351 (vir)          142.726          -3.865         -14.088         -31.940          156.714
  352 (vir)          142.726          -3.865         -14.088         -31.940          156.714
  353 (vir)          142.726          -3.865         -14.088         -31.940          156.714
  354 (vir)          143.321          -3.863         -15.177         -33.128          157.409
  355 (vir)          144.189          -4.109         -14.137         -32.315          158.258
  356 (vir)          144.189          -4.109         -14.137         -32.315          158.258
  357 (vir)          144.650          -3.971         -13.959         -32.103          158.823
  358 (vir)          144.650          -3.971         -13.959         -32.103          158.823
  359 (vir)          144.650          -3.971         -13.959         -32.103          158.823
  360 (vir)          146.717          -4.036         -14.318         -32.345          160.708
  361 (vir)          146.717          -4.035         -14.318         -32.345          160.708
  362 (vir)          146.717          -4.036         -14.318         -32.345          160.708
  363 (vir)          147.266          -4.443         -13.127         -31.013          160.709
  364 (vir)          147.266          -4.443         -13.127         -31.013          160.709
  365 (vir)          151.061          -4.489         -13.103         -31.069          164.538
  366 (vir)          151.061          -4.489         -13.103         -31.069          164.538
  367 (vir)          151.061          -4.489         -13.103         -31.069          164.538
  368 (vir)          154.375          -4.081         -13.030         -31.025          168.288
  369 (vir)          154.375          -4.081         -13.030         -31.025          168.288
  370 (vir)          154.375          -4.081         -13.030         -31.025          168.289
  371 (vir)          160.141          -1.126          -8.222         -24.345          175.137
  372 (vir)          160.141          -1.125          -8.222         -24.345          175.138
  373 (vir)          160.141          -1.126          -8.222         -24.345          175.137
  374 (vir)          162.267          -1.427          -9.171         -26.041          177.709
  375 (vir)          167.844          -1.502          -2.339         -16.875          180.878
  376 (vir)          167.844          -1.503          -2.339         -16.875          180.877
  377 (vir)          172.857          -0.604          -7.432         -23.012          187.833
  378 (vir)          173.375          -0.997          -2.178         -16.440          186.640
  379 (vir)          173.375          -0.996          -2.178         -16.440          186.641
  380 (vir)          173.375          -0.994          -2.178         -16.440          186.643
  381 (vir)          173.453          -0.960          -2.182         -16.267          186.578
  382 (vir)          173.453          -0.960          -2.182         -16.267          186.578
  383 (vir)          173.453          -0.960          -2.182         -16.267          186.578
  384 (vir)          181.191          -0.807          -6.534         -22.678          196.528
  385 (vir)          181.191          -0.807          -6.534         -22.678          196.528
  386 (vir)          181.191          -0.807          -6.534         -22.678          196.528
  387 (vir)          192.831          -0.465         -13.945         -32.053          210.474
  388 (vir)          203.237          -1.151         -15.488         -34.415          221.014
  389 (vir)          203.237          -1.154         -15.488         -34.415          221.010
  390 (vir)          203.237          -1.177         -15.488         -34.415          220.988
  391 (vir)          227.203           3.388          -7.589         -24.933          247.936
  392 (vir)          300.944          -1.747         -16.948         -44.809          327.059
  393 (vir)          300.944          -1.747         -16.948         -44.809          327.059
  394 (vir)          300.944          -1.747         -16.948         -44.809          327.059
  395 (vir)          300.996          -1.762         -16.946         -44.805          327.094
  396 (vir)          301.280          -1.419         -16.910         -44.760          327.712
  397 (vir)          301.280          -1.419         -16.910         -44.760          327.712
  398 (vir)          301.280          -1.419         -16.910         -44.760          327.712
  399 (vir)          301.678          -1.807         -16.903         -44.749          327.717
  400 (vir)          301.678          -1.808         -16.903         -44.749          327.717
  401 (vir)          301.678          -1.808         -16.903         -44.749          327.716
  402 (vir)          301.722          -1.517         -16.867         -44.714          328.052
  403 (vir)          301.722          -1.517         -16.867         -44.714          328.052
  404 (vir)          301.823          -2.022         -16.903         -44.748          327.646
  405 (vir)          302.428          -1.511         -16.832         -44.659          328.744
  406 (vir)          302.428          -1.511         -16.832         -44.659          328.744
  407 (vir)          302.617          -1.573         -16.827         -44.647          328.864
  408 (vir)          302.617          -1.573         -16.827         -44.647          328.864
  409 (vir)          302.617          -1.573         -16.827         -44.647          328.864
  410 (vir)          302.890          -1.564         -16.794         -44.610          329.142
  411 (vir)          302.890          -1.563         -16.794         -44.610          329.143
  412 (vir)          302.890          -1.562         -16.794         -44.610          329.144
  413 (vir)          304.007          -1.525         -16.729         -44.508          330.262
  414 (vir)          304.007          -1.525         -16.729         -44.508          330.262
  415 (vir)          304.007          -1.525         -16.729         -44.508          330.262
  416 (vir)          306.311          -1.457         -16.548         -44.248          332.554
  417 (vir)          306.311          -1.459         -16.548         -44.248          332.552
  418 (vir)          306.311          -1.467         -16.548         -44.248          332.544
  419 (vir)          310.266          -1.268         -16.144         -43.551          336.406
  420 (vir)          497.226          -1.951         -32.549         -67.429          530.155
  421 (vir)          497.226          -1.951         -32.549         -67.429          530.155
  422 (vir)          497.602          -1.957         -32.547         -67.428          530.526
  423 (vir)          497.602          -1.958         -32.547         -67.428          530.526
  424 (vir)          497.602          -1.957         -32.547         -67.428          530.526
  425 (vir)          497.933          -1.955         -32.531         -67.414          530.861
  426 (vir)          497.933          -1.955         -32.531         -67.414          530.861
  427 (vir)          497.933          -1.955         -32.531         -67.414          530.861
  428 (vir)          499.177          -1.949         -32.466         -67.348          532.110
  429 (vir)          499.177          -1.949         -32.466         -67.348          532.110
  430 (vir)          501.653          -1.971         -32.378         -67.261          534.564
  431 (vir)          501.653          -1.971         -32.378         -67.261          534.565
  432 (vir)          501.653          -1.971         -32.378         -67.261          534.565
  433 (vir)          503.946          -1.975         -32.289         -67.170          536.852
  434 (vir)          503.946          -1.975         -32.289         -67.170          536.852
  435 (vir)          503.946          -1.975         -32.289         -67.170          536.852
  436 (vir)          506.220          -1.940         -32.198         -67.082          539.164
  437 (vir)          506.220          -1.940         -32.198         -67.082          539.164
  438 (vir)          506.220          -1.940         -32.198         -67.082          539.164
  439 (vir)          507.312          -1.930         -32.100         -66.969          540.250
  440 (vir)          712.729           0.574         -30.834         -65.965          748.435
  441 (vir)          725.777           0.385         -31.088         -66.424          761.497
  442 (vir)          725.777           0.383         -31.088         -66.424          761.495
  443 (vir)          725.777           0.352         -31.088         -66.424          761.464
  444 (vir)          751.562          -1.162         -13.531         -46.720          783.588
  445 (vir)         1271.863          -2.909         -62.134        -118.861         1325.681
  446 (vir)         1271.863          -2.909         -62.134        -118.861         1325.681
  447 (vir)         1273.443          -2.907         -62.093        -118.841         1327.283
  448 (vir)         1273.443          -2.907         -62.093        -118.841         1327.283
  449 (vir)         1273.443          -2.907         -62.093        -118.841         1327.283
  450 (vir)         1274.529          -2.907         -62.063        -118.826         1328.384
  451 (vir)         1274.529          -2.907         -62.063        -118.826         1328.384
  452 (vir)         1274.529          -2.907         -62.063        -118.826         1328.384
  453 (vir)         1284.792          -2.927         -61.682        -118.656         1338.839
  454 (vir)         1287.742          -2.924         -61.621        -118.632         1341.829
  455 (vir)         1287.742          -2.924         -61.621        -118.632         1341.829
  456 (vir)         1287.742          -2.924         -61.621        -118.632         1341.829
  457 (vir)         2386.261          -2.205         -50.067        -114.403         2448.392
  458 (vir)         2397.105          -2.196         -49.932        -114.316         2459.293
  459 (vir)         2397.105          -2.196         -49.932        -114.316         2459.293
  460 (vir)         2397.105          -2.196         -49.932        -114.316         2459.293
  461 (vir)         3980.101          -1.798         -14.796         -94.563         4058.069
  462 (vir)         7146.147          -2.149         -71.209        -180.155         7252.944
  463 (vir)         7156.193          -2.145         -71.143        -180.116         7263.020
  464 (vir)         7156.193          -2.145         -71.143        -180.116         7263.020
  465 (vir)         7156.193          -2.145         -71.143        -180.116         7263.020
  466 (vir)        20481.036          -1.787         -94.143        -273.887        20658.994
  467 (vir)        20490.564          -1.785         -94.109        -273.863        20668.533
  468 (vir)        20490.564          -1.785         -94.109        -273.863        20668.533
  469 (vir)        20490.564          -1.785         -94.109        -273.863        20668.533
  470 (vir)        59248.546          -1.486        -129.645        -435.105        59552.519
  471 (vir)        59257.736          -1.486        -129.629        -435.096        59561.717
  472 (vir)        59257.736          -1.486        -129.629        -435.096        59561.717
  473 (vir)        59257.736          -1.486        -129.629        -435.096        59561.717
  474 (vir)       273843.396          -1.914        -155.797        -840.907       274526.593
  475 (vir)       273859.402          -1.914        -155.790        -840.910       274542.608
  476 (vir)       273859.402          -1.914        -155.790        -840.910       274542.608
  477 (vir)       273859.402          -1.914        -155.790        -840.910       274542.608
