 
  kpoint:     0.0000    0.0000    0.0000
 
    n          ϵ_nk^DFT (eV)     Σ^c_nk (eV)     Σ^x_nk (eV)     v_n^xc (eV)   ϵ_nk^G0W0 (eV)
 
    1 (occ)         -269.001          -1.698         -96.910         -61.542         -306.068
    2 (occ)         -268.982          -1.638         -96.893         -61.556         -305.957
    3 (occ)          -18.826           5.559         -25.764         -16.760          -22.271
    4 (occ)          -14.245           3.133         -22.387         -15.338          -18.162
    5 (occ)          -11.525           2.015         -20.171         -14.380          -15.302
    6 (occ)          -10.173           1.338         -21.197         -15.793          -14.240
    7 (occ)           -8.541           0.788         -19.312         -14.369          -12.696
    8 (occ)           -6.768          -0.246         -16.394         -13.100          -10.308
    9 (vir)           -1.034          -2.292          -6.317         -11.649            2.005
   10 (vir)            0.573          -1.016          -1.828          -4.925            2.654
   11 (vir)            1.149          -0.941          -1.553          -4.404            3.059
   12 (vir)            1.347          -1.081          -2.081          -5.366            3.550
   13 (vir)            2.853          -0.787          -1.268          -3.825            4.623
   14 (vir)            3.155          -1.024          -1.444          -4.490            5.178
   15 (vir)            3.190          -0.888          -1.172          -4.125            5.255
   16 (vir)            4.269          -0.919          -1.209          -4.122            6.262
   17 (vir)            4.716          -1.433          -2.222          -6.080            7.140
   18 (vir)            4.950          -1.153          -2.100          -5.666            7.363
   19 (vir)            5.162          -1.593          -1.716          -5.411            7.264
   20 (vir)            7.439          -1.680          -2.880          -6.922            9.801
   21 (vir)            8.174          -2.299          -3.429          -8.019           10.465
   22 (vir)            9.048          -2.016          -2.653          -7.652           12.031
   23 (vir)            9.066          -2.179          -2.906          -7.405           11.386
   24 (vir)            9.164          -1.829          -1.684          -5.673           11.324
   25 (vir)            9.176          -1.203          -1.449          -4.648           11.172
   26 (vir)           10.595          -2.314          -3.937          -8.995           13.338
   27 (vir)           11.662          -2.392          -2.400          -7.325           14.195
   28 (vir)           12.847          -2.704          -1.982          -7.242           15.403
   29 (vir)           13.594          -1.941          -2.418          -7.861           17.095
   30 (vir)           14.475          -2.562          -2.583          -7.770           17.101
   31 (vir)           15.733          -2.074          -1.626          -6.346           18.378
   32 (vir)           16.633          -2.301          -1.815          -6.630           19.147
   33 (vir)           17.825          -2.299          -1.142          -6.118           20.503
   34 (vir)           19.328          -3.667          -2.015          -8.218           21.864
   35 (vir)           19.540          -2.100          -0.937          -5.810           22.313
   36 (vir)           19.586          -3.105          -1.874          -7.217           21.823
   37 (vir)           19.649          -2.884          -1.837          -7.192           22.120
   38 (vir)           19.692          -3.513          -2.421          -9.174           22.933
   39 (vir)           20.785          -4.645          -3.874         -11.208           23.475
   40 (vir)           20.825          -2.457          -0.961          -6.115           23.522
   41 (vir)           21.795          -2.717          -2.050          -7.461           24.489
   42 (vir)           21.826          -2.270          -0.914          -6.017           24.660
   43 (vir)           22.413          -0.765          -2.271          -7.592           26.969
   44 (vir)           23.379          -1.900          -1.029          -6.360           26.809
   45 (vir)           23.479          -2.913          -2.561          -8.790           26.795
   46 (vir)           24.689          -6.392          -2.370          -8.092           24.019
   47 (vir)           24.838          -1.705          -0.966          -6.228           28.395
   48 (vir)           26.650           0.185          -0.898          -5.893           31.829
   49 (vir)           28.275          -2.358          -1.806          -7.604           31.715
   50 (vir)           28.796          -2.531          -1.473          -7.266           32.057
   51 (vir)           29.068          -1.147          -0.970          -6.402           33.353
   52 (vir)           30.340          -1.030          -0.844          -6.141           34.607
   53 (vir)           32.030          -1.071          -0.600          -5.382           35.741
   54 (vir)           32.637          -0.318          -1.909          -8.575           38.984
   55 (vir)           34.893          -2.949          -1.836          -9.078           39.186
   56 (vir)           36.800          -1.255          -0.814          -6.053           40.784
   57 (vir)           41.971          -2.400          -3.026         -11.581           48.127
   58 (vir)           42.166          -3.617          -3.703         -12.711           47.557
   59 (vir)           42.579          -2.820          -1.612          -8.656           46.804
   60 (vir)           43.043          -1.720          -2.505         -10.375           49.194
   61 (vir)           44.271          -2.058          -2.191         -10.016           50.038
   62 (vir)           46.736          -1.928          -3.239         -11.809           53.378
   63 (vir)           47.080          -2.951          -1.546          -9.385           51.968
   64 (vir)           47.290          -2.095          -2.434         -10.854           53.615
   65 (vir)           48.084          -1.773          -2.565         -11.018           54.764
   66 (vir)           48.622          -0.783          -1.507          -8.195           54.527
   67 (vir)           49.040          -0.902          -1.897         -10.190           56.431
   68 (vir)           50.616          -6.629          -2.928         -11.458           52.518
   69 (vir)           51.573          -2.251          -2.085         -10.623           57.860
   70 (vir)           52.346          -1.111          -2.189         -10.566           59.612
   71 (vir)           52.976          -2.645          -1.874         -10.046           58.503
   72 (vir)           53.422          -2.241          -1.144          -8.954           58.992
   73 (vir)           53.976          -0.730          -1.618          -9.855           61.483
   74 (vir)           54.234          -1.767          -2.385         -11.262           61.344
   75 (vir)           54.240          -8.476          -2.331         -10.749           54.182
   76 (vir)           56.191          -3.781          -1.409          -9.804           60.805
   77 (vir)           56.611          -2.425          -2.597         -11.420           63.009
   78 (vir)           57.362          -2.429          -1.030          -8.836           62.739
   79 (vir)           58.620          -3.180          -1.875         -10.548           64.113
   80 (vir)           58.782          -2.461          -1.413          -9.575           64.482
   81 (vir)           61.675          -2.632          -1.359          -9.704           67.388
   82 (vir)           63.745          -3.213          -1.356          -9.681           68.858
   83 (vir)           64.589          -3.810          -1.772         -10.513           69.520
   84 (vir)           64.845          -8.387          -2.230         -11.057           65.285
   85 (vir)           64.913          -6.402          -1.348          -9.434           66.596
   86 (vir)           65.183          -3.133          -1.996         -11.133           71.187
   87 (vir)           66.606          -9.552          -1.487          -9.652           65.218
   88 (vir)           66.950          -2.821          -1.948         -10.852           73.032
   89 (vir)           67.736          -3.317          -0.923          -8.690           72.186
   90 (vir)           68.511          -3.313          -0.905          -8.842           73.134
   91 (vir)           69.296          -4.464          -1.173          -9.269           72.928
   92 (vir)           69.433          -6.228          -3.733         -15.056           74.528
   93 (vir)           70.300          -2.927          -1.577         -10.106           75.902
   94 (vir)           70.835          -4.415          -1.568          -9.932           74.785
   95 (vir)           71.177          -3.259          -1.328          -9.771           76.361
   96 (vir)           73.119          -5.699          -1.007          -9.114           75.527
   97 (vir)           73.193          -3.050          -1.133          -9.305           78.315
   98 (vir)           75.134          -3.229          -0.806          -8.834           79.933
   99 (vir)           75.581          -3.273          -0.941          -9.261           80.628
  100 (vir)           79.526          -2.648          -1.317          -9.965           85.525
  101 (vir)           83.780         -12.602          -1.157          -9.578           79.599
  102 (vir)           84.137          -5.700          -1.079         -10.010           87.368
  103 (vir)           85.197          -6.230          -2.375         -12.277           88.868
  104 (vir)           89.212          -3.266          -1.602         -10.683           95.027
  105 (vir)           89.314          -4.277          -1.968         -11.690           94.759
  106 (vir)           89.560         -14.049          -3.280         -15.168           87.399
  107 (vir)           89.870          -4.832          -2.176         -12.522           95.384
  108 (vir)           89.896          -3.222          -2.784         -13.583           97.473
  109 (vir)           90.240          -5.080          -1.357         -11.028           94.831
  110 (vir)           94.987          -6.575          -2.631         -14.414          100.194
  111 (vir)           96.126          -5.263          -1.011         -10.207          100.058
  112 (vir)           97.294          -4.531          -1.793         -12.383          103.354
  113 (vir)           98.388          -1.845          -2.244         -13.549          107.849
  114 (vir)          100.830         -12.362          -2.498         -13.526           99.495
  115 (vir)          101.369          -1.635          -2.064         -13.094          110.764
  116 (vir)          102.168           5.315          -2.024         -12.492          117.951
  117 (vir)          103.781          -7.227          -2.077         -12.772          107.250
  118 (vir)          105.399           5.535          -2.161         -13.043          121.816
  119 (vir)          110.001          -3.669          -1.674         -12.541          117.199
  120 (vir)          116.214          -1.660          -1.129         -11.293          124.718
  121 (vir)          120.166           0.511          -2.066         -13.443          132.054
  122 (vir)          129.731          -6.834          -1.959         -14.508          135.446
  123 (vir)          130.480          -2.996          -2.665         -15.584          140.404
  124 (vir)          130.552          -1.819          -2.253         -15.075          141.556
  125 (vir)          131.636          -2.688          -1.931         -14.477          141.495
  126 (vir)          133.159          -7.078          -1.767         -14.222          138.536
  127 (vir)          133.454         -13.921          -1.762         -13.936          131.707
  128 (vir)          136.815          -4.308          -1.626         -13.839          144.719
  129 (vir)          143.911         -13.523          -1.488         -13.612          142.512
  130 (vir)          144.417           8.668          -1.676         -14.042          165.452
  131 (vir)          144.580         -10.709          -1.940         -14.652          146.583
  132 (vir)          144.914         -11.469          -1.703         -14.219          145.962
  133 (vir)          146.681         -12.531          -1.718         -14.305          146.735
  134 (vir)          147.153         -14.036          -2.085         -15.161          146.192
  135 (vir)          150.857           6.536          -1.884         -15.006          170.515
  136 (vir)          151.882           6.446          -2.312         -16.003          172.020
  137 (vir)          151.973           6.311          -1.342         -13.486          170.428
  138 (vir)          153.350         -16.305          -1.768         -14.519          149.796
  139 (vir)          153.769         -16.934          -1.646         -14.312          149.501
  140 (vir)          154.427           1.236          -1.543         -14.109          168.228
  141 (vir)          156.041           3.953          -1.233         -12.822          171.583
  142 (vir)          156.134           5.023          -1.049         -12.475          172.583
  143 (vir)          159.269           4.466          -1.095         -12.447          175.087
  144 (vir)          159.448           5.900          -1.903         -14.929          178.374
  145 (vir)          160.881           5.030          -1.109         -12.494          177.296
  146 (vir)          161.768           3.319          -0.852         -11.711          175.946
  147 (vir)          162.277           7.431          -1.663         -14.842          182.887
  148 (vir)          162.881           6.164          -2.066         -15.398          182.378
  149 (vir)          162.994           6.029          -1.499         -13.863          181.387
  150 (vir)          163.982           4.558          -1.078         -12.503          179.965
  151 (vir)          164.680           5.283          -1.571         -14.212          182.605
  152 (vir)          165.966           4.414          -1.713         -14.385          183.052
  153 (vir)          166.914           3.380          -1.078         -12.595          181.811
  154 (vir)          166.925           3.285          -1.090         -12.593          181.714
  155 (vir)          167.742           6.620          -1.733         -14.944          187.573
  156 (vir)          169.520           2.105          -2.431         -15.664          184.858
  157 (vir)          170.957           4.651          -1.626         -14.974          188.956
  158 (vir)          171.610           2.727          -1.790         -15.188          187.736
  159 (vir)          173.035           7.061          -1.644         -15.186          193.638
  160 (vir)          173.295           5.111          -1.541         -14.268          191.133
  161 (vir)          178.548           3.554          -1.458         -14.244          194.888
  162 (vir)          179.073           4.078          -1.779         -15.518          196.891
  163 (vir)          181.616           4.656          -1.562         -15.045          199.755
  164 (vir)          182.023           2.072          -2.030         -15.199          197.265
  165 (vir)          186.471           5.601          -1.407         -14.799          205.464
  166 (vir)          186.510           3.275          -1.343         -14.247          202.689
  167 (vir)          186.886           2.339          -2.799         -16.931          203.356
  168 (vir)          186.958           3.918          -1.554         -14.790          204.112
  169 (vir)          187.379           5.921          -3.709         -17.547          207.139
  170 (vir)          188.768           4.081          -1.477         -13.795          205.167
  171 (vir)          193.572           1.769          -1.497         -14.205          208.050
  172 (vir)          194.166           4.185          -1.132         -13.737          210.956
  173 (vir)          196.052           2.516          -1.422         -13.894          211.040
  174 (vir)          198.230           2.552          -0.928         -12.935          212.789
  175 (vir)          199.932           2.400          -1.089         -13.507          214.749
  176 (vir)          201.397           2.518          -1.845         -15.317          217.388
  177 (vir)          201.766           2.270          -0.972         -13.121          216.185
  178 (vir)          202.168           2.329          -1.042         -13.489          216.945
  179 (vir)          202.256           2.542          -0.951         -13.038          216.885
  180 (vir)          203.033           2.443          -1.052         -13.493          217.917
  181 (vir)          203.791           2.171          -1.381         -13.814          218.395
  182 (vir)          204.633           1.591          -1.614         -14.473          219.083
  183 (vir)          204.686           1.698          -0.748         -12.218          217.854
  184 (vir)          205.269           1.728          -0.878         -12.463          218.582
  185 (vir)          207.059           1.145          -1.383         -13.822          220.643
  186 (vir)          208.237           1.214          -0.882         -12.633          221.202
  187 (vir)          210.783           2.586          -1.088         -13.539          225.820
  188 (vir)          214.739           0.342          -2.083         -15.757          228.756
  189 (vir)          215.625           2.335          -0.910         -12.752          229.802
  190 (vir)          216.297           1.833          -0.792         -12.549          229.887
  191 (vir)          217.398           3.429          -1.898         -14.590          233.519
  192 (vir)          218.041           2.150          -1.595         -15.017          233.612
  193 (vir)          220.492           3.255          -0.888         -13.322          236.180
  194 (vir)          220.681           5.043          -0.833         -13.114          238.004
  195 (vir)          221.392           2.598          -1.285         -14.017          236.722
  196 (vir)          221.447           2.604          -0.998         -14.004          237.058
  197 (vir)          222.298           3.001          -0.798         -12.920          237.420
  198 (vir)          223.837           1.368          -2.330         -16.731          239.606
  199 (vir)          225.114           5.155          -1.761         -16.156          244.664
  200 (vir)          225.328           1.683          -1.725         -15.210          240.495
  201 (vir)          225.888           3.545          -0.914         -13.353          241.872
  202 (vir)          228.196           2.679          -1.210         -14.249          243.913
  203 (vir)          229.250           2.565          -0.901         -13.372          244.284
  204 (vir)          229.721           3.282          -0.878         -13.200          245.325
  205 (vir)          231.074           3.154          -0.890         -13.302          246.639
  206 (vir)          233.974           3.457          -1.630         -16.259          252.060
  207 (vir)          239.989           2.660          -0.954         -13.858          255.553
  208 (vir)          240.658           0.477          -1.231         -15.153          255.058
  209 (vir)          242.256           3.016          -0.963         -14.313          258.622
  210 (vir)          244.175           0.479          -1.305         -14.342          257.692
  211 (vir)          247.859           2.754          -1.034         -14.428          264.007
  212 (vir)          248.441           2.552          -1.122         -14.152          264.022
  213 (vir)          251.652           1.948          -1.998         -17.170          268.771
  214 (vir)          257.353           2.210          -1.325         -15.364          273.602
  215 (vir)          262.314           2.586          -1.061         -14.893          278.731
  216 (vir)          263.538          -0.537          -1.018         -14.772          276.754
  217 (vir)          263.885           1.573          -1.419         -15.962          280.002
  218 (vir)          265.651           1.681          -1.405         -15.696          281.623
  219 (vir)          269.726          -0.156          -0.960         -14.621          283.231
  220 (vir)          273.665           2.140          -1.467         -16.285          290.622
  221 (vir)          274.545           1.894          -1.338         -16.103          291.204
  222 (vir)          275.039           2.402          -1.032         -14.892          291.302
  223 (vir)          283.087           2.944          -3.963         -21.219          303.288
  224 (vir)          290.153           1.680          -1.142         -15.752          306.442
  225 (vir)          297.493           1.694          -1.362         -16.077          313.902
  226 (vir)          298.708           3.469          -1.221         -15.555          316.510
  227 (vir)          312.085           1.514          -1.358         -16.103          328.344
  228 (vir)          339.463           0.367          -1.560         -16.961          355.231
  229 (vir)          347.254           1.974          -2.393         -18.666          365.501
  230 (vir)          352.482           2.054          -2.538         -19.066          371.064
  231 (vir)          765.406           1.091         -12.816         -46.008          799.688
  232 (vir)          789.819           1.083         -12.453         -45.635          824.084
  233 (vir)         3995.483           0.567         -14.755         -94.547         4075.841
  234 (vir)         4020.538           0.568         -14.650         -94.449         4100.905
