 
  kpoint:     0.0000    0.0000    0.0000
 
    n          ϵ_nk^DFT (eV)     Σ^c_nk (eV)     Σ^x_nk (eV)     v_n^xc (eV)   ϵ_nk^G0W0 (eV)
 
    1 (occ)       -11540.716           3.177        -606.935        -374.542       -11769.932
    2 (occ)        -1447.066           3.143        -222.235        -136.070        -1530.088
    3 (occ)        -1294.204           4.677        -215.861        -144.100        -1361.287
    4 (occ)        -1294.204           4.677        -215.861        -144.100        -1361.287
    5 (occ)        -1294.163           4.707        -215.906        -144.114        -1361.249
    6 (occ)         -182.927          14.593         -94.611         -59.041         -203.905
    7 (occ)         -131.312           5.774         -86.137         -57.337         -154.338
    8 (occ)         -131.312           5.774         -86.137         -57.337         -154.338
    9 (occ)         -131.186           5.728         -86.225         -57.362         -154.322
   10 (occ)          -40.816           9.139         -67.849         -51.193          -48.332
   11 (occ)          -40.816           9.139         -67.849         -51.193          -48.332
   12 (occ)          -40.723           9.045         -67.903         -51.227          -48.354
   13 (occ)          -40.723           9.045         -67.903         -51.227          -48.354
   14 (occ)          -40.670           9.332         -67.932         -51.268          -48.002
   15 (occ)          -15.874           4.344         -21.677         -14.964          -18.243
   16 (occ)           -9.013           0.582         -17.066         -12.825          -12.672
   17 (occ)           -9.013           0.582         -17.066         -12.825          -12.672
   18 (occ)           -6.723           0.025         -15.811         -12.391          -10.118
   19 (vir)           -0.314          -1.428          -4.755          -8.809            2.312
   20 (vir)           -0.314          -1.428          -4.755          -8.809            2.312
   21 (vir)           -0.249          -1.056          -2.626          -5.891            1.960
   22 (vir)            2.663          -0.854          -1.609          -4.472            4.672
   23 (vir)            2.663          -0.854          -1.609          -4.472            4.672
   24 (vir)            3.148          -0.796          -1.906          -4.800            5.247
   25 (vir)            4.778          -1.944          -3.963          -8.753            7.623
   26 (vir)            4.907          -1.981          -3.756          -8.570            7.740
   27 (vir)            4.907          -1.981          -3.756          -8.570            7.740
   28 (vir)            6.017          -1.367          -2.455          -5.942            8.138
   29 (vir)            6.018          -1.367          -2.455          -5.942            8.138
   30 (vir)            6.558          -2.686          -4.024          -9.042            8.889
   31 (vir)            8.013          -1.649          -1.321          -4.844            9.887
   32 (vir)           10.560          -1.730          -1.791          -6.561           13.601
   33 (vir)           10.561          -1.730          -1.791          -6.561           13.601
   34 (vir)           13.950          -2.310          -1.781          -7.494           17.353
   35 (vir)           14.653          -3.409          -1.644          -7.191           16.791
   36 (vir)           14.653          -3.410          -1.644          -7.191           16.792
   37 (vir)           17.073          -1.640          -2.896          -8.473           21.010
   38 (vir)           17.074          -1.640          -2.896          -8.473           21.011
   39 (vir)           18.489          -2.851          -2.540          -8.274           21.372
   40 (vir)           19.501          -5.385          -1.823          -8.152           20.446
   41 (vir)           21.827          -3.826          -2.321          -8.178           23.857
   42 (vir)           22.409          -2.958          -1.545          -7.057           24.963
   43 (vir)           22.409          -2.958          -1.545          -7.058           24.964
   44 (vir)           24.241          -3.461          -2.286          -8.401           26.897
   45 (vir)           24.684          -3.253          -3.567         -10.156           28.020
   46 (vir)           24.684          -3.254          -3.567         -10.156           28.019
   47 (vir)           24.965          -2.420          -1.062          -7.142           28.625
   48 (vir)           26.232          -2.160          -2.876          -9.049           30.245
   49 (vir)           26.328          -1.896          -2.829          -9.337           30.940
   50 (vir)           26.328          -1.896          -2.829          -9.336           30.940
   51 (vir)           26.801          -3.273          -3.905         -11.242           30.865
   52 (vir)           26.801          -3.273          -3.906         -11.243           30.866
   53 (vir)           28.091          -3.542          -5.525         -13.340           32.363
   54 (vir)           28.996          -4.083          -3.062          -9.970           31.821
   55 (vir)           28.997          -4.082          -3.061          -9.969           31.822
   56 (vir)           30.442          -2.656          -1.685          -8.135           34.235
   57 (vir)           32.018          -1.957          -1.244          -7.764           36.581
   58 (vir)           32.018          -1.957          -1.244          -7.764           36.581
   59 (vir)           40.549          -1.442          -4.042         -12.036           47.101
   60 (vir)           40.550          -1.442          -4.042         -12.036           47.101
   61 (vir)           43.821          -0.808          -3.636         -11.261           50.639
   62 (vir)           48.615          -1.612          -2.267         -11.225           55.961
   63 (vir)           48.681          -1.236          -1.964         -10.679           56.161
   64 (vir)           48.682          -1.236          -1.964         -10.680           56.161
   65 (vir)           49.180          -0.567          -1.512          -9.863           56.964
   66 (vir)           49.181          -0.567          -1.512          -9.863           56.965
   67 (vir)           53.196          -0.306          -2.113         -10.970           61.747
   68 (vir)           56.649          -0.338          -2.071         -11.001           65.240
   69 (vir)           56.649          -0.338          -2.071         -11.000           65.240
   70 (vir)           57.297          -0.188          -1.806         -10.582           65.884
   71 (vir)           57.463          -0.009          -0.925          -8.854           65.383
   72 (vir)           58.581          -0.729          -3.002         -12.877           67.727
   73 (vir)           58.591          -0.257          -1.950         -10.897           67.281
   74 (vir)           58.592          -0.257          -1.951         -10.898           67.282
   75 (vir)           61.732          -0.434          -2.217         -11.095           70.177
   76 (vir)           61.732          -0.434          -2.217         -11.095           70.177
   77 (vir)           62.613          -0.538          -2.273         -11.687           71.488
   78 (vir)           62.694          -0.619          -2.241         -11.426           71.259
   79 (vir)           64.654          -0.702          -2.204         -11.520           73.268
   80 (vir)           64.654          -0.702          -2.204         -11.520           73.268
   81 (vir)           68.189           0.729          -1.200         -10.238           77.956
   82 (vir)           68.190           0.729          -1.200         -10.238           77.957
   83 (vir)           70.853          -0.286          -1.072          -9.618           79.114
   84 (vir)           71.100          -0.192          -1.688         -10.848           80.069
   85 (vir)           71.545           0.067          -1.335         -10.015           80.293
   86 (vir)           71.546           0.067          -1.335         -10.015           80.293
   87 (vir)           73.261           0.561          -1.053          -9.663           82.433
   88 (vir)           73.662           0.217          -1.444         -10.659           83.094
   89 (vir)           73.662           0.217          -1.444         -10.659           83.094
   90 (vir)           76.975          -0.804          -4.194         -14.281           86.259
   91 (vir)           76.976          -0.804          -4.194         -14.280           86.259
   92 (vir)           77.155          -0.703          -4.363         -14.643           86.733
   93 (vir)           82.606          -0.448          -2.753         -12.273           91.679
   94 (vir)           82.606          -0.448          -2.752         -12.273           91.679
   95 (vir)           83.834          -0.484          -3.533         -13.664           93.482
   96 (vir)           84.987          -0.416          -3.224         -13.019           94.366
   97 (vir)           85.457          -0.839          -4.539         -14.954           95.033
   98 (vir)           85.457          -0.839          -4.539         -14.954           95.033
   99 (vir)           93.109           0.011          -2.163         -12.194          103.151
  100 (vir)           93.110           0.011          -2.163         -12.194          103.151
  101 (vir)           93.757           0.534          -1.353         -11.132          104.070
  102 (vir)           98.706          -0.498          -5.208         -17.260          110.260
  103 (vir)           98.707          -0.498          -5.208         -17.260          110.261
  104 (vir)          100.624          -0.251          -4.789         -16.930          112.514
  105 (vir)          108.596          -1.959         -10.001         -24.510          121.145
  106 (vir)          108.885          -1.809          -9.653         -23.972          121.396
  107 (vir)          108.886          -1.809          -9.653         -23.972          121.396
  108 (vir)          111.999          -1.426          -8.359         -22.615          124.830
  109 (vir)          111.999          -1.426          -8.359         -22.615          124.830
  110 (vir)          149.467          -0.358          -8.367         -23.351          164.093
  111 (vir)          154.710           0.749          -0.711         -11.124          165.873
  112 (vir)          154.711           0.749          -0.711         -11.124          165.873
  113 (vir)          155.107           0.953          -0.678         -11.064          166.445
  114 (vir)          155.477           0.787          -0.740         -11.168          166.694
  115 (vir)          155.477           0.788          -0.740         -11.169          166.694
  116 (vir)          155.993           0.834          -0.793         -11.488          167.522
  117 (vir)          156.671           0.469          -1.415         -12.118          167.843
  118 (vir)          162.344           0.666          -0.748         -11.439          173.701
  119 (vir)          162.345           0.666          -0.748         -11.439          173.703
  120 (vir)          164.497           0.288          -3.159         -15.975          177.601
  121 (vir)          164.823           0.491          -1.198         -12.555          176.672
  122 (vir)          164.823           0.491          -1.198         -12.556          176.672
  123 (vir)          168.608           0.637          -0.909         -12.000          180.336
  124 (vir)          169.883           0.133          -3.075         -16.055          182.995
  125 (vir)          169.884           0.133          -3.075         -16.055          182.996
  126 (vir)          171.766           0.339          -1.388         -13.789          184.507
  127 (vir)          171.766           0.339          -1.388         -13.790          184.507
  128 (vir)          173.242           0.328          -1.651         -13.609          185.528
  129 (vir)          177.424           0.370          -1.078         -12.768          189.484
  130 (vir)          177.425           0.370          -1.078         -12.768          189.485
  131 (vir)          177.636           0.306          -1.096         -12.766          189.612
  132 (vir)          180.955           0.290          -1.399         -13.650          193.495
  133 (vir)          180.955           0.290          -1.400         -13.650          193.495
  134 (vir)          185.580          -0.023          -3.058         -16.310          198.808
  135 (vir)          207.231           0.386          -1.075         -14.162          220.704
  136 (vir)          207.387           0.433          -1.061         -14.118          220.877
  137 (vir)          207.388           0.433          -1.061         -14.118          220.878
  138 (vir)          209.943           0.564          -1.066         -14.173          223.615
  139 (vir)          209.944           0.565          -1.066         -14.173          223.616
  140 (vir)          210.135           0.568          -1.074         -14.194          223.824
  141 (vir)          212.800           0.297          -0.826         -13.142          225.413
  142 (vir)          212.800           0.297          -0.826         -13.142          225.414
  143 (vir)          218.492           0.263          -0.816         -13.137          231.076
  144 (vir)          218.946           1.340          -0.819         -13.127          232.594
  145 (vir)          218.946           1.340          -0.819         -13.127          232.594
  146 (vir)          219.245           0.358          -0.787         -12.964          231.779
  147 (vir)          227.726           0.576          -0.757         -12.878          240.424
  148 (vir)          227.857           0.474          -0.793         -12.955          240.493
  149 (vir)          227.858           0.474          -0.793         -12.955          240.494
  150 (vir)          231.698           0.822          -0.812         -13.021          244.728
  151 (vir)          234.399           0.857          -0.828         -13.050          247.480
  152 (vir)          234.400           0.857          -0.827         -13.050          247.480
  153 (vir)          237.334           0.841          -1.253         -13.948          250.869
  154 (vir)          237.887           0.569          -0.918         -13.431          250.970
  155 (vir)          237.887           0.569          -0.918         -13.431          250.970
  156 (vir)          244.879           0.457          -2.357         -16.632          259.611
  157 (vir)          245.151           0.546          -1.405         -15.279          259.570
  158 (vir)          245.151           0.546          -1.405         -15.279          259.570
  159 (vir)          319.473          -1.574         -22.005         -48.549          344.443
  160 (vir)          319.474          -1.575         -22.005         -48.549          344.443
  161 (vir)          319.937          -1.573         -22.024         -48.545          344.885
  162 (vir)          597.123           1.310         -24.871         -57.446          631.008
  163 (vir)         1964.449          -1.497         -38.969         -96.088         2020.071
  164 (vir)         6621.910          -1.471         -67.096        -174.121         6727.464
  165 (vir)        38830.858          -1.649        -120.040        -407.142        39116.312
