 
  kpoint:     0.0000    0.0000    0.0000
 
    n          ϵ_nk^DFT (eV)     Σ^c_nk (eV)     Σ^x_nk (eV)     v_n^xc (eV)   ϵ_nk^G0W0 (eV)
 
    1 (occ)         -511.921          -2.405        -132.586         -83.729         -563.182
    2 (occ)         -511.921          -2.369        -132.578         -83.729         -563.138
    3 (occ)          -28.199           4.498         -33.601         -21.557          -35.745
    4 (occ)          -22.645           5.901         -32.584         -21.917          -27.411
    5 (occ)          -13.010           1.131         -25.091         -19.453          -17.516
    6 (occ)          -12.336           2.988         -26.587         -19.056          -16.880
    7 (occ)          -10.390           2.238         -26.191         -19.569          -14.775
    8 (occ)           -7.803           2.333         -26.940         -20.031          -12.380
    9 (occ)           -6.390           2.361         -27.433         -20.494          -10.968
   10 (vir)           -1.560          -3.099         -12.081         -19.075            2.335
   11 (vir)           -0.170          -1.012          -2.654          -6.254            2.418
   12 (vir)            1.008          -1.253          -3.453          -7.311            3.613
   13 (vir)            5.341          -1.229          -2.532          -6.408            7.987
   14 (vir)            5.611          -0.944          -2.588          -6.297            8.376
   15 (vir)            6.203          -1.300          -2.369          -6.540            9.074
   16 (vir)            6.767          -1.678          -3.280          -8.011            9.820
   17 (vir)            7.358          -1.237          -2.703          -6.837           10.255
   18 (vir)            7.919          -0.837          -2.322          -6.048           10.808
   19 (vir)            8.694          -1.388          -2.263          -6.510           11.553
   20 (vir)            9.539          -1.535          -2.423          -6.572           12.154
   21 (vir)           12.531          -1.620          -2.268          -7.106           15.749
   22 (vir)           13.554          -1.707          -2.215          -7.161           16.792
   23 (vir)           15.466          -1.717          -1.834          -6.776           18.691
   24 (vir)           15.735          -1.918          -2.306          -7.324           18.834
   25 (vir)           18.416          -2.067          -2.880          -8.310           21.779
   26 (vir)           18.440          -1.743          -2.356          -7.452           21.793
   27 (vir)           23.131          -1.823          -1.796          -6.853           26.365
   28 (vir)           24.385          -2.186          -2.497          -8.124           27.827
   29 (vir)           25.282          -2.736          -3.483         -10.066           29.129
   30 (vir)           25.976          -1.806          -2.327          -8.154           29.997
   31 (vir)           29.174          -2.345          -3.134          -9.845           33.540
   32 (vir)           31.111          -3.292          -3.701         -11.160           35.278
   33 (vir)           31.493          -3.125          -3.419         -10.625           35.574
   34 (vir)           32.126          -3.009          -3.536         -10.653           36.234
   35 (vir)           33.238          -3.174          -3.411         -10.943           37.595
   36 (vir)           33.489          -2.768          -3.318         -10.474           37.877
   37 (vir)           34.655          -2.993          -4.066         -11.779           39.376
   38 (vir)           34.874          -3.293          -4.153         -12.065           39.493
   39 (vir)           34.944          -3.087          -3.863         -11.513           39.507
   40 (vir)           36.604          -3.642          -3.487         -11.476           40.950
   41 (vir)           39.535          -2.639          -2.854         -11.020           45.062
   42 (vir)           42.144          -3.329          -2.998         -11.164           46.981
   43 (vir)           43.453          -3.006          -4.224         -13.815           50.038
   44 (vir)           47.004          -4.095          -2.294          -9.683           50.297
   45 (vir)           47.103          -4.841          -2.755         -10.394           49.900
   46 (vir)           50.854          -1.536          -1.816          -9.501           57.003
   47 (vir)           53.266          -2.414          -1.817          -9.701           58.736
   48 (vir)           55.479          -1.709          -1.630          -9.475           61.615
   49 (vir)           56.835          -0.566          -1.542          -9.441           64.168
   50 (vir)           57.384          -2.937          -1.630          -9.704           62.520
   51 (vir)           60.459          -6.304          -2.250         -10.746           62.650
   52 (vir)           60.656          -2.482          -1.348          -9.218           66.043
   53 (vir)           64.201          -6.863          -1.739          -9.786           65.385
   54 (vir)           65.494          -5.108          -1.674         -10.011           68.723
   55 (vir)           67.162          -1.642          -1.759          -9.643           73.405
   56 (vir)           67.714          -1.749          -1.570          -9.877           74.272
   57 (vir)           70.258          -6.493          -1.738          -9.885           71.912
   58 (vir)           71.920          -2.009          -1.573          -9.613           77.952
   59 (vir)           72.089          -1.329          -1.838         -10.106           79.028
   60 (vir)           73.897           2.733          -2.881         -11.956           85.705
   61 (vir)           79.041          -2.213          -2.689         -12.441           86.579
   62 (vir)           79.292          -0.380          -3.000         -12.586           88.497
   63 (vir)           80.284          -3.223          -3.227         -14.079           87.913
   64 (vir)           81.844          -7.283          -3.549         -14.760           85.771
   65 (vir)           82.911          -6.498          -4.589         -15.732           87.557
   66 (vir)           84.530          -1.102          -4.138         -15.728           95.018
   67 (vir)           88.101          -2.285          -3.169         -14.408           97.055
   68 (vir)           92.317          -4.943          -3.123         -14.463           98.714
   69 (vir)           95.408          -5.354          -3.386         -14.999          101.667
   70 (vir)          100.576          -5.355          -4.010         -16.142          107.354
   71 (vir)          100.600          -5.683          -4.213         -16.489          107.192
   72 (vir)          102.742          -7.884          -3.394         -15.533          106.997
   73 (vir)          104.345          -4.719          -2.960         -14.651          111.317
   74 (vir)          104.891          -5.468          -4.865         -18.052          112.611
   75 (vir)          107.096          -7.342          -4.484         -17.689          112.960
   76 (vir)          109.160          -4.633          -4.328         -17.488          117.687
   77 (vir)          110.445          -4.191          -4.753         -18.130          119.630
   78 (vir)          110.580          -6.019          -3.838         -16.359          117.082
   79 (vir)          111.867         -15.983          -3.146         -15.151          107.889
   80 (vir)          113.919          -6.194          -3.987         -16.727          120.464
   81 (vir)          114.486           6.797          -3.695         -16.063          133.651
   82 (vir)          115.685           7.612          -3.811         -16.111          135.597
   83 (vir)          116.486          -2.966          -4.428         -17.858          126.951
   84 (vir)          118.078           0.860          -4.690         -18.961          133.208
   85 (vir)          122.003         -10.384          -3.282         -16.191          124.528
   86 (vir)          122.200          -2.307          -3.064         -15.558          132.386
   87 (vir)          122.278          -9.636          -2.751         -15.283          125.174
   88 (vir)          129.218           0.204          -3.606         -16.809          142.625
   89 (vir)          136.839         -13.226          -6.643         -22.649          139.619
   90 (vir)          136.936         -12.031          -6.626         -22.626          140.906
   91 (vir)          141.479           2.158          -3.392         -17.211          157.456
   92 (vir)          148.338           4.419          -3.623         -18.029          167.162
   93 (vir)          149.607          -2.490          -4.199         -18.967          161.886
   94 (vir)          156.638           2.657          -1.031         -11.587          169.851
   95 (vir)          157.100           2.720          -0.916         -11.291          170.195
   96 (vir)          159.472           4.315          -1.792         -13.411          175.406
   97 (vir)          161.773           0.796          -1.241         -12.230          173.557
   98 (vir)          162.952           7.799          -4.491         -20.060          186.320
   99 (vir)          173.405          -8.546          -1.361         -13.089          176.587
  100 (vir)          175.358           5.136          -1.386         -13.415          192.523
  101 (vir)          179.668          -5.041          -1.710         -14.204          187.121
  102 (vir)          180.583           8.328          -1.516         -13.816          201.212
  103 (vir)          190.612           3.590          -1.956         -14.928          207.173
  104 (vir)          191.026           2.666          -1.622         -14.000          206.069
  105 (vir)          192.088           3.902          -1.527         -14.266          208.729
  106 (vir)          192.417           3.726          -1.475         -14.088          208.756
  107 (vir)          194.931           5.516          -2.899         -17.148          214.696
  108 (vir)          196.805           3.179          -2.170         -15.434          213.248
  109 (vir)          197.422           5.603          -2.943         -17.065          217.146
  110 (vir)          199.083           2.888          -1.197         -12.707          213.481
  111 (vir)          204.436           3.059          -1.153         -12.835          219.177
  112 (vir)          206.367           3.058          -1.178         -13.303          221.550
  113 (vir)          206.502           3.215          -1.327         -13.627          222.017
  114 (vir)          209.868           3.726          -1.324         -13.995          226.266
  115 (vir)          211.446           2.962          -1.088         -13.501          226.821
  116 (vir)          214.422           3.046          -0.994         -13.087          229.561
  117 (vir)          216.766          -0.168          -0.980         -13.011          228.630
  118 (vir)          222.905           0.229          -1.525         -15.024          236.633
  119 (vir)          226.063           2.732          -2.112         -16.303          242.986
  120 (vir)          226.468           2.148          -2.218         -17.011          243.409
  121 (vir)          229.419           2.039          -2.114         -17.483          246.828
  122 (vir)          231.394           2.011          -1.818         -16.185          247.771
  123 (vir)          232.033           3.007          -1.877         -16.543          249.706
  124 (vir)          232.814           1.781          -1.868         -16.212          248.938
  125 (vir)          233.856           1.643          -1.947         -16.776          250.328
  126 (vir)          236.093           3.548          -2.316         -18.052          255.376
  127 (vir)          239.403           1.632          -1.908         -16.841          255.969
  128 (vir)          243.466           2.929          -2.337         -18.736          262.795
  129 (vir)          244.779           2.114          -2.373         -18.793          263.313
  130 (vir)          255.534           2.946          -2.412         -19.322          275.390
  131 (vir)          256.251           2.419          -2.406         -19.256          275.520
  132 (vir)          259.318           4.174          -2.382         -19.319          280.430
  133 (vir)          271.533           2.636          -2.112         -18.626          290.684
  134 (vir)          273.962           2.811          -2.165         -18.709          293.317
  135 (vir)          274.119           3.720          -2.195         -18.875          294.519
  136 (vir)          276.743           2.086          -2.727         -19.859          295.960
  137 (vir)          278.944           2.682          -2.946         -20.397          299.077
  138 (vir)          285.244           6.085          -2.625         -20.102          308.806
  139 (vir)          288.798           5.889          -2.980         -21.070          312.777
  140 (vir)          288.919           8.830          -2.868         -20.780          315.661
  141 (vir)          294.026           5.955          -2.902         -21.163          318.243
  142 (vir)          296.951           5.621          -3.159         -22.170          321.583
  143 (vir)          299.118           5.786          -2.673         -20.782          323.012
  144 (vir)          299.621           6.302          -3.401         -22.746          325.269
  145 (vir)          301.378           5.817          -3.339         -22.804          326.660
  146 (vir)          303.348           3.171          -3.246         -22.154          325.427
  147 (vir)          304.048           1.858          -3.089         -22.036          324.852
  148 (vir)          305.175           8.056          -2.904         -21.610          331.937
  149 (vir)          306.961           7.017          -3.164         -22.294          333.107
  150 (vir)          310.152           3.157          -3.666         -23.481          333.123
  151 (vir)          313.589           3.507          -3.567         -23.409          336.937
  152 (vir)          314.094           2.055          -3.863         -23.224          335.510
  153 (vir)          316.154           1.050          -4.135         -23.796          336.864
  154 (vir)          317.622           4.338          -3.195         -22.491          341.257
  155 (vir)          321.464           1.174          -3.716         -23.948          342.869
  156 (vir)          322.394           4.032          -3.114         -22.509          345.821
  157 (vir)          327.921          -0.835          -4.698         -25.274          347.663
  158 (vir)          328.676           2.669          -4.446         -25.104          352.003
  159 (vir)          333.332           1.898          -4.602         -24.823          355.451
  160 (vir)          338.553           2.637          -4.563         -24.930          361.557
  161 (vir)          343.523           2.419          -3.316         -23.254          365.880
  162 (vir)          359.551           0.897          -3.439         -23.822          380.831
  163 (vir)          372.393           2.955          -5.451         -26.151          396.048
  164 (vir)          373.664           2.056          -3.073         -22.660          395.307
  165 (vir)          374.224           2.436          -3.238         -22.966          396.389
  166 (vir)          375.265           3.032          -5.763         -26.878          399.412
  167 (vir)          376.258           1.716          -2.936         -22.331          397.369
  168 (vir)          382.075           3.455          -4.573         -24.982          405.940
  169 (vir)          449.026           2.355          -4.224         -24.512          471.668
  170 (vir)          449.288           2.533          -3.892         -23.970          471.899
  171 (vir)         1289.571           0.950         -18.102         -62.229         1334.648
  172 (vir)         1303.570           0.954         -17.961         -62.136         1348.699
  173 (vir)         6854.590           0.157         -20.665        -126.388         6960.469
  174 (vir)         6871.691           0.156         -20.611        -126.347         6977.583
