 
  kpoint:     0.0000    0.0000    0.0000
 
    n          ϵ_nk^DFT (eV)     Σ^c_nk (eV)     Σ^x_nk (eV)     v_n^xc (eV)   ϵ_nk^G0W0 (eV)
 
    1 (occ)       -31648.794          -1.799        -996.680        -611.921       -32035.352
    2 (occ)       -31648.794          -1.799        -996.680        -611.921       -32035.352
    3 (occ)       -31648.794          -1.799        -996.680        -611.921       -32035.352
    4 (occ)        -4768.271         -12.353        -393.049        -237.888        -4935.785
    5 (occ)        -4768.271         -12.353        -393.049        -237.888        -4935.785
    6 (occ)        -4768.271         -12.353        -393.049        -237.888        -4935.785
    7 (occ)        -4481.039         -25.144        -387.949        -252.475        -4641.656
    8 (occ)        -4481.039         -25.144        -387.949        -252.475        -4641.656
    9 (occ)        -4481.039         -25.144        -387.949        -252.475        -4641.656
   10 (occ)        -4481.015         -25.211        -387.976        -252.483        -4641.719
   11 (occ)        -4481.015         -25.211        -387.976        -252.483        -4641.719
   12 (occ)        -4481.015         -25.211        -387.976        -252.483        -4641.719
   13 (occ)        -4481.008         -25.223        -387.982        -252.485        -4641.728
   14 (occ)        -4481.008         -25.223        -387.982        -252.485        -4641.728
   15 (occ)        -4481.008         -25.223        -387.982        -252.485        -4641.728
   16 (occ)        -1509.067          -6.573        -224.757        -140.683        -1599.714
   17 (occ)         -959.794          -6.502        -184.312        -113.117        -1037.490
   18 (occ)         -959.794          -6.500        -184.312        -113.117        -1037.489
   19 (occ)         -959.794          -6.499        -184.312        -113.117        -1037.488
   20 (occ)         -839.015         -19.729        -176.393        -115.196         -919.942
   21 (occ)         -839.015         -19.724        -176.393        -115.196         -919.936
   22 (occ)         -839.015         -19.720        -176.393        -115.196         -919.932
   23 (occ)         -838.955         -19.718        -176.421        -115.206         -919.888
   24 (occ)         -838.955         -19.709        -176.421        -115.206         -919.879
   25 (occ)         -838.955         -19.707        -176.421        -115.206         -919.877
   26 (occ)         -838.940         -19.724        -176.432        -115.207         -919.890
   27 (occ)         -838.940         -19.729        -176.433        -115.208         -919.894
   28 (occ)         -838.940         -19.723        -176.433        -115.208         -919.889
   29 (occ)         -614.479          26.606        -163.647        -118.311         -633.208
   30 (occ)         -614.479          26.655        -163.647        -118.311         -633.160
   31 (occ)         -614.479          26.654        -163.647        -118.311         -633.160
   32 (occ)         -614.468          26.648        -163.648        -118.312         -633.156
   33 (occ)         -614.468          26.696        -163.648        -118.312         -633.108
   34 (occ)         -614.468          26.696        -163.648        -118.312         -633.108
   35 (occ)         -614.458          26.667        -163.651        -118.314         -633.128
   36 (occ)         -614.458          26.716        -163.651        -118.314         -633.080
   37 (occ)         -614.458          26.716        -163.651        -118.314         -633.080
   38 (occ)         -614.419          26.741        -163.659        -118.320         -633.018
   39 (occ)         -614.419          26.789        -163.659        -118.320         -632.970
   40 (occ)         -614.419          26.788        -163.659        -118.320         -632.970
   41 (occ)         -614.418          26.740        -163.660        -118.320         -633.018
   42 (occ)         -614.418          26.788        -163.660        -118.320         -632.970
   43 (occ)         -614.418          26.788        -163.660        -118.320         -632.970
   44 (occ)         -166.516          23.465         -81.532         -51.978         -172.605
   45 (occ)         -166.516          23.486         -81.532         -51.978         -172.584
   46 (occ)         -166.516          23.443         -81.532         -51.978         -172.627
   47 (occ)         -124.366          15.558         -73.421         -49.827         -132.402
   48 (occ)         -124.366          15.570         -73.421         -49.827         -132.391
   49 (occ)         -124.366          15.571         -73.421         -49.827         -132.389
   50 (occ)         -124.234          15.616         -73.505         -49.849         -132.274
   51 (occ)         -124.234          15.632         -73.505         -49.849         -132.258
   52 (occ)         -124.234          15.631         -73.505         -49.849         -132.259
   53 (occ)         -124.200          15.700         -73.524         -49.855         -132.170
   54 (occ)         -124.200          15.719         -73.524         -49.855         -132.152
   55 (occ)         -124.200          15.726         -73.524         -49.854         -132.145
   56 (occ)         -109.029          11.813         -68.371         -42.730         -122.857
   57 (occ)          -71.074           7.779         -60.050         -42.175          -81.170
   58 (occ)          -70.940           7.825         -60.215         -42.231          -81.098
   59 (occ)          -70.940           7.825         -60.215         -42.231          -81.098
   60 (occ)          -52.389           5.300         -55.527         -43.473          -59.144
   61 (occ)          -52.389           5.220         -55.530         -43.475          -59.224
   62 (occ)          -52.389           5.221         -55.530         -43.475          -59.224
   63 (occ)          -52.346           5.302         -55.547         -43.494          -59.096
   64 (occ)          -52.346           5.251         -55.548         -43.494          -59.148
   65 (occ)          -52.346           5.247         -55.548         -43.494          -59.152
   66 (occ)          -52.320           5.240         -55.555         -43.499          -59.135
   67 (occ)          -52.320           5.241         -55.555         -43.499          -59.134
   68 (occ)          -52.320           5.177         -55.557         -43.500          -59.199
   69 (occ)          -52.209           5.246         -55.600         -43.529          -59.033
   70 (occ)          -52.209           5.247         -55.600         -43.529          -59.032
   71 (occ)          -52.208           5.223         -55.601         -43.529          -59.057
   72 (occ)          -52.207           5.264         -55.600         -43.529          -59.014
   73 (occ)          -52.207           5.242         -55.601         -43.530          -59.036
   74 (occ)          -52.207           5.240         -55.601         -43.530          -59.038
   75 (occ)          -16.718           4.830         -22.609         -15.815          -18.682
   76 (occ)          -16.199           4.732         -23.063         -16.488          -18.043
   77 (occ)          -16.199           4.730         -23.063         -16.488          -18.044
   78 (occ)          -10.480           1.324         -17.166         -13.337          -12.985
   79 (occ)           -8.565           0.750         -16.895         -13.619          -11.091
   80 (occ)           -8.565           0.750         -16.895         -13.619          -11.091
   81 (occ)           -7.696           0.841         -15.684         -12.297          -10.242
   82 (occ)           -7.201           0.707         -16.593         -13.284           -9.803
   83 (occ)           -7.201           0.708         -16.593         -13.284           -9.802
   84 (occ)           -7.108           0.683         -16.505         -13.278           -9.653
   85 (occ)           -7.108           0.683         -16.505         -13.278           -9.653
   86 (occ)           -6.702           0.600         -16.965         -13.737           -9.330
   87 (vir)           -2.663          -2.176          -5.569          -9.605           -0.803
   88 (vir)           -2.623          -2.271          -7.642         -11.920           -0.616
   89 (vir)           -0.295          -2.236          -5.463          -9.777            1.783
   90 (vir)           -0.295          -2.236          -5.463          -9.778            1.783
   91 (vir)            0.008          -1.364          -2.237          -5.272            1.679
   92 (vir)            0.869          -1.041          -1.845          -4.539            2.523
   93 (vir)            0.869          -1.041          -1.845          -4.539            2.523
   94 (vir)            1.212          -0.804          -0.948          -3.096            2.555
   95 (vir)            1.397          -2.031          -3.475          -7.571            3.462
   96 (vir)            1.397          -2.031          -3.475          -7.571            3.462
   97 (vir)            1.578          -1.592          -2.213          -5.570            3.343
   98 (vir)            1.978          -1.712          -3.304          -6.947            3.909
   99 (vir)            1.978          -1.709          -3.305          -6.948            3.913
  100 (vir)            3.695          -2.000          -3.517          -7.434            5.611
  101 (vir)            3.923          -1.816          -3.235          -7.122            5.994
  102 (vir)            3.923          -1.815          -3.235          -7.122            5.994
  103 (vir)            4.148          -1.948          -3.493          -7.509            6.215
  104 (vir)            4.240          -1.878          -3.530          -7.488            6.320
  105 (vir)            4.241          -1.876          -3.530          -7.488            6.323
  106 (vir)            4.895          -2.537          -4.525          -9.303            7.135
  107 (vir)            4.895          -2.537          -4.526          -9.303            7.136
  108 (vir)            5.333          -2.163          -2.905          -6.909            7.174
  109 (vir)            5.749          -2.588          -4.659          -9.547            8.050
  110 (vir)            5.749          -2.588          -4.659          -9.547            8.050
  111 (vir)            5.882          -2.852          -5.610         -10.901            8.320
  112 (vir)            7.642          -2.734          -3.915          -8.745            9.738
  113 (vir)            7.759          -2.776          -3.373          -8.211            9.821
  114 (vir)            7.760          -2.783          -3.374          -8.212            9.816
  115 (vir)            7.839          -3.110          -4.490          -9.751            9.991
  116 (vir)            7.840          -3.106          -4.489          -9.750            9.995
  117 (vir)            8.177          -2.850          -4.707          -9.891           10.511
  118 (vir)            8.460          -3.103          -3.745          -8.889           10.502
  119 (vir)            8.561          -3.698          -3.543          -9.120           10.439
  120 (vir)            9.558          -2.772          -2.456          -8.295           12.626
  121 (vir)            9.558          -3.340          -2.456          -8.295           12.058
  122 (vir)            9.826          -2.841          -2.648          -7.543           11.880
  123 (vir)            9.827          -2.841          -2.648          -7.544           11.881
  124 (vir)           10.165          -3.247          -3.746          -9.033           12.205
  125 (vir)           10.165          -3.247          -3.746          -9.033           12.205
  126 (vir)           10.304          -2.945          -2.729          -7.621           12.252
  127 (vir)           10.701          -3.454          -3.213          -8.771           12.806
  128 (vir)           10.702          -3.458          -3.213          -8.772           12.803
  129 (vir)           11.077          -2.824          -2.009          -6.568           12.812
  130 (vir)           11.135          -3.225          -2.928          -8.217           13.199
  131 (vir)           12.806          -3.972          -3.956         -10.494           15.372
  132 (vir)           12.806          -3.979          -3.956         -10.494           15.365
  133 (vir)           13.296          -3.959          -3.950         -10.260           15.646
  134 (vir)           13.296          -3.958          -3.951         -10.260           15.648
  135 (vir)           13.341          -3.975          -3.687         -10.200           15.879
  136 (vir)           13.484          -4.028          -3.869         -10.469           16.056
  137 (vir)           13.484          -4.032          -3.869         -10.469           16.052
  138 (vir)           14.041          -3.860          -4.333         -10.864           16.712
  139 (vir)           14.254          -4.827          -4.776         -12.328           16.978
  140 (vir)           14.367          -4.847          -4.849         -12.489           17.160
  141 (vir)           14.560          -4.989          -5.163         -12.926           17.334
  142 (vir)           14.583          -4.658          -4.692         -12.114           17.347
  143 (vir)           14.583          -4.659          -4.692         -12.114           17.346
  144 (vir)           15.136          -4.640          -4.518         -11.278           17.257
  145 (vir)           15.137          -4.634          -4.518         -11.278           17.262
  146 (vir)           15.849          -4.592          -5.116         -12.950           19.092
  147 (vir)           16.482          -4.032          -5.345         -12.648           19.753
  148 (vir)           16.484          -4.018          -5.345         -12.648           19.769
  149 (vir)           17.686          -3.879          -4.563         -11.553           20.797
  150 (vir)           18.479          -4.977          -5.609         -13.912           21.805
  151 (vir)           18.479          -4.977          -5.609         -13.912           21.805
  152 (vir)           19.086          -3.388          -4.283         -10.931           22.345
  153 (vir)           19.473          -4.933          -6.033         -14.304           22.811
  154 (vir)           19.473          -4.935          -6.033         -14.302           22.808
  155 (vir)           19.810          -3.510          -3.802         -10.554           23.052
  156 (vir)           19.812          -3.491          -3.802         -10.554           23.074
  157 (vir)           20.308          -4.617          -6.423         -14.636           23.903
  158 (vir)           21.856          -3.695          -5.007         -12.414           25.567
  159 (vir)           21.856          -3.698          -5.007         -12.414           25.565
  160 (vir)           23.474          -4.215          -6.453         -14.923           27.729
  161 (vir)           23.474          -4.215          -6.453         -14.923           27.730
  162 (vir)           25.507          -2.517          -4.888         -11.981           30.083
  163 (vir)           25.767          -3.618          -5.332         -13.140           29.957
  164 (vir)           30.028          -3.290          -7.549         -16.503           35.691
  165 (vir)           30.028          -3.288          -7.549         -16.503           35.694
  166 (vir)           30.034          -3.680          -9.605         -19.401           36.150
  167 (vir)           30.087          -3.869          -9.087         -18.859           35.990
  168 (vir)           30.087          -3.858          -9.088         -18.860           36.001
  169 (vir)           30.255          -3.947         -10.742         -21.099           36.665
  170 (vir)           30.259          -3.929          -9.378         -19.310           36.263
  171 (vir)           30.259          -3.926          -9.378         -19.310           36.266
  172 (vir)           30.337          -3.804          -9.830         -19.796           36.500
  173 (vir)           30.337          -3.794          -9.829         -19.796           36.510
  174 (vir)           30.606          -4.064         -10.950         -21.458           37.049
  175 (vir)           30.688          -3.573          -8.833         -18.408           36.690
  176 (vir)           30.688          -3.551          -8.833         -18.408           36.712
  177 (vir)           30.699          -4.075         -10.131         -20.275           36.769
  178 (vir)           30.856          -3.732          -8.604         -18.116           36.637
  179 (vir)           31.026          -3.728          -8.212         -17.773           36.860
  180 (vir)           31.026          -3.727          -8.212         -17.773           36.860
  181 (vir)           31.081          -4.143         -10.820         -21.310           37.429
  182 (vir)           31.713          -3.497          -9.832         -19.833           38.217
  183 (vir)           31.713          -3.485          -9.832         -19.833           38.229
  184 (vir)           32.199          -3.432          -7.851         -17.201           38.117
  185 (vir)           32.200          -3.146          -8.518         -18.116           38.651
  186 (vir)           32.200          -3.141          -8.518         -18.116           38.656
  187 (vir)           33.025          -2.800          -7.018         -15.749           38.957
  188 (vir)           33.631          -1.904          -5.811         -14.644           40.559
  189 (vir)           33.631          -1.872          -5.811         -14.644           40.591
  190 (vir)           33.643          -2.283          -5.219         -13.476           39.616
  191 (vir)           33.643          -2.281          -5.219         -13.476           39.618
  192 (vir)           34.411          -2.337          -4.849         -13.262           40.487
  193 (vir)           36.242          -1.790          -4.864         -13.610           43.198
  194 (vir)           36.242          -1.783          -4.863         -13.610           43.205
  195 (vir)           36.771          -2.694          -7.960         -17.453           43.570
  196 (vir)           36.774          -2.662          -5.050         -13.362           42.424
  197 (vir)           36.915          -1.913          -5.440         -14.094           43.656
  198 (vir)           36.915          -1.925          -5.439         -14.093           43.645
  199 (vir)           37.587          -0.382          -1.947         -10.658           45.915
  200 (vir)           38.297          -2.325          -5.455         -14.141           44.658
  201 (vir)           38.298          -2.333          -5.457         -14.144           44.652
  202 (vir)           38.550          -1.472          -3.495         -11.802           45.385
  203 (vir)           38.550          -1.475          -3.495         -11.802           45.382
  204 (vir)           38.722          -1.270          -1.469          -9.308           45.291
  205 (vir)           38.866          -1.574          -6.071         -14.975           46.196
  206 (vir)           39.219          -0.310          -1.718         -10.248           47.438
  207 (vir)           39.220          -1.943          -5.599         -14.457           46.136
  208 (vir)           40.672          -1.786          -4.852         -13.745           47.779
  209 (vir)           40.672          -1.785          -4.852         -13.745           47.780
  210 (vir)           40.803          -2.181          -5.411         -13.982           47.193
  211 (vir)           40.805          -2.215          -5.406         -13.974           47.159
  212 (vir)           41.569          -2.449          -3.897         -12.170           47.393
  213 (vir)           42.015          -2.032          -4.002         -12.521           48.503
  214 (vir)           42.018          -2.069          -4.004         -12.525           48.470
  215 (vir)           43.634          -1.297          -3.087         -11.839           51.090
  216 (vir)           43.635          -1.317          -3.088         -11.840           51.069
  217 (vir)           43.638          -1.557          -6.032         -15.581           51.629
  218 (vir)           43.638          -1.555          -6.032         -15.581           51.631
  219 (vir)           43.906          -1.374          -6.054         -15.725           52.203
  220 (vir)           44.855          -0.385          -3.924         -13.470           54.017
  221 (vir)           46.020          -1.805          -4.723         -13.728           53.221
  222 (vir)           46.138          -1.493          -5.116         -14.551           54.079
  223 (vir)           46.138          -1.498          -5.116         -14.551           54.074
  224 (vir)           46.363          -0.413          -2.254         -10.903           54.599
  225 (vir)           46.363          -0.408          -2.254         -10.903           54.605
  226 (vir)           46.438          -0.965          -1.945         -10.066           53.593
  227 (vir)           46.714          -1.532          -4.584         -13.883           54.481
  228 (vir)           46.714          -1.527          -4.583         -13.883           54.487
  229 (vir)           47.074           0.238          -2.124         -11.713           56.900
  230 (vir)           47.100           0.097          -2.377         -11.962           56.782
  231 (vir)           47.119           0.203          -2.235         -11.787           56.873
  232 (vir)           47.119           0.200          -2.235         -11.787           56.870
  233 (vir)           47.358           0.127          -2.227         -11.483           56.741
  234 (vir)           47.359           0.129          -2.227         -11.483           56.743
  235 (vir)           47.906          -0.036          -2.615         -12.176           57.431
  236 (vir)           47.906          -0.033          -2.615         -12.176           57.435
  237 (vir)           49.056          -0.667          -3.255         -12.714           57.847
  238 (vir)           49.056          -0.681          -3.255         -12.713           57.833
  239 (vir)           49.495          -0.699          -4.539         -14.098           58.355
  240 (vir)           50.557          -2.130          -4.224         -13.718           57.921
  241 (vir)           51.386          -0.709          -3.120         -12.458           60.014
  242 (vir)           53.064           0.051          -2.410         -11.987           62.692
  243 (vir)           53.064           0.018          -2.410         -11.987           62.659
  244 (vir)           54.402          -1.326          -3.098         -12.061           62.039
  245 (vir)           54.603          -0.201          -2.527         -11.893           63.769
  246 (vir)           54.603          -0.238          -2.527         -11.893           63.732
  247 (vir)           56.516          -1.333          -4.518         -14.832           65.497
  248 (vir)           56.516          -1.336          -4.518         -14.832           65.493
  249 (vir)           57.044          -1.478          -4.055         -14.125           65.636
  250 (vir)           59.126          -1.634          -4.359         -14.447           67.580
  251 (vir)           61.629           0.610          -1.482         -10.798           71.555
  252 (vir)           62.552          -2.157          -6.241         -17.442           71.596
  253 (vir)           62.553          -2.159          -6.241         -17.442           71.595
  254 (vir)           65.113          -1.539          -5.831         -15.906           73.649
  255 (vir)           66.839          -1.052          -2.865         -13.105           76.027
  256 (vir)           67.347          -0.735          -1.973         -11.361           76.000
  257 (vir)           67.347          -0.734          -1.973         -11.361           76.002
  258 (vir)           70.060          -1.218          -2.574         -12.598           78.866
  259 (vir)           72.500          -1.426          -2.637         -12.664           81.101
  260 (vir)           72.500          -1.396          -2.637         -12.664           81.131
  261 (vir)           77.762          -1.583          -6.589         -18.246           87.836
  262 (vir)           77.764          -1.593          -6.590         -18.247           87.828
  263 (vir)           82.656          -3.266         -13.757         -29.876           95.509
  264 (vir)           82.656          -3.268         -13.757         -29.876           95.508
  265 (vir)           82.795          -3.281         -13.701         -29.794           95.606
  266 (vir)           82.795          -3.290         -13.701         -29.794           95.597
  267 (vir)           82.803          -3.371         -13.694         -29.782           95.520
  268 (vir)           82.961          -3.276         -13.661         -29.770           95.794
  269 (vir)           83.020          -3.114         -13.617         -29.683           95.971
  270 (vir)           84.510          -3.321         -13.124         -29.059           97.124
  271 (vir)           84.510          -3.314         -13.124         -29.059           97.131
  272 (vir)           84.652          -3.281         -13.151         -29.111           97.331
  273 (vir)           84.652          -3.283         -13.151         -29.111           97.329
  274 (vir)           84.918          -2.968         -13.129         -29.076           97.898
  275 (vir)           85.079          -3.332         -13.048         -29.017           97.717
  276 (vir)           85.106          -3.343         -13.055         -28.974           97.682
  277 (vir)           85.106          -3.342         -13.055         -28.974           97.683
  278 (vir)           85.949          -3.781         -12.591         -28.261           97.838
  279 (vir)           86.177          -3.143         -12.707         -28.534           98.861
  280 (vir)           86.177          -3.154         -12.707         -28.534           98.850
  281 (vir)           87.729          -3.029         -11.600         -26.780           99.880
  282 (vir)           92.150          -2.956         -10.229         -25.099          104.063
  283 (vir)           92.152          -3.016         -10.228         -25.097          104.005
  284 (vir)           96.416          -0.342          -7.565         -19.970          108.478
  285 (vir)          113.934          -0.890          -8.778         -22.746          127.011
  286 (vir)          113.934          -0.890          -8.778         -22.746          127.012
  287 (vir)          120.965          -0.744          -8.292         -22.228          134.156
  288 (vir)          121.899          -1.142          -8.447         -22.681          134.991
  289 (vir)          121.899          -1.139          -8.447         -22.681          134.995
  290 (vir)          139.848          -3.948         -16.913         -34.926          153.913
  291 (vir)          139.848          -3.953         -16.913         -34.926          153.908
  292 (vir)          140.345          -5.612         -16.969         -35.001          152.766
  293 (vir)          140.585          -2.788         -16.747         -34.772          155.822
  294 (vir)          140.585          -2.757         -16.747         -34.772          155.853
  295 (vir)          143.084          -2.666         -16.124         -34.222          158.516
  296 (vir)          143.287          -1.841         -14.324         -32.596          159.719
  297 (vir)          144.069          -2.372         -14.546         -32.778          159.929
  298 (vir)          144.069          -2.410         -14.546         -32.778          159.892
  299 (vir)          145.053          -1.542         -14.219         -32.472          161.764
  300 (vir)          145.053          -1.542         -14.219         -32.472          161.764
  301 (vir)          145.056          -2.599         -14.490         -32.711          160.678
  302 (vir)          146.707          -2.307         -14.862         -33.056          162.593
  303 (vir)          146.935          -2.929         -15.082         -33.277          162.200
  304 (vir)          146.936          -2.972         -15.082         -33.277          162.158
  305 (vir)          149.174          -2.042         -14.041         -32.314          165.405
  306 (vir)          149.174          -2.048         -14.041         -32.314          165.399
  307 (vir)          149.560          -2.182         -14.012         -32.303          165.669
  308 (vir)          152.318          -1.867         -14.007         -32.267          168.712
  309 (vir)          152.318          -1.920         -14.007         -32.267          168.659
  310 (vir)          153.645          -2.501         -14.516         -32.787          169.415
  311 (vir)          159.534          -2.332         -14.749         -33.161          175.615
  312 (vir)          159.535          -2.293         -14.749         -33.161          175.655
  313 (vir)          159.989          -1.702         -14.991         -33.395          176.692
  314 (vir)          189.766          -4.438         -16.133         -35.079          204.274
  315 (vir)          189.766          -4.494         -16.133         -35.079          204.218
  316 (vir)          196.175          -0.886         -16.063         -34.989          214.215
  317 (vir)          199.874          -0.594         -13.358         -33.861          219.783
  318 (vir)          226.403           1.708         -13.513         -34.720          249.319
  319 (vir)          226.404           1.684         -13.513         -34.720          249.296
  320 (vir)          301.360          12.145         -16.917         -44.785          341.373
  321 (vir)          301.360          12.103         -16.917         -44.785          341.330
  322 (vir)          301.429          12.132         -16.914         -44.780          341.427
  323 (vir)          301.434          12.122         -16.914         -44.780          341.422
  324 (vir)          301.434          12.160         -16.914         -44.780          341.460
  325 (vir)          301.499          12.138         -16.909         -44.773          341.501
  326 (vir)          301.535          11.792         -16.907         -44.767          341.186
  327 (vir)          302.244          11.926         -16.866         -44.711          342.014
  328 (vir)          302.244          11.969         -16.866         -44.711          342.058
  329 (vir)          302.416          11.926         -16.858         -44.701          342.185
  330 (vir)          302.416          11.921         -16.858         -44.701          342.180
  331 (vir)          302.651          11.965         -16.843         -44.686          342.459
  332 (vir)          302.715          11.984         -16.844         -44.681          342.536
  333 (vir)          302.715          11.992         -16.844         -44.681          342.544
  334 (vir)          302.838          12.148         -16.846         -44.684          342.824
  335 (vir)          302.964          11.253         -16.829         -44.648          342.037
  336 (vir)          303.204          11.991         -16.819         -44.647          343.022
  337 (vir)          303.204          12.044         -16.819         -44.647          343.075
  338 (vir)          303.588          11.061         -16.788         -44.606          342.466
  339 (vir)          305.182          11.101         -16.686         -44.447          344.045
  340 (vir)          305.182          11.022         -16.686         -44.447          343.966
  341 (vir)          337.473           1.789         -14.053         -37.266          362.475
  342 (vir)          497.153           2.905         -32.556         -67.448          534.950
  343 (vir)          497.963           2.950         -32.525         -67.416          535.804
  344 (vir)          497.963           2.947         -32.525         -67.416          535.801
  345 (vir)          498.312           2.940         -32.512         -67.405          536.145
  346 (vir)          498.312           2.938         -32.512         -67.405          536.143
  347 (vir)          498.635           2.924         -32.502         -67.393          536.449
  348 (vir)          501.213           3.119         -32.408         -67.305          539.229
  349 (vir)          501.213           3.121         -32.408         -67.305          539.231
  350 (vir)          501.464           3.168         -32.396         -67.293          539.530
  351 (vir)          502.482           3.175         -32.378         -67.273          540.552
  352 (vir)          502.941           3.325         -32.353         -67.243          541.156
  353 (vir)          502.941           3.323         -32.353         -67.243          541.154
  354 (vir)          503.956           3.243         -32.323         -67.216          542.091
  355 (vir)          504.576           3.238         -32.292         -67.184          542.706
  356 (vir)          504.576           3.237         -32.292         -67.184          542.705
  357 (vir)          716.424           2.371         -31.284         -66.522          754.033
  358 (vir)          716.424           2.374         -31.284         -66.522          754.036
  359 (vir)          720.464           2.108         -31.199         -66.474          757.847
  360 (vir)         1236.386           2.024         -25.132         -69.876         1283.154
  361 (vir)         1273.668           2.034         -62.068        -118.837         1332.471
  362 (vir)         1273.668           2.033         -62.068        -118.837         1332.470
  363 (vir)         1274.125           2.031         -62.056        -118.831         1332.930
  364 (vir)         1274.779           2.028         -62.049        -118.824         1333.581
  365 (vir)         1274.779           2.027         -62.049        -118.824         1333.581
  366 (vir)         1279.557           2.024         -61.933        -118.764         1338.412
  367 (vir)         1286.916           2.045         -61.708        -118.668         1345.921
  368 (vir)         1286.916           2.043         -61.708        -118.668         1345.919
  369 (vir)         1288.548           1.934         -61.557        -118.499         1347.425
  370 (vir)         2388.511           2.191         -50.037        -114.388         2455.053
  371 (vir)         2388.511           2.191         -50.037        -114.388         2455.053
  372 (vir)         2392.331           2.202         -49.989        -114.354         2458.898
  373 (vir)         6886.843           1.361         -42.425        -160.953         7006.733
  374 (vir)         7148.298           2.277         -71.194        -180.149         7259.530
  375 (vir)         7148.298           2.277         -71.194        -180.149         7259.530
  376 (vir)         7151.809           2.291         -71.165        -180.130         7263.064
  377 (vir)        20483.229           0.905         -94.134        -273.883        20663.883
  378 (vir)        20483.229           0.905         -94.134        -273.883        20663.883
  379 (vir)        20486.355           0.907         -94.122        -273.874        20667.014
  380 (vir)        59250.690           0.162        -129.640        -435.104        59556.315
  381 (vir)        59250.690           0.162        -129.640        -435.104        59556.315
  382 (vir)        59253.687           0.162        -129.635        -435.101        59559.314
  383 (vir)       273846.824           0.010        -155.794        -840.907       274531.947
  384 (vir)       273846.824           0.010        -155.794        -840.907       274531.947
  385 (vir)       273852.143           0.010        -155.792        -840.908       274537.268
