 
  kpoint:     0.0000    0.0000    0.0000
 
    n          ϵ_nk^DFT (eV)     Σ^c_nk (eV)     Σ^x_nk (eV)     v_n^xc (eV)   ϵ_nk^G0W0 (eV)
 
    1 (occ)         -382.496          -0.985        -114.617         -72.596         -425.502
    2 (occ)         -381.368          -1.385        -114.613         -72.598         -424.768
    3 (occ)         -380.703          -0.870        -114.633         -72.585         -423.620
    4 (occ)         -380.480          -1.057        -114.640         -72.589         -423.588
    5 (occ)         -380.364          -1.083        -114.637         -72.589         -423.495
    6 (occ)         -271.355          -6.710         -96.874         -61.534         -313.405
    7 (occ)         -271.083          -5.122         -96.884         -61.540         -311.550
    8 (occ)         -270.956          -4.998         -96.889         -61.542         -311.302
    9 (occ)         -270.582          -5.331         -96.879         -61.535         -311.258
   10 (occ)         -269.871          -3.237         -96.894         -61.549         -308.453
   11 (occ)          -25.953           7.416         -29.415         -18.688          -29.263
   12 (occ)          -24.420           7.030         -29.153         -18.701          -27.843
   13 (occ)          -23.357           6.773         -29.048         -18.883          -26.748
   14 (occ)          -22.158           6.462         -28.992         -19.242          -25.446
   15 (occ)          -21.330           6.380         -29.042         -19.463          -24.528
   16 (occ)          -18.945           5.421         -26.534         -17.949          -22.109
   17 (occ)          -16.554           4.073         -24.937         -17.640          -19.778
   18 (occ)          -16.114           4.065         -24.830         -17.604          -19.275
   19 (occ)          -15.617           3.705         -24.603         -17.659          -18.856
   20 (occ)          -14.429           3.153         -23.627         -17.251          -17.652
   21 (occ)          -13.685           2.878         -23.403         -17.308          -16.903
   22 (occ)          -12.709           2.619         -23.030         -17.146          -15.974
   23 (occ)          -12.330           2.592         -23.814         -18.188          -15.364
   24 (occ)          -11.534           3.777         -20.248         -14.722          -13.282
   25 (occ)          -11.230           2.385         -22.613         -17.180          -14.277
   26 (occ)          -10.786           2.158         -22.750         -17.463          -13.915
   27 (occ)          -10.159           2.229         -22.020         -16.713          -13.237
   28 (occ)           -9.946           2.924         -20.096         -15.157          -11.960
   29 (occ)           -8.819           2.372         -19.675         -15.254          -10.868
   30 (occ)           -7.535           2.950         -23.004         -17.337          -10.252
   31 (occ)           -7.267           1.525         -20.334         -16.355           -9.720
   32 (occ)           -6.688           2.431         -22.654         -17.419           -9.492
   33 (occ)           -6.650           0.639         -18.620         -15.581           -9.050
   34 (occ)           -5.826           2.142         -22.391         -17.433           -8.642
   35 (occ)           -5.499           0.160         -18.301         -15.673           -7.968
   36 (vir)           -1.665          -2.801          -9.902         -14.838            0.469
   37 (vir)           -0.974          -3.137          -9.915         -15.188            1.162
   38 (vir)           -0.254          -2.075          -4.367          -8.288            1.592
   39 (vir)           -0.244          -3.015          -7.427         -12.419            1.732
   40 (vir)            0.107          -1.539          -2.631          -5.922            1.859
   41 (vir)            0.981          -1.560          -2.320          -5.611            2.713
   42 (vir)            1.169          -1.489          -2.278          -5.533            2.935
   43 (vir)            1.343          -1.489          -2.003          -5.185            3.037
   44 (vir)            1.796          -1.662          -2.239          -5.672            3.567
   45 (vir)            2.410          -1.474          -1.457          -4.550            4.029
   46 (vir)            2.424          -1.573          -2.201          -5.528            4.178
   47 (vir)            2.659          -1.626          -2.161          -5.498            4.370
   48 (vir)            2.814          -1.977          -3.043          -6.767            4.561
   49 (vir)            2.892          -4.148          -6.407         -12.347            4.684
   50 (vir)            3.450          -1.866          -2.497          -6.094            5.180
   51 (vir)            3.488          -2.111          -2.458          -6.225            5.145
   52 (vir)            3.725          -2.107          -3.096          -7.227            5.748
   53 (vir)            4.136          -1.779          -1.906          -5.352            5.803
   54 (vir)            4.258          -2.594          -4.416          -9.104            6.352
   55 (vir)            4.783          -2.346          -3.839          -8.167            6.765
   56 (vir)            4.995          -1.658          -1.375          -4.648            6.610
   57 (vir)            5.081          -2.234          -3.383          -7.558            7.022
   58 (vir)            5.415          -2.810          -5.058          -9.933            7.479
   59 (vir)            5.689          -1.986          -2.235          -6.000            7.468
   60 (vir)            5.724          -1.852          -2.208          -5.844            7.508
   61 (vir)            5.949          -3.033          -5.241         -10.381            8.056
   62 (vir)            6.142          -2.706          -4.646          -9.336            8.127
   63 (vir)            6.273          -2.522          -4.140          -8.654            8.265
   64 (vir)            6.569          -2.030          -2.223          -6.073            8.388
   65 (vir)            6.681          -2.461          -3.124          -7.502            8.598
   66 (vir)            6.826          -3.514          -6.059         -11.705            8.958
   67 (vir)            7.269          -2.230          -3.179          -7.378            9.238
   68 (vir)            7.415          -2.669          -3.782          -8.371            9.335
   69 (vir)            7.702          -1.957          -1.729          -5.562            9.579
   70 (vir)            7.959          -2.771          -3.732          -8.603           10.059
   71 (vir)            8.136          -3.138          -4.022          -9.228           10.203
   72 (vir)            8.410          -2.206          -2.266          -6.379           10.317
   73 (vir)            8.533          -1.907          -2.142          -6.120           10.603
   74 (vir)            8.651          -2.467          -3.414          -7.973           10.743
   75 (vir)            8.828          -2.189          -1.921          -6.025           10.743
   76 (vir)            8.908          -2.965          -4.116          -9.040           10.867
   77 (vir)            9.119          -3.310          -4.487         -10.013           11.335
   78 (vir)            9.450          -2.635          -3.332          -8.080           11.564
   79 (vir)            9.797          -3.403          -4.424          -9.960           11.930
   80 (vir)            9.930          -2.374          -2.719          -7.175           12.012
   81 (vir)           10.013          -2.348          -2.411          -6.922           12.176
   82 (vir)           10.264          -2.991          -3.637          -8.662           12.299
   83 (vir)           10.892          -2.148          -2.045          -6.323           13.022
   84 (vir)           11.145          -3.079          -3.629          -8.899           13.336
   85 (vir)           11.216          -2.238          -2.513          -6.780           13.246
   86 (vir)           11.443          -2.263          -1.922          -6.178           13.437
   87 (vir)           11.775          -2.834          -3.283          -8.204           13.863
   88 (vir)           12.254          -2.094          -2.237          -6.347           14.270
   89 (vir)           12.442          -3.225          -3.990          -9.424           14.651
   90 (vir)           12.662          -2.429          -2.611          -7.224           14.845
   91 (vir)           12.776          -2.764          -2.568          -7.720           15.163
   92 (vir)           13.096          -3.121          -3.605          -8.925           15.295
   93 (vir)           13.385          -2.613          -2.993          -8.020           15.799
   94 (vir)           13.602          -2.906          -2.905          -7.989           15.779
   95 (vir)           14.398          -4.343          -4.653         -11.174           16.575
   96 (vir)           14.636          -4.558          -3.247          -8.697           15.528
   97 (vir)           14.901          -3.027          -2.690          -8.266           17.451
   98 (vir)           15.139          -3.178          -3.208          -8.681           17.433
   99 (vir)           15.329          -3.768          -3.764          -9.948           17.746
  100 (vir)           15.953          -3.160          -2.815          -8.501           18.479
  101 (vir)           16.089          -2.606          -2.402          -7.346           18.427
  102 (vir)           16.247          -2.431          -2.066          -6.624           18.374
  103 (vir)           16.438          -3.106          -2.358          -7.954           18.928
  104 (vir)           16.635          -4.732          -5.145         -12.360           19.118
  105 (vir)           16.784          -2.866          -2.927          -8.413           19.405
  106 (vir)           16.871          -3.304          -2.721          -8.437           19.283
  107 (vir)           17.915          -2.903          -2.375          -7.765           20.401
  108 (vir)           18.198          -3.715          -2.923          -9.110           20.670
  109 (vir)           18.402          -3.753          -3.371          -9.693           20.971
  110 (vir)           18.481          -3.209          -2.351          -8.156           21.078
  111 (vir)           18.663          -2.859          -2.269          -7.734           21.269
  112 (vir)           19.112          -3.364          -2.502          -8.378           21.625
  113 (vir)           19.236          -2.808          -2.157          -7.312           21.583
  114 (vir)           19.573          -3.524          -2.399          -8.377           22.027
  115 (vir)           19.768          -3.420          -2.911          -8.913           22.350
  116 (vir)           19.996          -2.751          -2.313          -7.864           22.796
  117 (vir)           20.196          -3.265          -2.377          -8.092           22.645
  118 (vir)           20.307          -3.505          -2.328          -8.252           22.726
  119 (vir)           20.803          -3.602          -2.163          -8.161           23.199
  120 (vir)           20.979          -3.477          -2.362          -8.281           23.421
  121 (vir)           21.067          -3.341          -2.297          -8.093           23.522
  122 (vir)           21.591          -3.383          -2.443          -8.405           24.170
  123 (vir)           21.783          -3.744          -1.766          -7.309           23.582
  124 (vir)           21.994          -3.404          -2.259          -8.310           24.641
  125 (vir)           22.220          -3.741          -2.709          -8.726           24.496
  126 (vir)           22.840          -3.275          -2.089          -7.824           25.300
  127 (vir)           22.884          -3.443          -2.171          -8.197           25.468
  128 (vir)           23.097          -4.249          -2.470          -8.481           24.859
  129 (vir)           23.939          -3.001          -2.436          -8.364           26.866
  130 (vir)           24.353          -3.673          -2.115          -8.337           26.901
  131 (vir)           24.527          -3.615          -2.541          -8.523           26.894
  132 (vir)           24.733          -3.184          -2.232          -7.952           27.269
  133 (vir)           25.168          -3.573          -2.396          -8.450           27.650
  134 (vir)           25.255          -3.684          -2.476          -8.585           27.680
  135 (vir)           25.801          -3.512          -2.504          -8.809           28.595
  136 (vir)           25.912          -3.507          -2.482          -8.783           28.706
  137 (vir)           26.027          -3.206          -2.199          -8.274           28.897
  138 (vir)           26.423          -3.597          -2.379          -8.684           29.132
  139 (vir)           26.628          -3.394          -2.068          -7.844           29.010
  140 (vir)           26.857          -4.546          -2.666          -9.304           28.950
  141 (vir)           27.138          -3.598          -2.273          -8.454           29.721
  142 (vir)           27.297          -3.593          -2.369          -8.791           30.126
  143 (vir)           27.502          -3.764          -2.514          -8.978           30.202
  144 (vir)           27.891          -4.372          -2.937          -9.730           30.312
  145 (vir)           28.275          -3.474          -2.360          -8.665           31.105
  146 (vir)           28.392          -3.589          -2.555          -9.183           31.431
  147 (vir)           28.949          -3.846          -2.540          -9.232           31.794
  148 (vir)           29.028          -3.840          -2.302          -8.745           31.632
  149 (vir)           29.157          -3.444          -1.988          -7.791           31.516
  150 (vir)           29.530          -3.887          -2.795          -9.827           32.675
  151 (vir)           29.758          -3.878          -2.316          -8.650           32.214
  152 (vir)           29.872          -3.924          -2.597          -9.470           32.821
  153 (vir)           30.473          -3.839          -2.502          -9.459           33.591
  154 (vir)           30.834          -3.833          -2.394          -9.066           33.674
  155 (vir)           31.234          -3.765          -2.107          -8.392           33.754
  156 (vir)           31.616          -3.904          -2.582          -9.576           34.706
  157 (vir)           31.703          -3.217          -2.209          -8.709           34.986
  158 (vir)           32.037          -3.980          -2.469          -9.578           35.167
  159 (vir)           32.409          -4.849          -2.661          -9.680           34.579
  160 (vir)           33.007          -3.981          -2.663          -9.706           36.070
  161 (vir)           33.227          -3.543          -2.598          -9.630           36.716
  162 (vir)           33.481          -4.467          -2.278          -8.973           35.709
  163 (vir)           33.824          -3.896          -2.539          -9.320           36.709
  164 (vir)           34.052          -2.453          -2.635          -9.999           38.963
  165 (vir)           34.527          -3.634          -2.279          -9.242           37.855
  166 (vir)           34.989          -3.612          -2.507          -9.554           38.424
  167 (vir)           35.259          -3.656          -2.676          -9.978           38.905
  168 (vir)           35.650          -3.507          -2.479          -9.637           39.300
  169 (vir)           35.751          -4.625          -2.496          -9.728           38.358
  170 (vir)           36.281          -4.095          -2.605         -10.054           39.634
  171 (vir)           36.515          -3.341          -2.529          -9.679           40.324
  172 (vir)           36.813          -4.129          -2.359          -9.521           39.845
  173 (vir)           37.096          -3.932          -2.512          -9.712           40.364
  174 (vir)           37.973          -3.597          -2.567          -9.837           41.646
  175 (vir)           38.308          -3.949          -2.412          -9.449           41.395
  176 (vir)           38.776          -3.825          -2.488         -10.065           42.528
  177 (vir)           39.304          -4.236          -2.770         -10.380           42.678
  178 (vir)           39.416          -4.249          -2.313          -9.688           42.540
  179 (vir)           39.739          -4.318          -2.611         -10.007           42.817
  180 (vir)           40.071          -3.915          -2.554          -9.913           43.514
  181 (vir)           41.459          -4.872          -2.460          -9.927           44.054
  182 (vir)           41.769          -4.571          -3.087         -11.084           45.196
  183 (vir)           42.080          -3.880          -2.361         -10.121           45.960
  184 (vir)           42.402          -4.706          -2.228          -9.320           44.789
  185 (vir)           43.051          -5.074          -2.428         -10.114           45.663
  186 (vir)           43.555          -4.702          -3.077         -11.523           47.299
  187 (vir)           44.182          -4.090          -2.374         -10.117           47.835
  188 (vir)           44.604          -4.699          -2.477         -10.381           47.809
  189 (vir)           45.031          -4.173          -2.471         -10.800           49.188
  190 (vir)           45.215          -3.971          -2.314         -10.204           49.134
  191 (vir)           45.328          -4.368          -2.101          -9.738           48.597
  192 (vir)           46.308          -3.877          -2.161         -10.104           50.374
  193 (vir)           46.599          -1.852          -2.527         -10.851           53.071
  194 (vir)           46.931          -4.108          -2.473         -10.967           51.318
  195 (vir)           46.972          -4.449          -2.795         -11.476           51.204
  196 (vir)           47.228          -6.973          -2.786         -11.049           48.518
  197 (vir)           47.784          -4.482          -2.666         -11.254           51.891
  198 (vir)           48.362          -7.848          -2.385         -10.363           48.492
  199 (vir)           48.602          -4.536          -2.308         -10.392           52.149
  200 (vir)           48.797          -2.196          -2.362         -10.720           54.959
  201 (vir)           49.159          -2.222          -2.785         -11.310           55.461
  202 (vir)           49.831          -3.559          -2.405         -10.565           54.432
  203 (vir)           49.910          -4.127          -2.470         -10.687           54.000
  204 (vir)           50.026          -3.691          -2.337         -10.614           54.612
  205 (vir)           50.277          -3.767          -2.338         -10.762           54.935
  206 (vir)           50.791          -3.847          -2.365         -11.208           55.786
  207 (vir)           51.099          -1.079          -2.583         -11.247           58.684
  208 (vir)           51.488          -1.975          -2.533         -11.216           58.196
  209 (vir)           51.665          -3.489          -2.309         -10.693           56.561
  210 (vir)           52.045          -4.662          -2.613         -11.404           56.174
  211 (vir)           52.308          -3.486          -2.226         -10.572           57.167
  212 (vir)           52.646          -4.703          -2.531         -11.249           56.660
  213 (vir)           52.839          -3.795          -2.466         -10.940           57.518
  214 (vir)           53.137          -4.667          -2.503         -11.107           57.074
  215 (vir)           53.298          -4.077          -2.269         -11.017           57.968
  216 (vir)           53.685          -3.385          -2.434         -11.270           59.136
  217 (vir)           54.043          -3.613          -2.415         -11.188           59.202
  218 (vir)           54.537          -3.894          -2.561         -11.571           59.653
  219 (vir)           54.891          -3.913          -2.192         -10.620           59.407
  220 (vir)           55.122          -4.402          -2.379         -11.069           59.411
  221 (vir)           55.380          -4.043          -2.234         -10.990           60.093
  222 (vir)           55.795          -3.163          -1.838         -10.250           61.044
  223 (vir)           56.162          -4.141          -2.232         -10.727           60.516
  224 (vir)           56.455          -4.529          -2.165         -10.839           60.599
  225 (vir)           56.739          -5.758          -2.137         -10.630           59.474
  226 (vir)           57.007          -3.418          -2.213         -10.869           62.245
  227 (vir)           57.406          -3.639          -2.461         -11.268           62.574
  228 (vir)           57.609          -4.760          -2.406         -11.146           61.590
  229 (vir)           57.845          -4.237          -2.242         -11.102           62.468
  230 (vir)           57.945          -4.500          -2.247         -11.101           62.299
  231 (vir)           58.088          -2.831          -2.588         -11.767           64.435
  232 (vir)           58.524          -4.369          -2.225         -11.083           63.013
  233 (vir)           58.869          -4.255          -2.351         -11.322           63.586
  234 (vir)           59.281          -4.593          -2.236         -11.113           63.565
  235 (vir)           59.577          -4.359          -2.237         -10.992           63.973
  236 (vir)           60.008          -1.774          -1.798         -10.192           66.628
  237 (vir)           60.306           3.560          -2.234         -11.021           72.653
  238 (vir)           60.740          -3.477          -1.684         -10.133           65.713
  239 (vir)           60.797          -3.360          -2.271         -11.184           66.349
  240 (vir)           61.054          -3.688          -2.550         -11.631           66.446
  241 (vir)           61.555          -4.197          -2.263         -11.259           66.354
  242 (vir)           61.841          -3.323          -2.276         -11.185           67.428
  243 (vir)           62.518          -1.153          -2.395         -11.490           70.460
  244 (vir)           62.680          -1.223          -2.324         -11.505           70.638
  245 (vir)           63.071          -2.181          -2.503         -11.564           69.950
  246 (vir)           63.633          -1.435          -2.459         -11.616           71.355
  247 (vir)           63.732          -3.868          -2.301         -11.378           68.941
  248 (vir)           64.079          -2.442          -2.436         -11.418           70.620
  249 (vir)           64.334          -3.266          -2.287         -11.441           70.223
  250 (vir)           64.683          -2.063          -2.376         -11.817           72.061
  251 (vir)           64.954          -2.780          -2.168         -11.129           71.136
  252 (vir)           65.149          -3.202          -2.077         -11.012           70.882
  253 (vir)           65.485          -1.623          -1.898         -10.726           72.691
  254 (vir)           66.143          -0.584          -2.225         -11.100           74.434
  255 (vir)           66.221           0.751          -2.102         -11.203           76.072
  256 (vir)           66.838          -2.961          -2.447         -11.868           73.298
  257 (vir)           67.034          -2.014          -2.255         -11.397           74.161
  258 (vir)           67.207          -0.691          -2.231         -11.467           75.752
  259 (vir)           67.371          -3.588          -2.381         -11.715           73.117
  260 (vir)           67.680           1.036          -2.360         -11.658           78.014
  261 (vir)           67.871           1.331          -2.498         -12.128           78.832
  262 (vir)           68.071          -3.804          -2.333         -11.623           73.558
  263 (vir)           68.192           0.013          -2.345         -11.608           77.467
  264 (vir)           69.035          -4.547          -2.116         -11.024           73.395
  265 (vir)           69.317          -4.397          -2.291         -11.634           74.264
  266 (vir)           70.085           1.060          -2.722         -12.344           80.765
  267 (vir)           70.345          -1.455          -1.930         -10.695           77.655
  268 (vir)           70.581          -2.021          -2.136         -11.163           77.587
  269 (vir)           70.792          -4.871          -2.593         -12.319           75.646
  270 (vir)           71.250          -3.759          -2.389         -11.724           76.826
  271 (vir)           71.266          -1.349          -2.335         -11.847           79.430
  272 (vir)           71.855          -2.300          -3.008         -13.004           79.551
  273 (vir)           72.348          -3.620          -2.737         -12.683           78.674
  274 (vir)           72.523          -1.964          -2.033         -11.263           79.789
  275 (vir)           72.931          -2.412          -2.638         -12.383           80.264
  276 (vir)           73.087          -1.871          -2.401         -11.891           80.706
  277 (vir)           73.268          -1.655          -2.262         -11.516           80.868
  278 (vir)           73.991          -3.436          -2.492         -12.113           80.176
  279 (vir)           74.169          -4.526          -2.343         -11.954           79.254
  280 (vir)           74.330          -1.804          -2.378         -12.024           82.173
  281 (vir)           74.735          -2.059          -2.541         -12.251           82.386
  282 (vir)           74.857           1.515          -2.246         -11.785           85.912
  283 (vir)           75.791          -4.328          -2.522         -12.287           81.229
  284 (vir)           76.087          -0.408          -2.786         -12.787           85.681
  285 (vir)           76.228          -2.861          -2.671         -12.999           83.695
  286 (vir)           76.470          -1.202          -2.454         -11.838           84.652
  287 (vir)           76.995          -4.225          -2.627         -13.101           83.244
  288 (vir)           77.436          -1.913          -2.816         -13.082           85.790
  289 (vir)           78.081          -2.697          -2.426         -12.116           85.074
  290 (vir)           78.363           5.936          -2.555         -12.341           94.085
  291 (vir)           78.742          -6.430          -2.722         -12.842           82.432
  292 (vir)           79.162          -2.216          -3.086         -13.586           87.447
  293 (vir)           79.682          -2.438          -2.511         -12.726           87.460
  294 (vir)           80.062          -2.993          -2.893         -13.839           88.015
  295 (vir)           80.337           0.077          -2.510         -12.638           90.543
  296 (vir)           81.264          -3.149          -3.084         -13.895           88.926
  297 (vir)           81.515          -2.885          -2.766         -13.366           89.229
  298 (vir)           81.659          -2.423          -3.199         -14.226           90.264
  299 (vir)           81.776          -3.453          -2.787         -13.305           88.842
  300 (vir)           82.180          -2.144          -2.982         -13.936           90.990
  301 (vir)           82.729          -3.712          -2.906         -13.874           89.984
  302 (vir)           82.954           1.146          -2.858         -13.590           94.833
  303 (vir)           83.869          -2.089          -2.718         -13.297           92.358
  304 (vir)           84.103           0.781          -2.783         -13.348           95.450
  305 (vir)           84.214          -5.171          -3.093         -13.991           89.941
  306 (vir)           84.354          -3.202          -2.983         -14.023           92.192
  307 (vir)           84.663          -4.031          -2.615         -13.681           91.698
  308 (vir)           85.167          -3.512          -2.998         -14.114           92.771
  309 (vir)           86.567          -3.719          -2.574         -13.203           93.477
  310 (vir)           86.912          -2.842          -2.351         -12.976           94.695
  311 (vir)           87.072          -2.662          -2.650         -13.548           95.309
  312 (vir)           87.468           0.932          -2.438         -12.745           98.706
  313 (vir)           88.169          -4.440          -2.557         -13.282           94.454
  314 (vir)           88.363          -4.197          -2.527         -13.114           94.753
  315 (vir)           88.665          -4.472          -2.493         -13.281           94.980
  316 (vir)           88.744          -4.421          -2.703         -13.592           95.212
  317 (vir)           88.952          -1.936          -2.569         -13.311           97.757
  318 (vir)           89.451          -1.750          -2.612         -13.402           98.491
  319 (vir)           90.313          -1.355          -2.666         -13.602           99.893
  320 (vir)           90.930          -1.032          -2.808         -13.953          101.043
  321 (vir)           91.777           7.585          -2.810         -13.913          110.465
  322 (vir)           92.176           0.186          -2.780         -13.814          103.397
  323 (vir)           92.260           0.046          -2.574         -13.428          103.161
  324 (vir)           92.834          -2.916          -2.689         -13.736          100.966
  325 (vir)           92.983          -3.314          -2.717         -13.920          100.872
  326 (vir)           93.717          -2.435          -2.732         -13.955          102.505
  327 (vir)           93.872          -2.912          -2.632         -13.941          102.270
  328 (vir)           94.035          -2.554          -2.444         -13.536          102.572
  329 (vir)           94.168          -2.870          -2.382         -13.431          102.347
  330 (vir)           94.811          -0.706          -2.901         -14.491          105.695
  331 (vir)           94.907          -0.381          -2.931         -14.537          106.132
  332 (vir)           96.007           2.687          -2.841         -14.128          109.982
  333 (vir)           96.514          -1.628          -2.760         -13.826          105.953
  334 (vir)           97.227           1.021          -2.617         -13.712          109.344
  335 (vir)           97.414           5.453          -2.843         -14.177          114.201
  336 (vir)           97.862          -0.908          -3.154         -15.115          108.915
  337 (vir)           98.151          -2.682          -2.488         -14.060          107.041
  338 (vir)           98.897          -1.704          -2.406         -13.852          108.639
  339 (vir)           99.509          -6.765          -2.901         -14.422          104.265
  340 (vir)           99.737          -6.018          -2.738         -13.950          104.931
  341 (vir)          100.066           1.040          -2.326         -13.138          111.919
  342 (vir)          100.916          -0.497          -2.675         -14.287          112.031
  343 (vir)          101.124          -4.306          -2.727         -14.464          108.556
  344 (vir)          101.695          -3.261          -2.580         -14.329          110.183
  345 (vir)          102.188          -5.065          -2.774         -14.600          108.948
  346 (vir)          102.627          -7.854          -2.884         -14.469          106.358
  347 (vir)          103.106          -0.381          -2.523         -14.231          114.433
  348 (vir)          103.365           2.347          -3.175         -14.933          117.470
  349 (vir)          103.541          -0.779          -3.421         -15.526          114.867
  350 (vir)          103.686          -1.504          -3.101         -15.018          114.098
  351 (vir)          104.332           0.240          -3.115         -15.054          116.510
  352 (vir)          104.596          -0.093          -2.759         -14.216          115.960
  353 (vir)          104.894          -3.264          -3.123         -15.187          113.694
  354 (vir)          105.596          -5.799          -3.160         -15.300          111.937
  355 (vir)          106.434          -1.836          -3.095         -15.264          116.767
  356 (vir)          107.279           2.371          -2.728         -14.440          121.363
  357 (vir)          107.459           2.509          -2.983         -15.002          121.987
  358 (vir)          108.538           2.593          -3.535         -16.198          123.794
  359 (vir)          108.781           0.750          -3.216         -15.660          121.974
  360 (vir)          109.414           3.110          -3.031         -15.529          125.022
  361 (vir)          110.316           1.934          -2.991         -15.242          124.501
  362 (vir)          110.620           3.654          -2.834         -15.224          126.664
  363 (vir)          110.934           1.479          -2.911         -15.379          124.881
  364 (vir)          111.126          -3.412          -2.720         -15.145          120.138
  365 (vir)          112.254           1.540          -3.095         -15.515          126.214
  366 (vir)          112.869           2.513          -2.893         -15.177          127.666
  367 (vir)          113.661           0.832          -2.604         -14.723          126.612
  368 (vir)          114.471          -3.403          -5.041         -19.896          125.922
  369 (vir)          114.802           7.714          -3.443         -16.235          135.308
  370 (vir)          115.691           2.215          -2.804         -15.096          130.198
  371 (vir)          116.899           3.003          -3.042         -15.525          132.384
  372 (vir)          117.428          -1.577          -4.154         -18.082          129.778
  373 (vir)          118.168           2.312          -3.272         -16.270          133.477
  374 (vir)          118.882          -7.294          -3.178         -16.005          124.415
  375 (vir)          119.295          -1.946          -3.962         -17.766          131.154
  376 (vir)          120.911           0.536          -3.398         -16.751          134.800
  377 (vir)          121.293           3.269          -4.087         -17.960          138.435
  378 (vir)          122.429           2.021          -3.220         -16.198          137.427
  379 (vir)          122.569           1.905          -3.047         -15.673          137.100
  380 (vir)          124.013           0.199          -3.484         -17.001          137.729
  381 (vir)          125.521           1.975          -2.916         -15.765          140.345
  382 (vir)          126.292           2.022          -2.628         -15.156          140.842
  383 (vir)          128.347           2.029          -2.757         -15.640          143.259
  384 (vir)          129.316           1.321          -2.455         -15.106          143.288
  385 (vir)          129.417           2.838          -2.727         -15.642          145.171
  386 (vir)          130.949          -3.341          -2.179         -14.981          140.410
  387 (vir)          131.583           1.709          -2.534         -15.522          146.280
  388 (vir)          132.081           1.923          -2.687         -15.760          147.077
  389 (vir)          132.290           2.538          -2.694         -15.721          147.855
  390 (vir)          133.547          -2.248          -3.068         -16.444          144.674
  391 (vir)          135.148           0.326          -2.759         -15.771          148.487
  392 (vir)          136.371          -0.751          -2.560         -15.711          148.771
  393 (vir)          136.803          -2.866          -2.217         -15.148          146.868
  394 (vir)          137.261           1.831          -2.450         -15.531          152.174
  395 (vir)          137.540           1.434          -2.819         -16.220          152.375
  396 (vir)          139.038          -6.616          -2.714         -16.114          145.822
  397 (vir)          139.831           0.701          -2.343         -15.323          153.512
  398 (vir)          140.127           0.475          -2.637         -15.877          153.842
  399 (vir)          141.050           1.128          -2.691         -16.115          155.603
  400 (vir)          141.933          -5.700          -1.865         -14.574          148.942
  401 (vir)          142.343          -0.051          -1.832         -14.454          154.914
  402 (vir)          142.723          -5.399          -1.979         -14.900          150.245
  403 (vir)          142.887          -1.932          -2.322         -15.354          153.986
  404 (vir)          143.131           2.238          -3.171         -17.163          159.361
  405 (vir)          143.470          -0.591          -2.121         -15.144          155.902
  406 (vir)          143.571           3.753          -2.461         -15.795          160.659
  407 (vir)          143.862          -1.836          -1.878         -14.535          154.684
  408 (vir)          144.299           2.062          -2.407         -15.562          159.516
  409 (vir)          145.139          -0.032          -2.624         -16.165          158.648
  410 (vir)          145.305          -1.554          -2.040         -15.011          156.722
  411 (vir)          145.742           1.427          -2.614         -16.080          160.635
  412 (vir)          146.098           0.467          -2.293         -15.607          159.879
  413 (vir)          146.239          -0.184          -2.548         -16.095          159.601
  414 (vir)          146.998           3.050          -2.884         -16.677          163.841
  415 (vir)          147.450          -8.925          -1.950         -14.944          151.519
  416 (vir)          147.821          -1.736          -2.113         -15.242          159.213
  417 (vir)          148.274          -8.955          -2.613         -16.231          152.938
  418 (vir)          148.488          -5.786          -1.999         -15.081          155.783
  419 (vir)          148.570           5.315          -2.669         -16.379          167.594
  420 (vir)          149.866           6.484          -2.321         -15.639          169.667
  421 (vir)          150.458          -2.155          -1.980         -15.033          161.356
  422 (vir)          150.868           3.828          -2.652         -16.444          168.488
  423 (vir)          151.588          -5.379          -1.888         -15.023          159.344
  424 (vir)          152.348          -2.398          -1.797         -14.665          162.818
  425 (vir)          153.224           0.569          -2.509         -16.035          167.319
  426 (vir)          153.665          -1.511          -1.967         -14.867          165.054
  427 (vir)          153.859           0.650          -2.158         -15.406          167.757
  428 (vir)          154.731          -2.514          -1.709         -14.387          164.894
  429 (vir)          155.424          -4.542          -1.983         -14.956          163.855
  430 (vir)          155.847          -4.499          -1.868         -14.344          163.825
  431 (vir)          156.454          -2.912          -1.832         -14.102          165.813
  432 (vir)          157.000          -1.724          -1.611         -13.606          167.272
  433 (vir)          157.632          -1.805          -3.202         -17.652          170.277
  434 (vir)          157.884          -0.219          -1.763         -14.713          170.615
  435 (vir)          158.349          -1.685          -1.781         -14.771          169.654
  436 (vir)          158.781           4.633          -1.954         -14.766          176.226
  437 (vir)          158.945           1.770          -2.825         -16.808          174.698
  438 (vir)          159.149          -2.176          -2.087         -15.633          170.519
  439 (vir)          159.658           0.889          -1.855         -14.524          173.217
  440 (vir)          160.021           5.208          -1.850         -14.725          178.105
  441 (vir)          160.760           1.234          -2.133         -15.359          175.220
  442 (vir)          161.062          -2.182          -1.888         -15.033          172.024
  443 (vir)          161.180          -3.267          -2.211         -15.482          171.185
  444 (vir)          161.606          -2.985          -1.668         -14.310          171.263
  445 (vir)          161.797          -1.601          -1.810         -14.963          173.349
  446 (vir)          162.500          -2.854          -1.738         -14.626          172.534
  447 (vir)          162.651           1.094          -2.244         -15.632          177.134
  448 (vir)          163.212          -3.809          -1.960         -15.284          172.727
  449 (vir)          163.574          -4.086          -1.909         -15.143          172.721
  450 (vir)          163.822          -0.061          -1.979         -15.150          176.932
  451 (vir)          164.335          -1.660          -1.700         -14.675          175.650
  452 (vir)          164.536           1.319          -1.975         -15.109          178.988
  453 (vir)          165.389           0.709          -1.722         -14.478          178.854
  454 (vir)          166.019           2.097          -1.757         -14.740          181.098
  455 (vir)          166.364          -1.548          -1.949         -15.294          178.162
  456 (vir)          166.664          -0.284          -1.864         -14.878          179.393
  457 (vir)          166.910         -13.706          -1.876         -15.052          166.381
  458 (vir)          167.623          -0.283          -1.982         -15.343          180.702
  459 (vir)          168.033          -3.016          -1.820         -14.976          178.172
  460 (vir)          168.199          -4.793          -1.848         -15.123          176.681
  461 (vir)          168.281           0.412          -2.040         -15.321          181.975
  462 (vir)          169.287          -9.261          -1.830         -15.123          173.319
  463 (vir)          169.527          -0.843          -1.923         -15.395          182.155
  464 (vir)          169.724          -2.890          -2.013         -15.668          180.489
  465 (vir)          170.043          -7.431          -1.858         -15.189          175.944
  466 (vir)          170.682           0.107          -1.847         -15.190          184.131
  467 (vir)          170.990          -2.861          -1.974         -15.678          181.833
  468 (vir)          171.466          -4.186          -2.002         -15.658          180.936
  469 (vir)          172.637          -1.648          -2.084         -15.817          184.722
  470 (vir)          172.806          -0.717          -1.892         -15.559          185.756
  471 (vir)          172.937          -0.577          -1.960         -15.554          185.954
  472 (vir)          173.094           0.520          -2.098         -15.755          187.271
  473 (vir)          174.283          -0.778          -2.200         -15.957          187.262
  474 (vir)          174.419           0.708          -2.019         -15.577          188.684
  475 (vir)          175.311          -6.307          -2.017         -15.861          182.848
  476 (vir)          175.707          -9.442          -1.968         -15.734          180.030
  477 (vir)          176.001          -6.276          -1.923         -15.625          183.427
  478 (vir)          176.204           1.209          -2.223         -16.264          191.455
  479 (vir)          176.736          -0.916          -2.135         -15.950          189.634
  480 (vir)          178.003          -2.646          -1.945         -15.721          189.134
  481 (vir)          178.793          -2.868          -2.214         -16.272          189.983
  482 (vir)          178.871          -0.416          -2.140         -16.229          192.544
  483 (vir)          179.076           8.719          -2.154         -16.254          201.894
  484 (vir)          179.109          -8.940          -2.164         -16.453          184.458
  485 (vir)          179.563          -6.651          -2.015         -16.009          186.905
  486 (vir)          179.708          -6.381          -2.026         -16.208          187.509
  487 (vir)          179.976           0.463          -2.063         -15.915          194.291
  488 (vir)          181.122          -0.022          -2.004         -16.031          195.127
  489 (vir)          182.338          -1.872          -2.338         -16.900          195.028
  490 (vir)          182.597           0.606          -2.223         -16.507          197.486
  491 (vir)          183.179           3.138          -2.023         -16.075          200.369
  492 (vir)          183.501          -4.287          -2.094         -16.173          193.292
  493 (vir)          184.205          -3.023          -2.021         -16.195          195.356
  494 (vir)          184.432           1.308          -2.351         -16.540          199.929
  495 (vir)          184.970           3.566          -2.237         -16.236          202.536
  496 (vir)          185.806          -0.565          -1.893         -15.835          199.183
  497 (vir)          186.101           1.917          -2.059         -16.282          202.241
  498 (vir)          186.510          -6.870          -1.829         -15.665          193.476
  499 (vir)          186.989           0.844          -1.998         -15.879          201.713
  500 (vir)          188.034         -10.463          -1.872         -15.911          191.610
  501 (vir)          188.051          -1.651          -1.756         -15.450          200.095
  502 (vir)          189.377           1.838          -2.579         -16.650          205.287
  503 (vir)          189.664         -14.357          -1.702         -15.257          188.861
  504 (vir)          189.895          -8.311          -1.589         -14.714          194.709
  505 (vir)          190.399           1.716          -2.124         -16.122          206.112
  506 (vir)          191.369          -4.130          -1.777         -15.316          200.778
  507 (vir)          191.796         -17.445          -2.227         -16.132          188.256
  508 (vir)          192.271           1.661          -2.131         -16.111          207.910
  509 (vir)          192.985          -2.221          -2.176         -16.213          204.800
  510 (vir)          193.634           3.857          -1.575         -14.803          210.720
  511 (vir)          194.253           2.834          -2.342         -16.849          211.593
  512 (vir)          194.551           5.058          -1.408         -14.087          212.289
  513 (vir)          194.758          -0.914          -1.582         -14.745          207.006
  514 (vir)          195.733           2.775          -2.257         -15.928          212.179
  515 (vir)          196.374           2.552          -2.301         -15.930          212.555
  516 (vir)          196.856           0.507          -1.734         -15.220          210.850
  517 (vir)          197.601           1.870          -2.171         -16.100          213.400
  518 (vir)          198.147           0.853          -2.409         -16.439          213.030
  519 (vir)          198.807           2.722          -1.857         -15.562          215.234
  520 (vir)          199.293           0.240          -2.076         -15.786          213.243
  521 (vir)          199.826          -1.067          -1.995         -15.398          212.163
  522 (vir)          200.626           1.444          -1.644         -14.776          215.202
  523 (vir)          200.994           1.139          -1.826         -15.316          215.623
  524 (vir)          201.220           2.090          -1.666         -14.848          216.491
  525 (vir)          201.717           3.614          -2.047         -15.717          219.001
  526 (vir)          202.306           1.252          -1.748         -15.045          216.855
  527 (vir)          202.715          -0.933          -1.295         -14.260          214.746
  528 (vir)          203.137           5.110          -1.877         -15.178          221.548
  529 (vir)          203.447          -0.473          -2.261         -16.420          217.133
  530 (vir)          204.191           0.890          -1.157         -13.807          217.730
  531 (vir)          205.485          -1.555          -1.562         -14.505          216.873
  532 (vir)          205.838           2.058          -2.073         -15.585          221.409
  533 (vir)          206.483           3.764          -1.788         -15.162          223.621
  534 (vir)          206.565         -19.465          -1.657         -15.534          200.978
  535 (vir)          207.013          -1.598          -1.835         -15.450          219.030
  536 (vir)          207.829           1.613          -1.934         -15.920          223.427
  537 (vir)          207.975          -1.586          -1.877         -15.916          220.429
  538 (vir)          208.056           0.757          -1.588         -15.145          222.370
  539 (vir)          208.468           1.194          -2.086         -15.964          223.541
  540 (vir)          209.475           4.760          -1.382         -14.180          227.032
  541 (vir)          209.790           1.379          -1.950         -16.124          225.343
  542 (vir)          210.059          -1.483          -1.673         -15.125          222.028
  543 (vir)          210.263           2.115          -1.958         -16.071          226.491
  544 (vir)          210.778           4.685          -2.386         -17.140          230.218
  545 (vir)          211.227           2.429          -2.317         -16.537          227.876
  546 (vir)          211.445          -5.708          -1.535         -15.351          219.553
  547 (vir)          212.192           3.013          -1.716         -15.157          228.646
  548 (vir)          212.584           2.727          -1.791         -15.542          229.061
  549 (vir)          212.967           0.837          -1.865         -15.623          227.562
  550 (vir)          213.083           2.939          -1.822         -15.665          229.865
  551 (vir)          214.075           7.907          -1.972         -16.237          236.247
  552 (vir)          214.326           0.204          -2.533         -17.426          229.423
  553 (vir)          214.615          -0.076          -1.702         -15.733          228.571
  554 (vir)          215.019          -0.291          -1.801         -15.668          228.594
  555 (vir)          215.506           0.240          -2.077         -16.635          230.305
  556 (vir)          215.757          -2.920          -1.603         -15.521          226.754
  557 (vir)          216.057           1.619          -2.650         -17.716          232.742
  558 (vir)          216.272           0.692          -2.448         -17.283          231.799
  559 (vir)          216.866           2.224          -1.875         -16.138          233.354
  560 (vir)          217.447          -0.170          -1.759         -15.930          231.447
  561 (vir)          217.851           1.435          -2.141         -16.696          233.840
  562 (vir)          218.073           1.033          -1.974         -16.325          233.456
  563 (vir)          219.092          -3.725          -1.800         -16.206          229.774
  564 (vir)          219.573           0.608          -1.875         -16.215          234.521
  565 (vir)          219.711          -2.785          -1.942         -16.811          231.794
  566 (vir)          220.044          -0.464          -2.084         -16.780          234.276
  567 (vir)          220.361          -1.519          -1.639         -15.197          232.400
  568 (vir)          221.159           0.286          -1.786         -16.220          235.879
  569 (vir)          221.594          -1.247          -2.102         -17.001          235.246
  570 (vir)          222.231           0.685          -1.918         -16.267          237.265
  571 (vir)          222.621          -7.447          -1.805         -16.287          229.657
  572 (vir)          222.935          -7.664          -1.835         -16.246          229.682
  573 (vir)          223.179          -0.556          -1.491         -15.112          236.245
  574 (vir)          223.270          -1.615          -1.675         -16.107          236.087
  575 (vir)          223.955          -2.132          -1.730         -16.105          236.197
  576 (vir)          224.186           0.359          -1.757         -15.786          238.574
  577 (vir)          224.886           1.506          -1.880         -16.345          240.857
  578 (vir)          225.578          -7.106          -2.029         -17.109          233.552
  579 (vir)          225.685           0.454          -2.338         -17.249          241.050
  580 (vir)          226.126          -0.947          -1.828         -16.094          239.446
  581 (vir)          226.652          -6.100          -1.941         -17.097          235.709
  582 (vir)          227.627         -12.679          -1.811         -16.601          229.738
  583 (vir)          227.801          -0.307          -2.389         -17.796          242.902
  584 (vir)          228.194           0.516          -1.555         -15.609          242.764
  585 (vir)          228.501           3.938          -1.712         -16.057          246.783
  586 (vir)          228.863         -11.547          -2.024         -16.651          231.943
  587 (vir)          228.956          -1.571          -2.268         -17.272          242.389
  588 (vir)          229.521           0.839          -2.270         -17.386          245.476
  589 (vir)          229.672           0.735          -2.439         -17.565          245.533
  590 (vir)          231.023          -1.178          -2.272         -17.523          245.095
  591 (vir)          231.503           0.174          -1.816         -16.407          246.267
  592 (vir)          232.015           4.473          -1.774         -16.454          251.168
  593 (vir)          233.369          -4.010          -1.891         -16.583          244.051
  594 (vir)          233.611           1.210          -2.622         -18.262          250.460
  595 (vir)          233.817           3.073          -2.281         -17.320          251.928
  596 (vir)          234.526           0.386          -1.540         -15.694          249.067
  597 (vir)          234.815           0.689          -2.226         -17.739          251.017
  598 (vir)          235.140           2.187          -2.477         -18.148          252.999
  599 (vir)          235.695           0.654          -2.176         -17.266          251.439
  600 (vir)          236.989         -12.283          -2.278         -17.758          240.186
  601 (vir)          237.218          -2.982          -2.087         -17.074          249.223
  602 (vir)          237.568           8.224          -2.348         -18.690          262.135
  603 (vir)          238.521          -1.288          -2.068         -17.114          252.280
  604 (vir)          239.252          -3.722          -1.944         -16.825          250.410
  605 (vir)          240.028           8.153          -2.042         -17.738          263.876
  606 (vir)          241.642           4.776          -2.656         -18.368          262.130
  607 (vir)          242.790         -10.454          -2.157         -18.155          248.334
  608 (vir)          243.149           6.565          -2.267         -18.578          266.024
  609 (vir)          243.704           6.427          -1.945         -17.329          265.515
  610 (vir)          244.120           7.621          -1.989         -17.567          267.319
  611 (vir)          244.691         -11.573          -2.061         -17.747          248.804
  612 (vir)          244.943           9.166          -2.156         -17.946          269.899
  613 (vir)          245.154           5.642          -2.114         -18.161          266.843
  614 (vir)          245.974           7.922          -2.213         -18.320          270.003
  615 (vir)          246.316           7.898          -2.302         -18.620          270.532
  616 (vir)          246.936           4.199          -2.260         -18.182          267.056
  617 (vir)          247.145           6.195          -2.363         -18.480          269.457
  618 (vir)          247.643           3.022          -2.305         -18.473          266.832
  619 (vir)          248.088           6.641          -2.216         -18.314          270.827
  620 (vir)          248.332          -9.420          -2.186         -18.424          255.150
  621 (vir)          248.622          -2.333          -2.219         -18.481          262.552
  622 (vir)          248.825           8.428          -2.170         -18.463          273.546
  623 (vir)          249.412           9.691          -2.013         -17.789          274.879
  624 (vir)          249.756           6.693          -2.083         -18.216          272.582
  625 (vir)          249.951           4.757          -2.430         -18.549          270.827
  626 (vir)          250.938           3.873          -2.281         -18.262          270.793
  627 (vir)          251.283           3.690          -2.244         -18.330          271.058
  628 (vir)          251.875           5.061          -2.244         -18.799          273.491
  629 (vir)          252.752           3.218          -2.111         -17.680          271.538
  630 (vir)          254.298           1.643          -2.289         -18.166          271.817
  631 (vir)          254.949           7.633          -2.062         -18.088          278.608
  632 (vir)          255.517           4.333          -2.679         -19.115          276.286
  633 (vir)          256.748           0.309          -2.460         -18.659          273.256
  634 (vir)          257.530           3.486          -2.444         -18.719          277.291
  635 (vir)          258.206           8.792          -2.379         -18.832          283.451
  636 (vir)          258.784           1.986          -2.469         -18.901          277.202
  637 (vir)          259.698          10.289          -2.292         -18.659          286.353
  638 (vir)          261.416           2.633          -2.351         -18.365          280.063
  639 (vir)          262.645           0.196          -2.174         -18.167          278.835
  640 (vir)          263.188           4.385          -2.467         -18.963          284.069
  641 (vir)          264.114          -0.389          -1.627         -16.562          278.660
  642 (vir)          264.307           0.758          -2.529         -19.074          281.609
  643 (vir)          265.017          -1.596          -1.516         -16.280          278.186
  644 (vir)          265.596          -1.365          -1.966         -17.744          280.009
  645 (vir)          265.979           3.326          -1.634         -16.784          284.456
  646 (vir)          266.911           1.186          -2.316         -18.552          284.334
  647 (vir)          268.183          -8.347          -2.137         -18.019          275.718
  648 (vir)          268.397           0.499          -2.082         -18.294          285.108
  649 (vir)          269.319           2.142          -2.701         -19.445          288.205
  650 (vir)          269.921           6.704          -2.614         -19.829          293.840
  651 (vir)          271.223           1.633          -2.393         -19.169          289.632
  652 (vir)          271.406           2.958          -2.429         -18.962          290.897
  653 (vir)          271.692          10.660          -2.620         -19.850          299.583
  654 (vir)          273.311           0.798          -2.913         -19.925          291.121
  655 (vir)          273.589           4.587          -2.712         -20.150          295.614
  656 (vir)          274.746           1.711          -2.545         -19.431          293.344
  657 (vir)          275.308           2.057          -2.848         -19.638          294.155
  658 (vir)          276.834           7.229          -2.764         -20.310          301.609
  659 (vir)          278.511           4.459          -2.601         -20.195          300.563
  660 (vir)          278.680           8.323          -3.693         -21.077          304.387
  661 (vir)          280.247           5.361          -2.830         -19.658          302.435
  662 (vir)          281.764           2.151          -3.314         -20.611          301.211
  663 (vir)          282.541           3.524          -2.507         -18.883          302.441
  664 (vir)          283.780         -20.449          -2.524         -20.160          280.967
  665 (vir)          284.502           4.012          -2.450         -19.982          306.047
  666 (vir)          285.576           1.477          -3.330         -20.524          304.247
  667 (vir)          286.791           0.998          -2.394         -18.849          304.243
  668 (vir)          287.234           4.153          -2.432         -20.006          308.962
  669 (vir)          287.761           1.526          -3.151         -19.817          305.953
  670 (vir)          290.392           1.205          -2.587         -19.771          308.782
  671 (vir)          293.226           2.458          -3.259         -20.656          313.081
  672 (vir)          294.293           2.597          -3.206         -20.401          314.085
  673 (vir)          297.997           1.992          -3.412         -21.027          317.604
  674 (vir)          300.628           2.235          -3.904         -21.808          320.767
  675 (vir)          306.088           1.238          -3.642         -21.789          325.473
  676 (vir)          308.173           2.278          -2.367         -19.500          327.583
  677 (vir)          309.319           4.855          -3.500         -21.664          332.338
  678 (vir)          310.158           1.547          -3.515         -21.281          329.471
  679 (vir)          311.314           2.440          -2.890         -20.291          331.154
  680 (vir)          311.633           2.309          -3.280         -21.178          331.840
  681 (vir)          312.964           2.175          -1.748         -17.853          331.243
  682 (vir)          313.182           2.459          -5.157         -23.954          334.438
  683 (vir)          314.073           1.643          -2.582         -20.032          333.166
  684 (vir)          314.481          -1.566          -1.800         -17.940          329.056
  685 (vir)          315.772           2.726          -3.828         -22.408          337.077
  686 (vir)          318.663           2.635          -4.646         -23.617          340.269
  687 (vir)          321.120           2.343          -3.388         -21.959          342.035
  688 (vir)          322.135           2.405          -2.497         -19.648          341.691
  689 (vir)          322.227           1.819          -3.777         -22.400          342.670
  690 (vir)          323.975           1.776          -4.471         -23.737          345.016
  691 (vir)          326.751           5.429          -3.672         -22.314          350.821
  692 (vir)          327.098          -6.497          -4.245         -23.217          339.573
  693 (vir)          329.220           1.741          -3.719         -22.494          349.737
  694 (vir)          333.600           3.653          -2.155         -19.136          354.235
  695 (vir)          336.276           1.651          -2.144         -19.379          355.162
  696 (vir)          340.232           2.449          -2.432         -18.829          359.079
  697 (vir)          342.906           2.192          -2.521         -19.046          361.624
  698 (vir)          392.816           1.966          -2.474         -19.811          412.119
  699 (vir)          402.384           2.644          -3.346         -21.431          423.113
  700 (vir)          407.554           2.700          -3.672         -22.022          428.603
  701 (vir)          755.724           1.299         -13.013         -46.324          790.334
  702 (vir)          768.486           1.293         -12.811         -46.124          803.091
  703 (vir)          771.364           1.245         -12.732         -45.963          805.840
  704 (vir)          775.650           1.254         -12.663         -45.909          810.149
  705 (vir)          779.126           1.285         -12.659         -46.003          813.755
  706 (vir)         1017.610           1.294         -15.402         -54.176         1057.678
  707 (vir)         1018.143           1.294         -15.397         -54.173         1058.214
  708 (vir)         1019.732           1.299         -15.380         -54.164         1059.816
  709 (vir)         1028.594           1.345         -15.200         -54.023         1068.762
  710 (vir)         1034.925           1.332         -15.103         -53.901         1075.055
  711 (vir)         3986.746           1.228         -14.780         -94.566         4067.761
  712 (vir)         3999.112           1.254         -14.726         -94.516         4080.155
  713 (vir)         4001.403           1.249         -14.721         -94.510         4082.442
  714 (vir)         4005.879           1.258         -14.699         -94.491         4086.929
  715 (vir)         4009.544           1.268         -14.683         -94.479         4090.609
  716 (vir)         5341.992           0.749         -17.623        -110.446         5435.565
  717 (vir)         5342.763           0.749         -17.620        -110.444         5436.337
  718 (vir)         5344.440           0.750         -17.616        -110.442         5438.017
  719 (vir)         5353.942           0.755         -17.543        -110.374         5447.529
  720 (vir)         5360.104           0.756         -17.517        -110.350         5453.693
