 
  kpoint:     0.0000    0.0000    0.0000
 
    n          ϵ_nk^DFT (eV)     Σ^c_nk (eV)     Σ^x_nk (eV)     v_n^xc (eV)   ϵ_nk^G0W0 (eV)
 
    1 (occ)         -510.300          -2.314        -132.565         -83.738         -561.440
    2 (occ)          -25.293           6.278         -33.153         -21.507          -30.661
    3 (occ)          -13.139           1.288         -24.943         -18.378          -18.416
    4 (occ)           -9.249           1.952         -25.888         -19.010          -14.175
    5 (occ)           -7.163           2.061         -26.015         -19.147          -11.971
    6 (vir)           -0.317          -0.839          -2.524          -6.038            2.358
    7 (vir)            1.481          -0.750          -2.331          -5.454            3.855
    8 (vir)            5.860          -0.711          -2.050          -5.525            8.624
    9 (vir)            6.379          -1.078          -2.529          -6.801            9.573
   10 (vir)            6.445          -0.812          -3.091          -6.982            9.524
   11 (vir)            7.317          -1.709          -3.655          -8.621           10.573
   12 (vir)            9.711          -1.618          -3.008          -7.457           12.541
   13 (vir)           11.409          -1.291          -1.983          -6.637           14.772
   14 (vir)           12.964          -1.321          -1.834          -6.680           16.489
   15 (vir)           14.563          -1.289          -1.861          -6.654           18.068
   16 (vir)           15.421          -1.414          -2.794          -7.654           18.868
   17 (vir)           19.873          -1.591          -0.822          -5.476           22.936
   18 (vir)           23.112          -1.706          -0.999          -6.039           26.446
   19 (vir)           23.843          -1.109          -1.440          -6.378           27.673
   20 (vir)           25.227          -1.941          -2.397          -8.161           29.051
   21 (vir)           26.123          -2.469          -3.565         -10.280           30.369
   22 (vir)           32.341          -3.229          -4.051         -11.963           37.023
   23 (vir)           32.708          -2.402          -3.299         -10.343           37.350
   24 (vir)           33.237          -2.144          -3.036          -9.939           37.996
   25 (vir)           34.808          -3.435          -4.390         -12.588           39.570
   26 (vir)           35.000          -2.109          -3.259         -10.271           39.904
   27 (vir)           36.362          -3.432          -3.593         -11.642           40.979
   28 (vir)           46.131          -2.786          -2.788         -10.353           50.911
   29 (vir)           48.725          -1.716          -1.433          -8.877           54.454
   30 (vir)           51.480          -1.565          -1.523          -9.111           57.502
   31 (vir)           51.947          -1.460          -1.502          -9.043           58.029
   32 (vir)           54.254          -1.944          -1.709          -9.783           60.384
   33 (vir)           59.170          -1.520          -1.070          -8.429           65.009
   34 (vir)           59.463          -1.962          -1.391          -9.375           65.486
   35 (vir)           60.508          -3.043          -1.591          -9.700           65.574
   36 (vir)           60.600          -0.768          -1.002          -8.415           67.245
   37 (vir)           62.908          -1.699          -0.822          -8.200           68.586
   38 (vir)           65.837          -0.718          -1.882          -9.691           72.928
   39 (vir)           67.021          -1.823          -1.507          -9.275           72.966
   40 (vir)           69.246          -1.609          -1.614          -9.407           75.431
   41 (vir)           69.753          -2.436          -2.004         -10.495           75.808
   42 (vir)           74.807          -1.871          -1.922         -10.444           81.459
   43 (vir)           76.755           4.361          -2.533         -11.428           90.012
   44 (vir)           81.240          -0.341          -3.166         -13.233           90.967
   45 (vir)           82.192          -1.432          -1.545         -10.049           89.264
   46 (vir)           84.628          -2.515          -4.313         -15.569           93.369
   47 (vir)           97.087          -2.498          -2.939         -14.402          106.052
   48 (vir)           99.683          -2.302          -4.002         -16.202          109.582
   49 (vir)          100.993          -1.417          -3.059         -14.755          111.272
   50 (vir)          101.316          -1.038          -3.396         -15.150          112.031
   51 (vir)          106.347          -1.480          -2.701         -14.254          116.420
   52 (vir)          106.766          -4.158          -5.143         -18.443          115.908
   53 (vir)          110.490          -2.779          -3.971         -16.518          120.258
   54 (vir)          111.206          -0.940          -3.616         -15.376          122.026
   55 (vir)          115.810          -2.105          -3.311         -15.697          126.091
   56 (vir)          121.754          -1.223          -2.625         -14.494          132.400
   57 (vir)          125.263          -0.767          -4.284         -17.796          138.008
   58 (vir)          126.654           0.149          -3.100         -15.649          139.353
   59 (vir)          137.379          -3.566          -6.642         -22.764          149.935
   60 (vir)          141.136          -0.595          -3.266         -17.149          154.424
   61 (vir)          141.879          -1.332          -2.391         -15.041          153.197
   62 (vir)          152.175          -0.439          -0.994         -11.375          162.117
   63 (vir)          156.885          -1.444          -1.628         -13.335          167.148
   64 (vir)          159.545          -0.341          -0.821         -11.134          169.516
   65 (vir)          161.875           0.094          -0.911         -11.383          172.440
   66 (vir)          171.032           0.814          -1.329         -13.198          183.715
   67 (vir)          173.927           0.390          -1.099         -12.145          185.363
   68 (vir)          179.958           1.130          -1.550         -13.936          193.473
   69 (vir)          188.762           0.053          -0.970         -12.112          199.957
   70 (vir)          188.787          -6.420          -1.990         -14.850          195.226
   71 (vir)          189.997           0.454          -1.379         -13.777          202.849
   72 (vir)          190.871           1.445          -1.239         -13.189          204.267
   73 (vir)          192.935           1.572          -1.452         -14.030          207.085
   74 (vir)          194.764           0.078          -2.472         -16.215          208.585
   75 (vir)          195.793           1.353          -3.088         -17.374          211.431
   76 (vir)          197.660          -2.839          -1.086         -12.416          206.151
   77 (vir)          198.679           2.102          -1.951         -14.902          213.731
   78 (vir)          205.296           1.405          -1.077         -13.026          218.650
   79 (vir)          207.654         -13.931          -1.267         -13.872          206.328
   80 (vir)          209.323           0.439          -1.187         -13.268          221.842
   81 (vir)          210.349          -0.048          -1.004         -12.958          222.256
   82 (vir)          210.872          -0.490          -1.056         -13.340          222.666
   83 (vir)          214.482          -0.013          -0.798         -12.454          226.124
   84 (vir)          215.535           1.715          -1.195         -13.693          229.748
   85 (vir)          222.333           0.280          -1.286         -13.718          235.045
   86 (vir)          226.309          -0.968          -2.114         -16.341          239.569
   87 (vir)          229.540           0.054          -1.689         -15.736          243.642
   88 (vir)          234.002           4.851          -1.643         -15.710          252.919
   89 (vir)          234.548           0.574          -1.840         -16.047          249.329
   90 (vir)          241.371           5.290          -2.059         -17.157          261.759
   91 (vir)          242.637          -0.886          -1.448         -14.812          255.114
   92 (vir)          262.830          -0.842          -2.493         -18.915          278.410
   93 (vir)          263.507           1.027          -2.191         -18.581          280.924
   94 (vir)          273.834          -2.195          -2.582         -19.477          288.533
   95 (vir)          275.369           0.961          -2.295         -19.155          293.190
   96 (vir)          286.868           3.977          -2.569         -19.913          308.188
   97 (vir)          287.020           0.133          -2.808         -20.074          304.418
   98 (vir)          292.697           1.152          -2.355         -19.576          311.069
   99 (vir)          296.056           8.132          -2.772         -20.784          322.199
  100 (vir)          297.362           1.609          -2.895         -21.091          317.167
  101 (vir)          302.476           7.961          -3.301         -22.663          329.800
  102 (vir)          306.549           8.609          -3.646         -22.824          334.337
  103 (vir)          313.906           2.143          -3.610         -23.529          335.968
  104 (vir)          316.283         -23.344          -3.337         -22.296          311.898
  105 (vir)          317.636           5.094          -2.440         -20.514          340.804
  106 (vir)          318.198           6.556          -3.337         -23.055          344.472
  107 (vir)          327.008           3.620          -5.255         -24.838          350.211
  108 (vir)          345.297          -0.421          -2.924         -22.211          364.164
  109 (vir)          362.746          -2.354          -5.076         -25.908          381.224
  110 (vir)          364.118           6.739          -2.257         -20.321          388.921
  111 (vir)          367.217          -0.814          -3.155         -22.666          385.914
  112 (vir)          378.542           2.492          -2.967         -22.615          400.682
  113 (vir)          387.036         -26.190          -3.842         -24.246          381.249
  114 (vir)          447.863           6.276          -3.111         -22.988          474.016
  115 (vir)          448.267           2.140          -4.877         -25.328          470.858
  116 (vir)         1304.145           1.421         -17.935         -62.151         1349.782
  117 (vir)         6871.165           1.217         -20.584        -126.320         6978.118
