 
  kpoint:     0.0000    0.0000    0.0000
 
    n          ϵ_nk^DFT (eV)     Σ^c_nk (eV)     Σ^x_nk (eV)     v_n^xc (eV)   ϵ_nk^G0W0 (eV)
 
    1 (occ)          -10.380           0.412         -17.868         -12.063          -15.773
    2 (vir)            0.808          -0.491          -1.370          -4.543            3.491
    3 (vir)            2.789          -0.337          -1.107          -3.598            4.942
    4 (vir)            7.900          -1.058          -1.826          -5.792           10.808
    5 (vir)            9.000          -1.045          -1.825          -6.734           12.864
    6 (vir)            9.000          -1.045          -1.825          -6.734           12.864
    7 (vir)           17.151          -0.585          -0.868          -5.525           21.223
    8 (vir)           17.645          -1.826          -0.530          -5.088           20.377
    9 (vir)           17.645          -1.826          -0.530          -5.088           20.377
   10 (vir)           22.938          -2.078          -1.667          -7.056           26.249
   11 (vir)           23.237          -1.001          -0.941          -5.310           26.604
   12 (vir)           37.246          -0.146          -1.500          -8.363           43.963
   13 (vir)           45.382          -0.004          -0.995          -8.407           52.790
   14 (vir)           45.382          -0.004          -0.995          -8.407           52.790
   15 (vir)           50.063          -0.153          -2.009         -10.474           58.375
   16 (vir)           50.063          -0.153          -2.009         -10.474           58.375
   17 (vir)           57.213          -0.399          -1.218          -9.142           64.737
   18 (vir)           57.493          -0.365          -0.776          -7.620           63.973
   19 (vir)           57.493          -0.365          -0.776          -7.620           63.973
   20 (vir)           62.313          -0.318          -0.598          -7.883           69.280
   21 (vir)           62.313          -0.318          -0.598          -7.883           69.280
   22 (vir)           62.467           0.141          -0.526          -7.523           69.605
   23 (vir)           62.467           0.141          -0.526          -7.523           69.605
   24 (vir)           66.172           0.299          -0.497          -6.882           72.856
   25 (vir)           75.149           0.840          -1.428          -9.760           84.321
   26 (vir)           90.135           1.149          -0.760          -8.866           99.390
   27 (vir)           90.135           1.149          -0.760          -8.866           99.390
   28 (vir)          115.496           2.170          -1.466         -12.756          128.955
   29 (vir)          127.593           1.808          -1.186         -12.492          140.707
   30 (vir)          144.931          -5.968          -0.696         -10.895          149.162
   31 (vir)          144.931          -5.968          -0.696         -10.895          149.162
   32 (vir)          156.445           1.369          -0.687         -10.064          167.191
   33 (vir)          158.672           2.998          -0.830         -11.777          172.616
   34 (vir)          158.672           2.998          -0.830         -11.777          172.616
   35 (vir)          173.605          -8.829          -0.495         -10.454          174.735
   36 (vir)          173.605          -8.829          -0.495         -10.454          174.735
   37 (vir)          177.395           2.148          -1.393         -14.278          192.428
   38 (vir)          177.395           2.148          -1.393         -14.278          192.428
   39 (vir)          183.282          -6.573          -0.441          -9.874          186.142
   40 (vir)          183.282          -6.573          -0.441          -9.874          186.142
   41 (vir)          183.338           2.131          -1.350         -14.383          198.502
   42 (vir)          197.313           4.071          -0.447         -10.310          211.247
   43 (vir)          197.313           4.071          -0.447         -10.310          211.247
   44 (vir)          205.525           3.509          -0.805         -12.799          221.028
   45 (vir)          205.525           3.509          -0.805         -12.799          221.028
   46 (vir)          205.732           4.585          -0.733         -12.304          221.888
   47 (vir)          205.732           4.585          -0.733         -12.304          221.888
   48 (vir)          215.463           3.870          -1.041         -13.995          232.287
   49 (vir)          215.463           3.870          -1.041         -13.995          232.287
   50 (vir)          217.716           1.575          -0.856         -12.910          231.345
   51 (vir)          218.545           1.699          -0.599         -11.878          231.523
   52 (vir)          228.126           3.149          -0.687         -12.596          243.184
   53 (vir)          228.126           3.149          -0.687         -12.596          243.184
   54 (vir)          238.117           2.680          -0.740         -13.130          253.187
   55 (vir)          238.117           2.680          -0.740         -13.130          253.187
   56 (vir)          261.436           3.059          -0.875         -13.762          277.381
   57 (vir)          332.593           1.794          -0.762         -14.171          347.796
   58 (vir)          333.578           1.829          -0.657         -13.924          348.673
   59 (vir)          333.578           1.829          -0.657         -13.924          348.673
   60 (vir)          336.662           1.738          -0.954         -16.445          353.890
