 
  kpoint:     0.0000    0.0000    0.0000
 
    n          ϵ_nk^DFT (eV)     Σ^c_nk (eV)     Σ^x_nk (eV)     v_n^xc (eV)   ϵ_nk^G0W0 (eV)
 
    1 (occ)         -512.101          -2.510        -132.582         -83.742         -563.451
    2 (occ)         -510.481          -2.568        -132.592         -83.742         -561.899
    3 (occ)         -272.670           1.221         -96.892         -61.533         -306.807
    4 (occ)          -28.191           8.070         -33.313         -21.399          -32.035
    5 (occ)          -25.870           7.754         -34.004         -22.453          -29.667
    6 (occ)          -16.717           3.042         -25.477         -18.134          -21.019
    7 (occ)          -12.966           2.304         -23.797         -17.400          -17.059
    8 (occ)          -12.058           3.697         -27.780         -20.127          -16.013
    9 (occ)          -11.238           2.401         -23.136         -17.207          -14.767
   10 (occ)           -9.968           2.327         -26.069         -19.522          -14.189
   11 (occ)           -8.208           1.594         -25.082         -19.725          -11.971
   12 (occ)           -6.914           2.180         -25.370         -19.404          -10.699
   13 (vir)           -1.490          -2.559         -10.091         -16.039            1.899
   14 (vir)           -0.147          -1.225          -3.230          -6.866            2.264
   15 (vir)            0.870          -1.015          -2.133          -5.309            3.031
   16 (vir)            2.450          -0.968          -2.169          -5.411            4.724
   17 (vir)            2.813          -0.952          -1.168          -4.161            4.854
   18 (vir)            3.167          -1.468          -3.360          -7.357            5.697
   19 (vir)            4.429          -1.101          -2.053          -5.583            6.858
   20 (vir)            6.095          -1.321          -2.138          -5.926            8.561
   21 (vir)            6.526          -1.803          -3.486          -8.073            9.308
   22 (vir)            7.191          -1.310          -2.287          -6.195            9.789
   23 (vir)            7.295          -2.790          -6.297         -12.199           10.406
   24 (vir)            8.054          -1.148          -1.673          -5.219           10.453
   25 (vir)            8.279          -2.130          -3.528          -8.442           11.063
   26 (vir)            8.330          -1.820          -2.615          -7.106           11.001
   27 (vir)            9.385          -1.711          -2.476          -6.740           11.938
   28 (vir)           10.293          -2.361          -4.549          -9.911           13.295
   29 (vir)           10.807          -2.047          -3.769          -8.755           13.747
   30 (vir)           11.874          -1.583          -1.940          -6.434           14.785
   31 (vir)           13.715          -1.996          -1.915          -7.022           16.826
   32 (vir)           15.102          -2.355          -2.964          -8.419           18.202
   33 (vir)           16.100          -2.089          -2.286          -7.803           19.528
   34 (vir)           17.012          -2.416          -2.634          -7.949           19.911
   35 (vir)           17.428          -1.537          -2.794          -8.126           21.224
   36 (vir)           18.651          -2.969          -1.956          -7.984           21.710
   37 (vir)           19.035          -3.876          -4.214         -10.733           21.678
   38 (vir)           20.041          -2.935          -3.125          -9.067           23.048
   39 (vir)           21.040          -2.109          -1.887          -6.888           23.933
   40 (vir)           21.567          -1.967          -1.437          -6.742           24.904
   41 (vir)           21.991          -2.012          -2.467          -8.128           25.640
   42 (vir)           22.658          -1.643          -1.409          -6.353           25.959
   43 (vir)           24.537          -2.571          -2.937          -9.051           28.080
   44 (vir)           25.333          -2.524          -1.696          -7.112           28.225
   45 (vir)           28.158          -0.506          -2.985          -9.761           34.428
   46 (vir)           29.345          -2.474          -1.440          -6.846           32.278
   47 (vir)           30.376          -2.680          -3.706         -11.008           34.999
   48 (vir)           30.720          -3.457          -3.017         -10.070           34.317
   49 (vir)           33.205          -2.096          -3.478         -10.913           38.544
   50 (vir)           33.842          -2.492          -3.638         -11.237           38.950
   51 (vir)           35.176          -4.425          -3.571         -11.330           38.510
   52 (vir)           35.430          -2.827          -3.376         -10.836           40.063
   53 (vir)           36.209          -2.950          -3.705         -11.670           41.223
   54 (vir)           36.527          -3.199          -3.281         -10.999           41.046
   55 (vir)           36.780          -3.136          -3.577         -11.202           41.269
   56 (vir)           37.489          -3.271          -3.742         -11.943           42.419
   57 (vir)           37.790          -1.990          -3.024         -10.410           43.186
   58 (vir)           40.006          -2.594          -3.186         -11.026           45.253
   59 (vir)           43.026          -3.683          -2.378         -10.219           47.184
   60 (vir)           43.728          -2.957          -2.784         -10.150           48.136
   61 (vir)           44.661          -2.882          -2.231         -10.563           50.110
   62 (vir)           46.471          -2.753          -3.479         -12.064           52.304
   63 (vir)           47.972          -2.559          -2.130         -10.688           53.972
   64 (vir)           48.586          -4.857          -3.072         -11.392           52.049
   65 (vir)           49.432          -2.995          -2.275         -10.860           55.022
   66 (vir)           50.236          -3.172          -2.685         -11.017           55.395
   67 (vir)           51.076          -4.076          -3.096         -11.559           55.463
   68 (vir)           53.642          -5.393          -2.491         -10.875           56.633
   69 (vir)           54.495           0.169          -1.975         -10.187           62.877
   70 (vir)           55.704          -2.919          -1.551          -9.686           60.920
   71 (vir)           56.091          -4.978          -2.600         -10.956           59.469
   72 (vir)           57.439          -2.776          -1.715         -10.051           63.000
   73 (vir)           58.872          -2.921          -1.379          -9.340           63.912
   74 (vir)           59.134          -2.707          -2.165         -10.824           65.087
   75 (vir)           59.512          -3.127          -2.694         -11.874           65.565
   76 (vir)           61.645          -2.812          -2.191         -11.345           67.986
   77 (vir)           62.593          -4.086          -2.034         -10.851           67.324
   78 (vir)           63.271          -2.907          -1.713         -10.044           68.694
   79 (vir)           65.522          -2.792          -1.559          -9.910           71.081
   80 (vir)           66.178          -3.843          -1.584          -9.614           70.365
   81 (vir)           68.088           1.808          -1.641          -9.875           78.130
   82 (vir)           68.332          -1.527          -1.525         -10.121           75.401
   83 (vir)           68.542          -5.549          -2.465         -11.223           71.751
   84 (vir)           70.848          -3.357          -1.578          -9.736           75.650
   85 (vir)           71.330          -7.962          -2.922         -12.560           73.006
   86 (vir)           74.314          -3.999          -3.747         -15.438           82.005
   87 (vir)           75.181          -6.485          -2.586         -11.982           78.093
   88 (vir)           78.981          -4.884          -2.852         -12.451           83.696
   89 (vir)           80.393           2.137          -3.156         -13.270           92.644
   90 (vir)           82.397          -3.450          -2.615         -13.519           89.850
   91 (vir)           82.879          -3.426          -2.659         -12.983           89.777
   92 (vir)           83.695          -6.754          -2.986         -13.283           87.238
   93 (vir)           86.709          -5.539          -2.620         -13.198           91.747
   94 (vir)           88.495          -9.942          -3.387         -14.766           89.932
   95 (vir)           91.769           6.003          -3.839         -15.805          109.737
   96 (vir)           91.937          -2.928          -2.248         -12.970           99.731
   97 (vir)           94.924           2.929          -3.011         -14.329          109.171
   98 (vir)           95.101          -3.964          -2.703         -14.000          102.434
   99 (vir)           96.722           7.357          -3.201         -14.619          115.497
  100 (vir)           99.139          -2.337          -4.199         -16.755          109.359
  101 (vir)           99.275         -13.207          -3.928         -16.217           98.357
  102 (vir)           99.928          -4.759          -3.942         -16.219          107.446
  103 (vir)          101.994          -2.870          -4.799         -17.807          112.131
  104 (vir)          103.814         -13.904          -3.223         -15.130          101.817
  105 (vir)          105.152           4.363          -4.674         -17.628          122.469
  106 (vir)          105.532          -2.750          -4.255         -17.069          115.597
  107 (vir)          108.364          -5.378          -4.511         -17.417          115.892
  108 (vir)          109.669          -6.287          -3.101         -15.119          115.400
  109 (vir)          112.003          -1.394          -2.685         -14.576          122.500
  110 (vir)          112.418          -2.833          -4.740         -18.165          123.009
  111 (vir)          113.862          -5.349          -2.669         -14.621          120.465
  112 (vir)          115.513          -7.480          -3.248         -15.926          120.710
  113 (vir)          116.857         -10.980          -3.753         -16.664          118.788
  114 (vir)          116.881          -5.885          -3.043         -15.596          123.549
  115 (vir)          119.437          -4.086          -2.916         -15.279          127.713
  116 (vir)          120.306           6.162          -4.101         -17.371          139.738
  117 (vir)          122.674           1.793          -4.324         -17.114          137.256
  118 (vir)          124.553          -3.515          -4.567         -18.499          134.970
  119 (vir)          128.877          -7.505          -3.014         -15.719          134.077
  120 (vir)          129.620           2.898          -3.230         -16.127          145.415
  121 (vir)          131.478           5.742          -5.801         -21.192          152.611
  122 (vir)          132.889           3.788          -3.095         -15.998          149.580
  123 (vir)          133.629           3.748          -5.728         -21.557          153.206
  124 (vir)          137.970           2.832          -3.049         -16.473          154.226
  125 (vir)          141.652           1.988          -2.325         -15.231          156.547
  126 (vir)          142.163           3.557          -2.808         -16.007          158.918
  127 (vir)          143.477           3.378          -3.502         -17.415          160.767
  128 (vir)          146.496           1.444          -2.365         -15.556          161.131
  129 (vir)          147.978           4.367          -4.186         -18.760          166.919
  130 (vir)          148.658           0.696          -1.706         -14.255          161.902
  131 (vir)          150.866           2.758          -2.764         -16.362          167.222
  132 (vir)          150.969           2.600          -2.102         -15.168          166.635
  133 (vir)          153.360           1.912          -2.858         -16.382          168.795
  134 (vir)          155.053           3.404          -1.539         -13.626          170.544
  135 (vir)          156.464           5.155          -3.169         -17.185          175.636
  136 (vir)          157.913           0.050          -1.835         -14.064          170.192
  137 (vir)          158.581           1.677          -1.838         -14.644          173.063
  138 (vir)          160.600          -1.923          -1.992         -14.671          171.356
  139 (vir)          161.524           2.306          -2.093         -15.443          177.179
  140 (vir)          163.265           2.509          -1.379         -13.401          177.796
  141 (vir)          165.212           1.729          -1.313         -13.277          178.905
  142 (vir)          166.560           2.703          -2.227         -15.696          182.733
  143 (vir)          170.058           3.679          -2.380         -15.671          187.027
  144 (vir)          170.934           3.179          -2.754         -16.426          187.784
  145 (vir)          172.276           1.661          -2.154         -16.162          187.945
  146 (vir)          175.192           3.942          -2.656         -16.836          193.314
  147 (vir)          180.018           1.977          -1.327         -13.456          194.124
  148 (vir)          182.488           4.653          -2.687         -16.581          201.035
  149 (vir)          184.177           0.920          -2.231         -16.624          199.490
  150 (vir)          184.966           2.740          -2.954         -17.062          201.815
  151 (vir)          190.323           3.327          -2.447         -16.367          207.569
  152 (vir)          191.136           2.709          -1.500         -14.110          206.454
  153 (vir)          192.952           2.774          -2.607         -16.793          209.912
  154 (vir)          194.430           2.366          -1.594         -14.049          209.251
  155 (vir)          196.082           1.294          -1.327         -13.941          209.990
  156 (vir)          197.382           2.648          -1.766         -14.560          212.823
  157 (vir)          199.327           1.466          -1.292         -13.978          213.479
  158 (vir)          199.777           1.943          -2.535         -16.644          215.830
  159 (vir)          201.767           1.061          -2.067         -16.413          217.174
  160 (vir)          203.267           1.132          -1.163         -13.425          216.660
  161 (vir)          207.197           2.175          -1.386         -14.013          221.998
  162 (vir)          208.508           2.621          -1.207         -13.411          223.334
  163 (vir)          208.645           3.333          -1.525         -14.113          224.566
  164 (vir)          212.195           2.893          -0.830         -12.506          226.765
  165 (vir)          215.828           2.704          -1.506         -14.493          231.518
  166 (vir)          217.045           3.307          -0.971         -13.617          232.999
  167 (vir)          218.374           2.241          -1.636         -15.071          234.051
  168 (vir)          222.080           2.361          -2.345         -16.764          238.860
  169 (vir)          224.531           2.255          -1.573         -14.515          239.728
  170 (vir)          226.503           2.899          -1.822         -15.777          243.357
  171 (vir)          227.337           1.354          -1.025         -13.687          241.353
  172 (vir)          229.774           2.023          -1.637         -15.462          245.622
  173 (vir)          234.061           1.721          -2.760         -18.528          251.550
  174 (vir)          235.403           2.344          -2.083         -16.987          252.651
  175 (vir)          237.454           2.706          -2.334         -18.795          256.621
  176 (vir)          237.712           2.743          -2.278         -18.540          256.717
  177 (vir)          239.217           2.378          -1.742         -16.326          256.179
  178 (vir)          243.346           2.588          -2.140         -18.206          262.001
  179 (vir)          245.661           2.740          -2.269         -18.194          264.326
  180 (vir)          247.793           3.153          -2.383         -19.130          267.693
  181 (vir)          250.244           2.288          -3.904         -21.475          270.103
  182 (vir)          253.328           3.083          -2.450         -18.879          272.841
  183 (vir)          257.243           2.976          -2.194         -17.974          275.999
  184 (vir)          259.191           2.227          -1.876         -17.252          276.794
  185 (vir)          262.203           2.461          -2.090         -18.367          280.941
  186 (vir)          262.932           2.362          -3.158         -20.644          282.779
  187 (vir)          263.722           1.802          -1.585         -16.629          280.569
  188 (vir)          267.761           2.002          -2.573         -19.647          286.837
  189 (vir)          271.826           2.687          -2.499         -19.737          291.752
  190 (vir)          273.760           2.701          -2.634         -20.181          294.007
  191 (vir)          276.811           2.641          -2.722         -19.904          296.634
  192 (vir)          280.378           2.443          -2.311         -19.345          299.855
  193 (vir)          284.003           2.573          -2.739         -20.552          304.390
  194 (vir)          286.290           3.099          -2.285         -19.057          306.161
  195 (vir)          290.854           2.892          -2.715         -20.346          311.377
  196 (vir)          292.531           2.526          -2.846         -20.910          313.122
  197 (vir)          294.849           5.084          -3.485         -23.105          319.553
  198 (vir)          295.793           5.034          -3.410         -22.865          320.282
  199 (vir)          302.753           3.103          -3.325         -22.764          325.294
  200 (vir)          304.849           2.159          -3.502         -23.019          326.525
  201 (vir)          307.177           2.654          -2.710         -20.696          327.817
  202 (vir)          308.055           2.973          -3.254         -22.738          330.511
  203 (vir)          309.845           2.219          -3.509         -22.946          331.501
  204 (vir)          311.592           2.503          -3.245         -22.779          333.629
  205 (vir)          316.403           2.047          -3.504         -22.923          337.869
  206 (vir)          316.883           1.938          -3.550         -22.906          338.178
  207 (vir)          317.172           3.354          -3.215         -22.805          340.116
  208 (vir)          317.409           2.725          -3.140         -22.628          339.622
  209 (vir)          318.164           3.597          -4.088         -23.894          341.568
  210 (vir)          325.697           9.123          -4.240         -25.306          355.886
  211 (vir)          326.037           2.021          -3.314         -22.834          347.578
  212 (vir)          327.975           1.763          -3.130         -22.502          349.109
  213 (vir)          330.384           1.885          -3.800         -23.849          352.317
  214 (vir)          333.502           1.769          -2.445         -19.400          352.226
  215 (vir)          336.295           0.256          -4.067         -25.086          357.569
  216 (vir)          343.204           4.550          -3.869         -23.536          367.421
  217 (vir)          353.993           1.756          -3.666         -24.542          376.624
  218 (vir)          355.864           2.529          -4.039         -24.780          379.134
  219 (vir)          368.111           2.614          -3.856         -24.730          391.599
  220 (vir)          368.991           1.634          -3.068         -22.677          390.234
  221 (vir)          375.902           2.829          -8.711         -30.799          400.818
  222 (vir)          378.197           3.803          -4.465         -25.080          402.615
  223 (vir)          386.907           2.745          -6.254         -27.793          411.193
  224 (vir)          389.860           4.316          -5.063         -26.833          415.947
  225 (vir)          443.914           2.455          -4.065         -24.338          466.642
  226 (vir)          767.587           1.199         -12.733         -45.900          801.953
  227 (vir)         1297.923           0.899         -18.051         -62.298         1343.068
  228 (vir)         1304.042           0.910         -17.956         -62.219         1349.214
  229 (vir)         3996.652           1.080         -14.741         -94.529         4077.520
  230 (vir)         6865.194           0.123         -20.624        -126.361         6971.054
  231 (vir)         6871.738           0.124         -20.592        -126.335         6977.605
