 
  kpoint:     0.0000    0.0000    0.0000
 
    n          ϵ_nk^DFT (eV)     Σ^c_nk (eV)     Σ^x_nk (eV)     v_n^xc (eV)   ϵ_nk^G0W0 (eV)
 
    1 (occ)        -1032.448           2.570        -187.396        -117.677        -1099.597
    2 (occ)        -1032.448           2.570        -187.396        -117.677        -1099.597
    3 (occ)        -1032.448           2.570        -187.396        -117.677        -1099.597
    4 (occ)        -1032.448           2.570        -187.396        -117.677        -1099.597
    5 (occ)        -1032.448           2.570        -187.396        -117.677        -1099.597
    6 (occ)        -1032.373           2.590        -187.404        -117.678        -1099.510
    7 (occ)          -55.937           8.177         -53.927         -34.025          -67.662
    8 (occ)          -55.936           8.216         -53.929         -34.026          -67.622
    9 (occ)          -55.936           8.216         -53.929         -34.026          -67.622
   10 (occ)          -55.936           8.283         -53.930         -34.028          -67.556
   11 (occ)          -55.936           8.283         -53.930         -34.028          -67.556
   12 (occ)          -55.925           8.272         -53.910         -34.022          -67.541
   13 (occ)          -28.110           6.402         -44.989         -32.003          -34.695
   14 (occ)          -28.107           6.084         -45.000         -32.007          -35.015
   15 (occ)          -28.107           6.106         -45.000         -32.007          -34.994
   16 (occ)          -28.102           5.880         -45.026         -32.047          -35.202
   17 (occ)          -28.101           6.172         -45.030         -32.049          -34.910
   18 (occ)          -28.101           6.190         -45.030         -32.049          -34.892
   19 (occ)          -28.100           6.026         -45.036         -32.059          -35.051
   20 (occ)          -28.100           6.032         -45.036         -32.059          -35.045
   21 (occ)          -28.093           6.195         -45.052         -32.058          -34.892
   22 (occ)          -28.093           6.197         -45.052         -32.058          -34.890
   23 (occ)          -28.086           6.571         -45.065         -32.078          -34.502
   24 (occ)          -28.085           6.061         -45.054         -32.056          -35.023
   25 (occ)          -28.085           6.062         -45.054         -32.056          -35.022
   26 (occ)          -28.076           6.164         -45.086         -32.086          -34.911
   27 (occ)          -28.076           6.152         -45.086         -32.086          -34.924
   28 (occ)          -28.071           6.189         -45.107         -32.106          -34.882
   29 (occ)          -28.061           6.346         -45.121         -32.107          -34.729
   30 (occ)          -28.061           6.350         -45.121         -32.107          -34.725
   31 (occ)           -4.111           1.327          -7.884          -5.982           -4.686
   32 (occ)           -2.990          -0.363          -6.321          -5.435           -4.239
   33 (occ)           -2.990          -0.363          -6.321          -5.435           -4.239
   34 (vir)           -1.899          -1.508          -1.844          -4.278           -0.973
   35 (vir)           -1.720          -1.353          -2.346          -4.573           -0.845
   36 (vir)           -1.720          -1.353          -2.346          -4.573           -0.845
   37 (vir)           -1.394          -1.480          -1.567          -3.882           -0.560
   38 (vir)           -0.876          -1.720          -1.296          -3.609           -0.283
   39 (vir)           -0.876          -1.721          -1.296          -3.609           -0.284
   40 (vir)           -0.484          -2.075          -1.191          -3.619           -0.131
   41 (vir)           -0.484          -2.075          -1.191          -3.619           -0.132
   42 (vir)           -0.459          -1.454          -1.067          -3.042            0.061
   43 (vir)           -0.459          -1.454          -1.067          -3.042            0.061
   44 (vir)           -0.186          -1.169          -0.557          -2.256            0.344
   45 (vir)            0.232          -1.427          -0.507          -2.333            0.631
   46 (vir)            0.232          -1.427          -0.507          -2.333            0.631
   47 (vir)            0.258          -0.719          -0.330          -1.536            0.744
   48 (vir)            0.408          -0.827          -0.448          -1.688            0.822
   49 (vir)            0.408          -0.827          -0.448          -1.688            0.822
   50 (vir)            0.448          -0.986          -0.474          -1.969            0.958
   51 (vir)            0.571          -0.880          -0.418          -1.773            1.047
   52 (vir)            0.571          -0.880          -0.418          -1.773            1.047
   53 (vir)            0.704          -1.318          -0.382          -2.058            1.061
   54 (vir)            0.704          -1.319          -0.382          -2.058            1.061
   55 (vir)            0.855          -0.792          -0.332          -1.647            1.378
   56 (vir)            0.855          -0.792          -0.332          -1.647            1.378
   57 (vir)            0.893          -0.852          -0.292          -1.629            1.377
   58 (vir)            1.053          -1.061          -0.613          -2.235            1.614
   59 (vir)            1.053          -1.061          -0.613          -2.235            1.614
   60 (vir)            1.136          -0.885          -0.528          -1.914            1.638
   61 (vir)            1.136          -0.885          -0.528          -1.914            1.637
   62 (vir)            1.298          -0.960          -0.461          -1.886            1.763
   63 (vir)            1.563          -0.491          -0.081          -1.026            2.017
   64 (vir)            1.579          -0.433          -0.171          -1.183            2.158
   65 (vir)            1.579          -0.433          -0.171          -1.183            2.158
   66 (vir)            1.669          -1.254          -0.600          -2.413            2.228
   67 (vir)            1.669          -1.254          -0.600          -2.413            2.228
   68 (vir)            1.703          -1.078          -0.462          -2.030            2.193
   69 (vir)            1.727          -0.501          -0.192          -1.228            2.261
   70 (vir)            1.727          -0.501          -0.192          -1.228            2.261
   71 (vir)            2.046          -0.965          -0.604          -2.556            3.033
   72 (vir)            2.046          -0.965          -0.604          -2.556            3.033
   73 (vir)            2.251          -1.403          -0.863          -3.399            3.383
   74 (vir)            2.251          -1.403          -0.863          -3.399            3.383
   75 (vir)            2.351          -1.687          -0.645          -3.220            3.239
   76 (vir)            2.651          -1.642          -0.565          -2.912            3.357
   77 (vir)            2.651          -1.642          -0.565          -2.912            3.357
   78 (vir)            2.811          -1.541          -0.549          -3.713            4.435
   79 (vir)            2.811          -1.539          -0.549          -3.713            4.436
   80 (vir)            3.106          -1.718          -0.523          -2.732            3.597
   81 (vir)            3.498          -1.706          -0.605          -3.151            4.338
   82 (vir)            3.498          -1.706          -0.605          -3.151            4.338
   83 (vir)            3.605          -1.403          -0.669          -2.916            4.449
   84 (vir)            3.752          -1.675          -0.534          -3.343            4.886
   85 (vir)            4.166          -1.115          -0.629          -3.343            5.765
   86 (vir)            4.166          -1.115          -0.629          -3.343            5.766
   87 (vir)            4.432          -1.195          -0.647          -3.335            5.924
   88 (vir)            4.472          -1.369          -0.729          -3.765            6.140
   89 (vir)            4.472          -1.369          -0.729          -3.765            6.139
   90 (vir)            4.609          -1.331          -1.083          -3.661            5.857
   91 (vir)            4.609          -1.331          -1.083          -3.661            5.857
   92 (vir)            4.940          -0.934          -0.479          -3.318            6.845
   93 (vir)            4.940          -0.934          -0.479          -3.318            6.845
   94 (vir)            5.015          -1.333          -0.978          -3.842            6.546
   95 (vir)            5.300          -0.810          -0.705          -3.556            7.341
   96 (vir)            5.300          -0.810          -0.705          -3.556            7.341
   97 (vir)            5.531          -0.707          -0.788          -4.195            8.231
   98 (vir)            5.531          -0.707          -0.788          -4.195            8.231
   99 (vir)            5.782          -1.029          -0.706          -3.751            7.797
  100 (vir)            5.782          -1.029          -0.706          -3.751            7.797
  101 (vir)            6.309          -1.337          -0.910          -3.896            7.958
  102 (vir)            6.534          -0.999          -0.851          -4.016            8.701
  103 (vir)            6.534          -0.999          -0.851          -4.016            8.701
  104 (vir)            6.635          -1.050          -1.028          -4.113            8.669
  105 (vir)            6.635          -1.050          -1.028          -4.113            8.669
  106 (vir)            6.730          -0.953          -0.779          -3.968            8.965
  107 (vir)            6.833          -0.854          -0.719          -3.698            8.958
  108 (vir)            6.833          -0.855          -0.719          -3.698            8.957
  109 (vir)            6.849          -0.954          -0.640          -3.627            8.882
  110 (vir)            6.849          -0.954          -0.640          -3.627            8.882
  111 (vir)            6.859           0.082          -0.280          -3.433           10.095
  112 (vir)            6.997          -0.801          -0.971          -3.703            8.928
  113 (vir)            7.052          -0.910          -0.946          -4.111            9.307
  114 (vir)            7.180          -0.794          -0.955          -3.989            9.420
  115 (vir)            7.180          -0.794          -0.955          -3.989            9.420
  116 (vir)            7.267          -0.730          -0.917          -4.103            9.724
  117 (vir)            7.267          -0.729          -0.917          -4.103            9.724
  118 (vir)            8.251          -0.185          -0.489          -3.794           11.372
  119 (vir)            8.251          -0.185          -0.489          -3.794           11.372
  120 (vir)            8.701          -0.516          -0.627          -3.920           11.479
  121 (vir)            8.811          -0.592          -0.499          -3.640           11.360
  122 (vir)            8.811          -0.592          -0.499          -3.640           11.360
  123 (vir)            8.916          -0.697          -0.590          -3.963           11.590
  124 (vir)            8.916          -0.697          -0.590          -3.963           11.591
  125 (vir)            9.119          -0.740          -1.061          -4.751           12.069
  126 (vir)            9.197          -0.295          -0.669          -4.189           12.423
  127 (vir)            9.197          -0.295          -0.669          -4.189           12.423
  128 (vir)            9.372          -0.659          -0.785          -4.411           12.339
  129 (vir)            9.372          -0.659          -0.785          -4.411           12.339
  130 (vir)           11.316          -0.370          -0.542          -4.631           15.036
  131 (vir)           11.316          -0.371          -0.542          -4.631           15.035
  132 (vir)           11.420          -0.230          -1.042          -4.865           15.012
  133 (vir)           11.436          -0.457          -1.131          -5.233           15.080
  134 (vir)           11.436          -0.457          -1.131          -5.233           15.081
  135 (vir)           11.538          -0.247          -0.618          -4.551           15.223
  136 (vir)           12.490          -0.028          -0.502          -4.386           16.346
  137 (vir)           12.490          -0.028          -0.502          -4.386           16.345
  138 (vir)           12.511          -0.206          -0.743          -4.947           16.508
  139 (vir)           12.511          -0.207          -0.743          -4.947           16.508
  140 (vir)           12.984          -0.084          -0.402          -4.327           16.824
  141 (vir)           12.984          -0.086          -0.402          -4.327           16.823
  142 (vir)           12.994          -0.089          -0.371          -4.202           16.737
  143 (vir)           12.994          -0.089          -0.371          -4.202           16.736
  144 (vir)           13.807          -0.221          -0.716          -4.770           17.641
  145 (vir)           13.807          -0.221          -0.716          -4.770           17.641
  146 (vir)           14.139          -0.356          -0.831          -5.241           18.193
  147 (vir)           14.641           0.515          -0.729          -5.234           19.662
  148 (vir)           14.641           0.507          -0.729          -5.234           19.654
  149 (vir)           15.128          -0.529          -0.618          -4.691           18.671
  150 (vir)           15.544          -0.087          -1.104          -5.308           19.661
  151 (vir)           15.544          -0.087          -1.104          -5.308           19.661
  152 (vir)           15.915          -0.439          -0.876          -5.269           19.870
  153 (vir)           15.963          -0.112          -0.773          -5.070           20.148
  154 (vir)           15.963          -0.112          -0.773          -5.070           20.148
  155 (vir)           16.723           0.064          -0.876          -4.854           20.765
  156 (vir)           16.733          -0.281          -1.114          -5.527           20.866
  157 (vir)           16.733          -0.281          -1.113          -5.527           20.866
  158 (vir)           16.937          -0.325          -0.951          -5.739           21.400
  159 (vir)           16.937          -0.326          -0.951          -5.739           21.399
  160 (vir)           17.003          -1.597          -0.906          -5.260           19.761
  161 (vir)           17.003          -1.598          -0.906          -5.260           19.759
  162 (vir)           17.170          -0.309          -0.989          -5.272           21.144
  163 (vir)           17.240          -0.182          -0.710          -5.153           21.501
  164 (vir)           17.240          -0.179          -0.710          -5.153           21.504
  165 (vir)           17.561          -0.704          -0.898          -5.279           21.238
  166 (vir)           17.561          -0.705          -0.898          -5.279           21.237
  167 (vir)           17.660          -0.662          -1.046          -5.928           21.880
  168 (vir)           17.970          -1.001          -0.785          -5.089           21.273
  169 (vir)           17.970          -1.002          -0.785          -5.089           21.272
  170 (vir)           18.271          -0.042          -0.592          -4.794           22.431
  171 (vir)           18.271          -0.041          -0.592          -4.794           22.432
  172 (vir)           18.399           0.094          -0.803          -5.265           22.955
  173 (vir)           18.399           0.094          -0.803          -5.265           22.955
  174 (vir)           18.534          -0.157          -0.675          -4.961           22.664
  175 (vir)           18.534          -0.163          -0.675          -4.961           22.657
  176 (vir)           18.947          -0.165          -1.104          -5.964           23.641
  177 (vir)           18.947          -0.166          -1.104          -5.964           23.640
  178 (vir)           19.046          -0.087          -1.062          -5.697           23.594
  179 (vir)           19.046          -0.087          -1.062          -5.697           23.594
  180 (vir)           19.049          -0.066          -0.986          -5.340           23.336
  181 (vir)           19.341           0.188          -0.959          -5.551           24.121
  182 (vir)           19.961           0.128          -1.302          -6.390           25.177
  183 (vir)           20.019           0.153          -0.808          -5.467           24.830
  184 (vir)           20.019           0.151          -0.808          -5.467           24.829
  185 (vir)           20.141          -0.080          -1.380          -6.356           25.037
  186 (vir)           20.237           0.691          -0.254          -4.223           24.897
  187 (vir)           20.490          -0.436          -1.409          -6.369           25.014
  188 (vir)           20.490          -0.434          -1.409          -6.369           25.016
  189 (vir)           20.634           0.038          -1.082          -5.639           25.229
  190 (vir)           20.634           0.038          -1.082          -5.639           25.229
  191 (vir)           21.545           0.223          -0.903          -5.385           26.250
  192 (vir)           21.545           0.223          -0.903          -5.385           26.251
  193 (vir)           22.018           0.167          -1.543          -6.722           27.364
  194 (vir)           22.018           0.166          -1.543          -6.722           27.364
  195 (vir)           22.048           0.223          -1.157          -6.072           27.186
  196 (vir)           22.604           0.598          -0.500          -4.872           27.574
  197 (vir)           22.632           0.268          -0.946          -5.748           27.701
  198 (vir)           22.632           0.268          -0.946          -5.748           27.701
  199 (vir)           22.951          -0.314          -1.466          -6.403           27.574
  200 (vir)           22.951          -0.315          -1.466          -6.403           27.573
  201 (vir)           23.081          -0.027          -1.670          -6.908           28.292
  202 (vir)           23.082          -0.027          -1.670          -6.908           28.292
  203 (vir)           25.219           0.207          -1.164          -6.259           30.521
  204 (vir)           25.219           0.207          -1.164          -6.260           30.522
  205 (vir)           25.601          -0.779          -4.528         -11.413           31.708
  206 (vir)           26.730          -0.989          -4.688         -11.651           32.704
  207 (vir)           26.730          -0.989          -4.688         -11.651           32.704
  208 (vir)           26.759          -1.290          -4.718         -11.680           32.432
  209 (vir)           27.063          -0.724          -3.929         -10.536           32.946
  210 (vir)           27.063          -0.724          -3.929         -10.536           32.946
  211 (vir)           27.269          -0.486          -4.067         -10.849           33.565
  212 (vir)           27.269          -0.487          -4.067         -10.849           33.565
  213 (vir)           27.927          -0.690          -4.261         -11.095           34.071
  214 (vir)           28.142          -0.594          -3.961         -10.823           34.409
  215 (vir)           28.142          -0.594          -3.961         -10.823           34.409
  216 (vir)           29.532          -0.562          -4.331         -11.596           36.234
  217 (vir)           29.532          -0.562          -4.331         -11.596           36.234
  218 (vir)           30.261          -0.387          -3.553         -10.138           36.459
  219 (vir)           30.262          -0.387          -3.553         -10.138           36.459
  220 (vir)           32.004          -1.066          -5.146         -12.775           38.566
  221 (vir)           35.178          -0.462          -3.981         -11.174           41.909
  222 (vir)           35.178          -0.462          -3.981         -11.174           41.909
  223 (vir)           35.553          -0.343          -3.875         -10.994           42.330
  224 (vir)           41.432          -0.629          -4.394         -11.933           48.343
  225 (vir)           41.432          -0.629          -4.394         -11.933           48.343
  226 (vir)           43.935          -0.664          -4.628         -12.354           50.998
  227 (vir)           43.935          -0.664          -4.627         -12.354           50.999
  228 (vir)           46.665          -0.723          -4.636         -12.477           53.783
  229 (vir)          147.763          -1.249         -10.286         -26.124          162.352
  230 (vir)          151.575          -1.426         -10.365         -26.330          166.115
  231 (vir)          151.575          -1.426         -10.365         -26.330          166.115
  232 (vir)          154.789          -1.878         -11.872         -28.689          169.728
  233 (vir)          154.789          -1.878         -11.872         -28.689          169.728
  234 (vir)          155.072          -2.004         -13.208         -30.726          170.586
  235 (vir)          155.167          -1.697         -13.564         -31.263          171.170
  236 (vir)          155.167          -1.695         -13.564         -31.263          171.171
  237 (vir)          155.224          -1.495         -13.592         -31.311          171.449
  238 (vir)          155.224          -1.491         -13.592         -31.311          171.452
  239 (vir)          155.279          -1.537         -13.586         -31.306          171.462
  240 (vir)          155.321          -1.986         -13.494         -31.171          171.012
  241 (vir)          155.343          -1.665         -13.559         -31.276          171.396
  242 (vir)          155.343          -1.667         -13.559         -31.276          171.393
  243 (vir)          155.352          -1.739         -13.553         -31.266          171.327
  244 (vir)          155.353          -1.742         -13.553         -31.266          171.324
  245 (vir)          155.434          -1.205         -13.560         -31.285          171.953
  246 (vir)          155.434          -1.232         -13.560         -31.285          171.926
  247 (vir)          155.449          -2.020         -13.471         -31.148          171.106
  248 (vir)          155.709          -1.270         -13.531         -31.261          172.169
  249 (vir)          155.709          -1.279         -13.531         -31.261          172.160
  250 (vir)          155.742          -1.936         -13.274         -30.881          171.413
  251 (vir)          155.742          -1.936         -13.274         -30.881          171.413
  252 (vir)          155.761          -2.068         -13.408         -31.080          171.364
  253 (vir)          155.827          -1.670         -13.510         -31.258          171.905
  254 (vir)          155.837          -1.835         -13.480         -31.207          171.729
  255 (vir)          155.837          -1.834         -13.480         -31.207          171.730
  256 (vir)          155.964          -1.841         -13.499         -31.238          171.862
  257 (vir)          155.964          -1.844         -13.499         -31.238          171.859
  258 (vir)          155.976          -1.758         -13.468         -31.197          171.948
  259 (vir)          155.976          -1.758         -13.468         -31.197          171.948
  260 (vir)          156.631          -2.003         -13.238         -30.907          172.296
  261 (vir)          156.631          -2.003         -13.238         -30.907          172.296
  262 (vir)          157.225          -2.120         -11.885         -28.872          172.091
  263 (vir)          157.225          -2.120         -11.885         -28.872          172.091
  264 (vir)          160.749          -1.611         -10.347         -26.631          175.422
  265 (vir)          563.103          -0.939         -17.720         -48.361          592.805
  266 (vir)          566.886          -0.929         -17.664         -48.325          596.618
  267 (vir)          566.886          -0.929         -17.664         -48.324          596.618
  268 (vir)          570.555          -0.917         -17.602         -48.284          600.320
  269 (vir)          570.555          -0.917         -17.602         -48.284          600.320
  270 (vir)          574.250          -0.900         -17.537         -48.246          604.059
  271 (vir)         3413.008          -1.328         -36.852        -122.188         3497.016
  272 (vir)         3419.679          -1.326         -36.828        -122.214         3503.739
  273 (vir)         3419.679          -1.326         -36.828        -122.214         3503.739
  274 (vir)         3425.883          -1.325         -36.803        -122.238         3509.992
  275 (vir)         3425.883          -1.325         -36.803        -122.238         3509.992
  276 (vir)         3432.208          -1.332         -36.773        -122.260         3516.363
