 
  kpoint:     0.0000    0.0000    0.0000
 
    n          ϵ_nk^DFT (eV)     Σ^c_nk (eV)     Σ^x_nk (eV)     v_n^xc (eV)   ϵ_nk^G0W0 (eV)
 
    1 (occ)       -31649.102           3.905        -996.679        -611.920       -32029.956
    2 (occ)       -31649.102           3.905        -996.679        -611.920       -32029.955
    3 (occ)       -31649.102           3.905        -996.679        -611.920       -32029.955
    4 (occ)       -31649.102           3.905        -996.679        -611.920       -32029.955
    5 (occ)        -4768.567           5.104        -393.052        -237.889        -4918.626
    6 (occ)        -4768.567           5.104        -393.052        -237.889        -4918.626
    7 (occ)        -4768.567           5.104        -393.052        -237.889        -4918.626
    8 (occ)        -4768.567           5.104        -393.052        -237.889        -4918.626
    9 (occ)        -4481.364           6.127        -387.922        -252.468        -4610.692
   10 (occ)        -4481.364           6.127        -387.923        -252.468        -4610.692
   11 (occ)        -4481.364           6.127        -387.922        -252.468        -4610.692
   12 (occ)        -4481.364           6.127        -387.923        -252.468        -4610.692
   13 (occ)        -4481.295           6.131        -387.991        -252.488        -4610.667
   14 (occ)        -4481.295           6.131        -387.991        -252.488        -4610.667
   15 (occ)        -4481.295           6.131        -387.991        -252.488        -4610.667
   16 (occ)        -4481.295           6.131        -387.991        -252.488        -4610.667
   17 (occ)        -4481.295           6.131        -387.991        -252.488        -4610.667
   18 (occ)        -4481.295           6.131        -387.991        -252.488        -4610.667
   19 (occ)        -4481.295           6.131        -387.991        -252.488        -4610.667
   20 (occ)        -4481.295           6.131        -387.991        -252.488        -4610.667
   21 (occ)         -960.088           8.870        -184.312        -113.117        -1022.413
   22 (occ)         -960.088           8.871        -184.312        -113.117        -1022.413
   23 (occ)         -960.088           8.870        -184.312        -113.117        -1022.413
   24 (occ)         -960.088           8.871        -184.312        -113.117        -1022.413
   25 (occ)         -839.378          10.489        -176.349        -115.186         -890.052
   26 (occ)         -839.378          10.489        -176.349        -115.186         -890.053
   27 (occ)         -839.378          10.490        -176.349        -115.186         -890.052
   28 (occ)         -839.378          10.488        -176.350        -115.187         -890.053
   29 (occ)         -839.207          10.607        -176.444        -115.211         -889.833
   30 (occ)         -839.207          10.607        -176.444        -115.211         -889.833
   31 (occ)         -839.207          10.607        -176.444        -115.211         -889.833
   32 (occ)         -839.207          10.607        -176.444        -115.211         -889.833
   33 (occ)         -839.207          10.607        -176.444        -115.211         -889.833
   34 (occ)         -839.207          10.607        -176.444        -115.211         -889.833
   35 (occ)         -839.207          10.608        -176.444        -115.211         -889.833
   36 (occ)         -839.207          10.608        -176.444        -115.211         -889.833
   37 (occ)         -614.817           9.473        -163.638        -118.305         -650.678
   38 (occ)         -614.817           9.473        -163.638        -118.305         -650.678
   39 (occ)         -614.817           9.473        -163.638        -118.305         -650.678
   40 (occ)         -614.817           9.473        -163.638        -118.305         -650.678
   41 (occ)         -614.780           9.488        -163.643        -118.310         -650.625
   42 (occ)         -614.780           9.488        -163.643        -118.310         -650.625
   43 (occ)         -614.780           9.488        -163.643        -118.310         -650.624
   44 (occ)         -614.780           9.488        -163.643        -118.310         -650.625
   45 (occ)         -614.780           9.488        -163.643        -118.310         -650.625
   46 (occ)         -614.780           9.488        -163.643        -118.310         -650.625
   47 (occ)         -614.780           9.488        -163.643        -118.309         -650.625
   48 (occ)         -614.780           9.488        -163.643        -118.309         -650.625
   49 (occ)         -614.667           9.516        -163.672        -118.327         -650.496
   50 (occ)         -614.667           9.516        -163.672        -118.327         -650.496
   51 (occ)         -614.667           9.516        -163.672        -118.327         -650.496
   52 (occ)         -614.667           9.516        -163.672        -118.327         -650.496
   53 (occ)         -614.667           9.516        -163.672        -118.327         -650.496
   54 (occ)         -614.667           9.516        -163.672        -118.327         -650.496
   55 (occ)         -614.667           9.516        -163.672        -118.327         -650.496
   56 (occ)         -614.667           9.516        -163.672        -118.327         -650.496
   57 (occ)         -273.798           3.227         -96.814         -61.494         -305.891
   58 (occ)         -166.809          12.941         -81.541         -51.978         -183.431
   59 (occ)         -166.809          12.936         -81.541         -51.978         -183.436
   60 (occ)         -166.809          12.934         -81.541         -51.978         -183.438
   61 (occ)         -166.809          12.986         -81.541         -51.979         -183.386
   62 (occ)         -124.803          13.701         -73.329         -49.804         -134.628
   63 (occ)         -124.803          13.625         -73.330         -49.804         -134.703
   64 (occ)         -124.803          13.610         -73.330         -49.804         -134.718
   65 (occ)         -124.803          13.636         -73.330         -49.804         -134.693
   66 (occ)         -124.439          20.658         -73.564         -49.863         -127.482
   67 (occ)         -124.439          20.643         -73.564         -49.863         -127.496
   68 (occ)         -124.439          20.621         -73.564         -49.863         -127.518
   69 (occ)         -124.439          18.845         -73.564         -49.864         -129.295
   70 (occ)         -124.439          18.847         -73.564         -49.864         -129.292
   71 (occ)         -124.439          18.832         -73.564         -49.864         -129.307
   72 (occ)         -124.439          21.227         -73.564         -49.863         -126.913
   73 (occ)         -124.439          21.226         -73.564         -49.863         -126.913
   74 (occ)          -52.791           5.461         -55.499         -43.436          -59.393
   75 (occ)          -52.786           5.400         -55.514         -43.454          -59.446
   76 (occ)          -52.786           5.396         -55.514         -43.454          -59.450
   77 (occ)          -52.786           5.394         -55.514         -43.454          -59.452
   78 (occ)          -52.687           5.251         -55.527         -43.479          -59.485
   79 (occ)          -52.687           5.251         -55.527         -43.479          -59.485
   80 (occ)          -52.687           5.261         -55.527         -43.479          -59.473
   81 (occ)          -52.687           5.260         -55.527         -43.479          -59.474
   82 (occ)          -52.687           5.259         -55.527         -43.479          -59.476
   83 (occ)          -52.683           5.247         -55.539         -43.490          -59.485
   84 (occ)          -52.683           5.247         -55.539         -43.490          -59.485
   85 (occ)          -52.683           5.247         -55.539         -43.490          -59.484
   86 (occ)          -52.388           5.326         -55.642         -43.554          -59.150
   87 (occ)          -52.388           5.325         -55.642         -43.554          -59.151
   88 (occ)          -52.388           5.323         -55.642         -43.554          -59.153
   89 (occ)          -52.388           5.317         -55.643         -43.555          -59.159
   90 (occ)          -52.388           5.317         -55.643         -43.555          -59.159
   91 (occ)          -52.387           5.317         -55.646         -43.557          -59.160
   92 (occ)          -52.387           5.317         -55.646         -43.557          -59.159
   93 (occ)          -52.387           5.317         -55.646         -43.557          -59.159
   94 (occ)          -20.152           5.640         -23.737         -15.812          -22.438
   95 (occ)          -16.538           4.615         -23.050         -16.551          -18.422
   96 (occ)          -16.538           4.638         -23.050         -16.551          -18.399
   97 (occ)          -16.538           4.637         -23.050         -16.551          -18.400
   98 (occ)          -13.573           2.831         -21.543         -16.317          -15.969
   99 (occ)          -10.427           1.048         -17.992         -14.492          -12.879
  100 (occ)          -10.427           1.049         -17.992         -14.492          -12.878
  101 (occ)          -10.427           1.048         -17.992         -14.492          -12.879
  102 (occ)           -7.635           1.237         -16.823         -13.220          -10.001
  103 (occ)           -7.635           1.237         -16.823         -13.220          -10.000
  104 (occ)           -7.017           0.675         -16.749         -13.622           -9.469
  105 (occ)           -7.017           0.674         -16.749         -13.622           -9.470
  106 (occ)           -7.017           0.674         -16.749         -13.622           -9.470
  107 (occ)           -6.256           0.615         -17.308         -14.118           -8.831
  108 (occ)           -6.256           0.615         -17.308         -14.118           -8.831
  109 (occ)           -6.256           0.615         -17.308         -14.118           -8.831
  110 (vir)           -4.245          -2.285          -9.244         -13.631           -2.144
  111 (vir)           -2.356          -2.994          -8.416         -13.475           -0.292
  112 (vir)           -2.356          -2.991          -8.416         -13.475           -0.288
  113 (vir)           -2.356          -2.995          -8.416         -13.475           -0.292
  114 (vir)            2.532          -2.435          -4.331          -8.843            4.610
  115 (vir)            2.532          -2.435          -4.331          -8.843            4.610
  116 (vir)            2.532          -2.435          -4.331          -8.843            4.610
  117 (vir)            2.816          -1.502          -2.609          -5.987            4.692
  118 (vir)            2.816          -1.512          -2.609          -5.987            4.682
  119 (vir)            2.816          -1.510          -2.609          -5.987            4.684
  120 (vir)            2.870          -2.156          -3.734          -7.940            4.920
  121 (vir)            2.992          -2.346          -4.827          -9.437            5.257
  122 (vir)            2.992          -2.346          -4.827          -9.437            5.257
  123 (vir)            3.668          -2.146          -4.039          -8.370            5.853
  124 (vir)            3.668          -2.148          -4.039          -8.370            5.850
  125 (vir)            3.668          -2.144          -4.039          -8.370            5.854
  126 (vir)            4.259          -2.006          -4.629          -8.923            6.546
  127 (vir)            4.259          -2.006          -4.629          -8.923            6.546
  128 (vir)            4.371          -2.190          -3.176          -7.161            6.165
  129 (vir)            4.428          -2.197          -4.336          -8.643            6.538
  130 (vir)            4.428          -2.207          -4.336          -8.643            6.528
  131 (vir)            4.428          -2.197          -4.336          -8.643            6.538
  132 (vir)            4.628          -1.832          -3.182          -7.132            6.746
  133 (vir)            4.628          -1.834          -3.182          -7.132            6.744
  134 (vir)            4.628          -1.835          -3.182          -7.132            6.743
  135 (vir)            6.369          -3.020          -5.686         -11.085            8.748
  136 (vir)            6.369          -3.022          -5.686         -11.085            8.745
  137 (vir)            6.369          -3.020          -5.686         -11.085            8.748
  138 (vir)            7.673          -2.996          -5.223         -10.547           10.001
  139 (vir)            7.673          -2.995          -5.223         -10.547           10.002
  140 (vir)            8.044          -3.596          -4.427         -10.239           10.260
  141 (vir)            8.044          -3.598          -4.427         -10.239           10.258
  142 (vir)            8.044          -3.609          -4.427         -10.239           10.247
  143 (vir)            8.902          -3.900          -4.051         -10.188           11.138
  144 (vir)           10.372          -3.910          -4.726         -10.606           12.342
  145 (vir)           10.372          -3.923          -4.726         -10.606           12.330
  146 (vir)           10.372          -3.930          -4.726         -10.606           12.323
  147 (vir)           11.564          -4.096          -4.271         -10.909           14.106
  148 (vir)           11.564          -4.097          -4.271         -10.909           14.104
  149 (vir)           11.564          -4.125          -4.271         -10.909           14.077
  150 (vir)           12.333          -4.638          -4.864         -12.188           15.018
  151 (vir)           12.333          -4.638          -4.864         -12.188           15.018
  152 (vir)           12.521          -3.774          -4.335         -10.613           15.026
  153 (vir)           12.521          -3.774          -4.335         -10.613           15.026
  154 (vir)           12.521          -3.774          -4.335         -10.613           15.026
  155 (vir)           12.747          -4.090          -3.974         -10.848           15.530
  156 (vir)           13.381          -4.284          -4.518         -11.415           15.994
  157 (vir)           13.381          -4.287          -4.518         -11.415           15.991
  158 (vir)           13.381          -4.288          -4.518         -11.415           15.990
  159 (vir)           13.795          -4.412          -4.507         -11.762           16.639
  160 (vir)           13.795          -4.411          -4.507         -11.762           16.639
  161 (vir)           13.795          -4.411          -4.507         -11.762           16.639
  162 (vir)           15.320          -3.753          -4.434         -10.647           17.780
  163 (vir)           15.320          -3.791          -4.434         -10.647           17.743
  164 (vir)           15.320          -3.767          -4.434         -10.647           17.766
  165 (vir)           15.430          -4.975          -5.671         -13.686           18.469
  166 (vir)           15.430          -4.975          -5.671         -13.686           18.469
  167 (vir)           15.520          -4.850          -5.480         -13.414           18.603
  168 (vir)           15.596          -4.562          -5.290         -12.733           18.478
  169 (vir)           15.596          -4.523          -5.290         -12.733           18.517
  170 (vir)           15.596          -4.528          -5.290         -12.733           18.512
  171 (vir)           15.862          -3.896          -4.945         -11.115           18.135
  172 (vir)           15.890          -5.093          -6.058         -14.324           19.062
  173 (vir)           15.890          -5.093          -6.058         -14.324           19.063
  174 (vir)           15.890          -5.093          -6.058         -14.324           19.063
  175 (vir)           17.196          -5.336          -7.042         -15.646           20.464
  176 (vir)           17.196          -5.335          -7.042         -15.646           20.465
  177 (vir)           17.196          -5.333          -7.042         -15.646           20.467
  178 (vir)           18.616          -6.026          -7.122         -16.261           21.729
  179 (vir)           18.616          -6.025          -7.122         -16.261           21.730
  180 (vir)           18.616          -6.025          -7.122         -16.261           21.730
  181 (vir)           20.281          -4.976          -7.031         -16.010           24.283
  182 (vir)           24.897          -5.349          -5.804         -14.323           28.067
  183 (vir)           24.897          -5.262          -5.804         -14.323           28.154
  184 (vir)           24.897          -5.222          -5.804         -14.323           28.194
  185 (vir)           26.690          -4.611          -7.453         -16.383           31.009
  186 (vir)           26.690          -4.600          -7.453         -16.383           31.020
  187 (vir)           26.690          -4.560          -7.453         -16.383           31.060
  188 (vir)           27.340          -5.070          -6.036         -14.905           31.138
  189 (vir)           27.340          -5.070          -6.036         -14.905           31.138
  190 (vir)           28.396          -4.550         -11.185         -21.739           34.400
  191 (vir)           28.507          -3.391          -7.606         -16.451           33.961
  192 (vir)           28.507          -3.395          -7.606         -16.451           33.957
  193 (vir)           29.080          -3.846          -9.608         -19.395           35.020
  194 (vir)           29.080          -4.179          -9.608         -19.395           34.687
  195 (vir)           29.080          -3.980          -9.608         -19.395           34.886
  196 (vir)           29.162          -4.258         -10.708         -20.994           35.189
  197 (vir)           29.162          -4.250         -10.708         -20.994           35.197
  198 (vir)           29.162          -4.270         -10.708         -20.994           35.177
  199 (vir)           29.791          -3.693          -8.120         -17.490           35.468
  200 (vir)           29.982          -3.532          -9.037         -18.574           35.987
  201 (vir)           29.982          -3.500          -9.037         -18.574           36.019
  202 (vir)           29.982          -3.520          -9.037         -18.574           35.999
  203 (vir)           30.623          -3.394          -9.254         -18.996           36.971
  204 (vir)           30.623          -3.417          -9.254         -18.996           36.947
  205 (vir)           30.623          -3.341          -9.254         -18.996           37.024
  206 (vir)           30.781          -3.495          -9.001         -18.635           36.920
  207 (vir)           30.781          -3.495          -9.001         -18.635           36.920
  208 (vir)           31.427          -3.632          -9.099         -18.806           37.503
  209 (vir)           31.427          -3.632          -9.099         -18.806           37.502
  210 (vir)           31.427          -3.634          -9.099         -18.806           37.501
  211 (vir)           31.630          -3.229         -10.484         -20.819           38.735
  212 (vir)           31.640          -3.180          -9.998         -20.083           38.546
  213 (vir)           31.640          -3.178          -9.998         -20.083           38.548
  214 (vir)           31.640          -3.179          -9.998         -20.083           38.546
  215 (vir)           31.831          -4.618          -8.255         -17.726           36.683
  216 (vir)           31.831          -4.661          -8.255         -17.726           36.640
  217 (vir)           31.831          -4.628          -8.255         -17.726           36.673
  218 (vir)           32.554          -3.678          -8.417         -17.948           38.406
  219 (vir)           32.554          -3.676          -8.417         -17.948           38.408
  220 (vir)           33.431          -3.121          -6.758         -15.432           38.984
  221 (vir)           33.617          -3.116          -7.313         -16.326           39.514
  222 (vir)           33.617          -3.207          -7.313         -16.326           39.424
  223 (vir)           33.617          -3.128          -7.313         -16.326           39.502
  224 (vir)           33.726          -3.793          -7.671         -16.770           39.032
  225 (vir)           33.726          -3.762          -7.671         -16.770           39.063
  226 (vir)           33.726          -3.748          -7.671         -16.770           39.077
  227 (vir)           34.112          -3.795          -6.120         -15.119           39.317
  228 (vir)           34.112          -4.048          -6.120         -15.119           39.063
  229 (vir)           34.112          -3.925          -6.120         -15.119           39.187
  230 (vir)           36.822          -4.246          -8.064         -17.828           42.340
  231 (vir)           36.822          -4.243          -8.064         -17.828           42.343
  232 (vir)           38.315          -2.940          -7.226         -16.658           44.807
  233 (vir)           38.315          -2.939          -7.226         -16.658           44.809
  234 (vir)           38.315          -2.940          -7.226         -16.658           44.807
  235 (vir)           38.697          -4.071          -6.119         -15.474           43.982
  236 (vir)           38.697          -3.704          -6.119         -15.474           44.349
  237 (vir)           38.697          -3.759          -6.119         -15.474           44.294
  238 (vir)           40.218          -2.849          -6.730         -16.216           46.856
  239 (vir)           40.218          -2.849          -6.730         -16.216           46.855
  240 (vir)           40.227          -3.497          -6.283         -15.325           45.771
  241 (vir)           42.121          -2.372          -5.075         -14.313           48.987
  242 (vir)           42.121          -2.482          -5.075         -14.313           48.877
  243 (vir)           42.121          -2.219          -5.075         -14.313           49.140
  244 (vir)           42.151          -0.876          -4.729         -14.073           50.618
  245 (vir)           43.161          -1.757          -5.507         -14.731           50.628
  246 (vir)           43.161          -1.799          -5.507         -14.731           50.586
  247 (vir)           43.161          -1.739          -5.507         -14.731           50.646
  248 (vir)           43.899           0.457          -2.919         -12.527           53.963
  249 (vir)           43.899           0.461          -2.919         -12.527           53.968
  250 (vir)           43.899           0.460          -2.919         -12.527           53.966
  251 (vir)           44.442          -0.680          -3.714         -13.119           53.167
  252 (vir)           44.442          -0.689          -3.714         -13.119           53.159
  253 (vir)           44.442          -0.685          -3.714         -13.119           53.162
  254 (vir)           46.283          -0.634          -3.885         -13.711           55.476
  255 (vir)           46.283          -0.486          -3.885         -13.711           55.624
  256 (vir)           46.283          -1.589          -3.885         -13.711           54.521
  257 (vir)           46.687           0.995          -2.346         -12.000           57.337
  258 (vir)           46.687           0.995          -2.346         -12.000           57.337
  259 (vir)           47.279           1.093          -2.363         -12.051           58.060
  260 (vir)           47.279           1.090          -2.363         -12.051           58.057
  261 (vir)           47.279           1.085          -2.363         -12.051           58.052
  262 (vir)           47.328           0.897          -2.616         -12.196           57.805
  263 (vir)           47.328           0.898          -2.616         -12.196           57.806
  264 (vir)           47.328           0.895          -2.616         -12.196           57.803
  265 (vir)           47.984          -1.136          -3.532         -13.036           56.351
  266 (vir)           48.261           0.325          -3.308         -13.260           58.538
  267 (vir)           48.261           0.325          -3.308         -13.260           58.538
  268 (vir)           48.439           0.859          -2.238         -11.933           58.992
  269 (vir)           48.699           0.468          -3.108         -13.010           59.068
  270 (vir)           48.699           0.465          -3.108         -13.010           59.066
  271 (vir)           48.699           0.469          -3.108         -13.010           59.069
  272 (vir)           50.523          -2.054          -4.469         -15.103           59.104
  273 (vir)           50.523          -1.902          -4.469         -15.103           59.255
  274 (vir)           50.523          -7.569          -4.469         -15.103           53.588
  275 (vir)           51.439          -1.020          -4.631         -14.767           60.555
  276 (vir)           51.439          -0.659          -4.631         -14.767           60.916
  277 (vir)           51.439          -0.922          -4.631         -14.767           60.653
  278 (vir)           55.413          -0.582          -3.713         -13.677           64.795
  279 (vir)           55.905          -2.061          -6.540         -17.663           64.967
  280 (vir)           55.905          -2.067          -6.540         -17.663           64.961
  281 (vir)           55.905          -2.074          -6.540         -17.663           64.954
  282 (vir)           59.681          -0.221          -3.248         -13.440           69.652
  283 (vir)           59.681          -0.152          -3.248         -13.440           69.722
  284 (vir)           59.681          -0.118          -3.248         -13.440           69.755
  285 (vir)           61.326          -0.167          -2.607         -13.335           71.887
  286 (vir)           61.326          -0.168          -2.607         -13.335           71.887
  287 (vir)           65.216          -2.763          -6.570         -18.384           74.267
  288 (vir)           65.941          -0.551          -2.949         -13.991           76.433
  289 (vir)           65.941          -0.529          -2.949         -13.991           76.455
  290 (vir)           65.941          -0.752          -2.949         -13.991           76.232
  291 (vir)           69.192           0.081          -5.234         -16.273           80.313
  292 (vir)           69.192          -1.762          -5.234         -16.273           78.470
  293 (vir)           69.192          -1.751          -5.234         -16.273           78.481
  294 (vir)           69.393          -0.129          -2.388         -12.260           79.136
  295 (vir)           69.393          -0.129          -2.388         -12.260           79.136
  296 (vir)           71.819          -1.780          -6.264         -17.394           81.168
  297 (vir)           71.819          -1.802          -6.264         -17.394           81.147
  298 (vir)           71.819          -1.784          -6.264         -17.394           81.165
  299 (vir)           73.113          -0.408          -2.730         -13.257           83.231
  300 (vir)           73.113          -0.420          -2.730         -13.257           83.220
  301 (vir)           73.113          -0.409          -2.730         -13.257           83.230
  302 (vir)           74.574          -1.901          -7.286         -19.519           84.906
  303 (vir)           82.302          -3.696         -13.521         -29.509           94.595
  304 (vir)           82.302          -3.711         -13.521         -29.509           94.580
  305 (vir)           82.302          -3.719         -13.521         -29.509           94.572
  306 (vir)           82.463          -3.889         -11.788         -26.946           93.732
  307 (vir)           82.463          -3.925         -11.788         -26.946           93.697
  308 (vir)           82.463          -3.914         -11.788         -26.946           93.707
  309 (vir)           82.561          -3.535         -13.290         -29.155           94.892
  310 (vir)           83.188          -3.920         -13.458         -29.459           95.269
  311 (vir)           83.188          -3.925         -13.458         -29.459           95.264
  312 (vir)           83.188          -3.926         -13.458         -29.459           95.263
  313 (vir)           83.491          -4.455         -13.326         -29.382           95.092
  314 (vir)           83.491          -4.455         -13.326         -29.382           95.092
  315 (vir)           83.762          -3.908         -13.481         -29.524           95.897
  316 (vir)           84.328          -3.962         -12.106         -27.570           95.831
  317 (vir)           84.328          -3.962         -12.106         -27.570           95.830
  318 (vir)           84.328          -3.962         -12.106         -27.570           95.830
  319 (vir)           85.059          -4.319         -12.703         -28.462           96.499
  320 (vir)           85.059          -4.319         -12.703         -28.462           96.499
  321 (vir)           85.237          -4.122         -12.495         -28.301           96.921
  322 (vir)           85.237          -4.121         -12.495         -28.301           96.922
  323 (vir)           85.237          -4.121         -12.495         -28.301           96.921
  324 (vir)           86.813          -4.148         -12.333         -27.986           98.318
  325 (vir)           86.813          -4.148         -12.333         -27.986           98.318
  326 (vir)           86.813          -4.148         -12.333         -27.986           98.319
  327 (vir)           88.037          -2.841          -9.811         -24.507           99.892
  328 (vir)           88.037          -2.882          -9.811         -24.507           99.850
  329 (vir)           88.037          -2.830          -9.811         -24.507           99.903
  330 (vir)           95.978          -1.184          -6.903         -21.613          109.504
  331 (vir)           95.978          -1.048          -6.903         -21.613          109.640
  332 (vir)           95.978          -0.935          -6.903         -21.613          109.753
  333 (vir)           96.571          -2.376          -8.666         -23.109          108.638
  334 (vir)          127.472          -0.518          -5.536         -19.358          140.776
  335 (vir)          131.744           0.019          -2.339         -15.081          144.506
  336 (vir)          131.744           0.020          -2.339         -15.081          144.506
  337 (vir)          131.744           0.020          -2.339         -15.081          144.506
  338 (vir)          132.639           0.028          -2.921         -15.830          145.576
  339 (vir)          132.639           0.028          -2.921         -15.830          145.576
  340 (vir)          136.339          -0.944          -7.046         -21.600          149.950
  341 (vir)          136.339          -0.949          -7.046         -21.600          149.945
  342 (vir)          136.339          -0.950          -7.046         -21.600          149.944
  343 (vir)          137.891          -3.054         -16.834         -34.675          152.678
  344 (vir)          137.891          -3.054         -16.834         -34.675          152.678
  345 (vir)          139.485          -3.058         -16.351         -34.166          154.241
  346 (vir)          139.485          -3.055         -16.351         -34.166          154.244
  347 (vir)          139.485          -3.055         -16.351         -34.166          154.244
  348 (vir)          140.638          -2.889         -16.834         -34.845          155.760
  349 (vir)          140.638          -2.889         -16.834         -34.845          155.760
  350 (vir)          140.638          -2.888         -16.834         -34.845          155.761
  351 (vir)          142.726          -3.660         -14.088         -31.940          156.919
  352 (vir)          142.726          -3.663         -14.088         -31.940          156.915
  353 (vir)          142.726          -3.667         -14.088         -31.940          156.912
  354 (vir)          143.321          -3.077         -15.177         -33.128          158.195
  355 (vir)          144.189          -3.640         -14.137         -32.315          158.727
  356 (vir)          144.189          -3.640         -14.137         -32.315          158.727
  357 (vir)          144.650          -3.560         -13.959         -32.103          159.234
  358 (vir)          144.650          -3.561         -13.959         -32.103          159.233
  359 (vir)          144.650          -3.562         -13.959         -32.103          159.232
  360 (vir)          146.717          -3.671         -14.318         -32.345          161.073
  361 (vir)          146.717          -3.596         -14.318         -32.345          161.148
  362 (vir)          146.717          -3.708         -14.318         -32.345          161.035
  363 (vir)          147.266          -3.828         -13.127         -31.013          161.325
  364 (vir)          147.266          -3.828         -13.127         -31.013          161.325
  365 (vir)          151.061          -3.850         -13.103         -31.069          165.177
  366 (vir)          151.061          -3.854         -13.103         -31.069          165.174
  367 (vir)          151.061          -3.854         -13.103         -31.069          165.173
  368 (vir)          154.375          -3.681         -13.030         -31.025          168.688
  369 (vir)          154.375          -3.680         -13.030         -31.025          168.689
  370 (vir)          154.375          -3.680         -13.030         -31.025          168.690
  371 (vir)          160.141          -1.059          -8.222         -24.345          175.204
  372 (vir)          160.141          -1.020          -8.222         -24.345          175.243
  373 (vir)          160.141          -0.446          -8.222         -24.345          175.817
  374 (vir)          162.267          -1.508          -9.171         -26.041          177.628
  375 (vir)          167.844          -0.525          -2.339         -16.875          181.855
  376 (vir)          167.844          -0.525          -2.339         -16.875          181.855
  377 (vir)          172.857           0.056          -7.432         -23.012          188.493
  378 (vir)          173.375          -0.087          -2.178         -16.440          187.550
  379 (vir)          173.375           0.027          -2.178         -16.440          187.664
  380 (vir)          173.375           0.272          -2.178         -16.440          187.909
  381 (vir)          173.453           0.464          -2.182         -16.267          188.002
  382 (vir)          173.453           0.465          -2.182         -16.267          188.003
  383 (vir)          173.453           0.468          -2.182         -16.267          188.006
  384 (vir)          181.191          -0.259          -6.534         -22.678          197.076
  385 (vir)          181.191          -0.582          -6.534         -22.678          196.754
  386 (vir)          181.191          -0.313          -6.534         -22.678          197.022
  387 (vir)          192.831          -0.965         -13.945         -32.053          209.974
  388 (vir)          203.237          -1.054         -15.488         -34.415          221.110
  389 (vir)          203.237          -1.072         -15.488         -34.415          221.092
  390 (vir)          203.237          -1.097         -15.488         -34.415          221.068
  391 (vir)          227.203           0.840          -7.589         -24.933          245.388
  392 (vir)          300.944          -2.241         -16.948         -44.809          326.565
  393 (vir)          300.944          -2.242         -16.948         -44.809          326.564
  394 (vir)          300.944          -2.242         -16.948         -44.809          326.564
  395 (vir)          300.996          -2.186         -16.946         -44.805          326.670
  396 (vir)          301.280          -2.751         -16.910         -44.760          326.380
  397 (vir)          301.280          -2.750         -16.910         -44.760          326.381
  398 (vir)          301.280          -2.753         -16.910         -44.760          326.377
  399 (vir)          301.678          -2.386         -16.903         -44.749          327.138
  400 (vir)          301.678          -2.389         -16.903         -44.749          327.135
  401 (vir)          301.678          -2.385         -16.903         -44.749          327.139
  402 (vir)          301.722          -2.917         -16.867         -44.714          326.652
  403 (vir)          301.722          -2.917         -16.867         -44.714          326.652
  404 (vir)          301.823          -2.299         -16.903         -44.748          327.369
  405 (vir)          302.428          -2.955         -16.832         -44.659          327.300
  406 (vir)          302.428          -2.955         -16.832         -44.659          327.300
  407 (vir)          302.617          -2.892         -16.827         -44.647          327.545
  408 (vir)          302.617          -2.886         -16.827         -44.647          327.551
  409 (vir)          302.617          -2.890         -16.827         -44.647          327.547
  410 (vir)          302.890          -2.779         -16.794         -44.610          327.927
  411 (vir)          302.890          -2.776         -16.794         -44.610          327.930
  412 (vir)          302.890          -2.778         -16.794         -44.610          327.928
  413 (vir)          304.007          -2.800         -16.729         -44.508          328.986
  414 (vir)          304.007          -2.793         -16.729         -44.508          328.993
  415 (vir)          304.007          -2.798         -16.729         -44.508          328.989
  416 (vir)          306.311          -2.947         -16.548         -44.248          331.064
  417 (vir)          306.311          -2.985         -16.548         -44.248          331.026
  418 (vir)          306.311          -2.930         -16.548         -44.248          331.081
  419 (vir)          310.266          -2.649         -16.144         -43.551          335.024
  420 (vir)          497.226          -0.384         -32.549         -67.429          531.722
  421 (vir)          497.226          -0.384         -32.549         -67.429          531.722
  422 (vir)          497.602          -0.421         -32.547         -67.428          532.062
  423 (vir)          497.602          -0.421         -32.547         -67.428          532.063
  424 (vir)          497.602          -0.418         -32.547         -67.428          532.065
  425 (vir)          497.933          -0.394         -32.531         -67.414          532.422
  426 (vir)          497.933          -0.394         -32.531         -67.414          532.422
  427 (vir)          497.933          -0.394         -32.531         -67.414          532.422
  428 (vir)          499.177          -0.215         -32.466         -67.348          533.844
  429 (vir)          499.177          -0.215         -32.466         -67.348          533.844
  430 (vir)          501.653          -0.244         -32.378         -67.261          536.291
  431 (vir)          501.653          -0.243         -32.378         -67.261          536.292
  432 (vir)          501.653          -0.242         -32.378         -67.261          536.294
  433 (vir)          503.946          -0.414         -32.289         -67.170          538.413
  434 (vir)          503.946          -0.414         -32.289         -67.170          538.413
  435 (vir)          503.946          -0.414         -32.289         -67.170          538.413
  436 (vir)          506.220          -0.194         -32.198         -67.082          540.909
  437 (vir)          506.220          -0.196         -32.198         -67.082          540.908
  438 (vir)          506.220          -0.194         -32.198         -67.082          540.910
  439 (vir)          507.312          -0.186         -32.100         -66.969          541.994
  440 (vir)          712.729          -0.286         -30.834         -65.965          747.575
  441 (vir)          725.777          -0.031         -31.088         -66.424          761.081
  442 (vir)          725.777          -0.033         -31.088         -66.424          761.079
  443 (vir)          725.777          -0.035         -31.088         -66.424          761.078
  444 (vir)          751.562          -0.363         -13.531         -46.720          784.387
  445 (vir)         1271.863           1.729         -62.134        -118.861         1330.319
  446 (vir)         1271.863           1.729         -62.134        -118.861         1330.319
  447 (vir)         1273.443           1.751         -62.093        -118.841         1331.941
  448 (vir)         1273.443           1.751         -62.093        -118.841         1331.941
  449 (vir)         1273.443           1.751         -62.093        -118.841         1331.941
  450 (vir)         1274.529           2.142         -62.063        -118.826         1333.434
  451 (vir)         1274.529           2.143         -62.063        -118.826         1333.434
  452 (vir)         1274.529           2.142         -62.063        -118.826         1333.434
  453 (vir)         1284.792           2.478         -61.682        -118.656         1344.243
  454 (vir)         1287.742           2.960         -61.621        -118.632         1347.714
  455 (vir)         1287.742           2.947         -61.621        -118.632         1347.700
  456 (vir)         1287.742           2.963         -61.621        -118.632         1347.717
  457 (vir)         2386.261          -1.860         -50.067        -114.403         2448.737
  458 (vir)         2397.105          -1.886         -49.932        -114.316         2459.603
  459 (vir)         2397.105          -1.886         -49.932        -114.316         2459.603
  460 (vir)         2397.105          -1.886         -49.932        -114.316         2459.603
  461 (vir)         3980.101          -0.127         -14.796         -94.563         4059.740
  462 (vir)         7146.147          -2.145         -71.209        -180.155         7252.948
  463 (vir)         7156.193          -2.144         -71.143        -180.116         7263.021
  464 (vir)         7156.193          -2.144         -71.143        -180.116         7263.021
  465 (vir)         7156.193          -2.144         -71.143        -180.116         7263.021
  466 (vir)        20481.036          -1.787         -94.143        -273.887        20658.994
  467 (vir)        20490.564          -1.785         -94.109        -273.863        20668.533
  468 (vir)        20490.564          -1.785         -94.109        -273.863        20668.533
  469 (vir)        20490.564          -1.785         -94.109        -273.863        20668.533
  470 (vir)        59248.546          -1.488        -129.645        -435.105        59552.517
  471 (vir)        59257.736          -1.488        -129.629        -435.096        59561.715
  472 (vir)        59257.736          -1.488        -129.629        -435.096        59561.715
  473 (vir)        59257.736          -1.488        -129.629        -435.096        59561.715
  474 (vir)       273843.396          -1.925        -155.797        -840.907       274526.581
  475 (vir)       273859.402          -1.925        -155.790        -840.910       274542.597
  476 (vir)       273859.402          -1.925        -155.790        -840.910       274542.597
  477 (vir)       273859.402          -1.925        -155.790        -840.910       274542.597
