 
  kpoint:     0.0000    0.0000    0.0000
 
    n          ϵ_nk^DFT (eV)     Σ^c_nk (eV)     Σ^x_nk (eV)     v_n^xc (eV)   ϵ_nk^G0W0 (eV)
 
    1 (occ)        -2075.969          -5.152        -262.486        -163.834        -2179.774
    2 (occ)         -171.465           5.925         -83.039         -51.561         -197.018
    3 (occ)         -122.923           6.589         -74.990         -52.129         -139.195
    4 (occ)         -122.923           6.589         -74.990         -52.129         -139.195
    5 (occ)         -122.802           6.775         -75.152         -52.180         -138.999
    6 (occ)          -15.962           4.440         -21.554         -14.429          -18.646
    7 (occ)           -9.412           0.656         -17.383         -12.904          -13.235
    8 (occ)           -9.412           0.656         -17.383         -12.904          -13.235
    9 (occ)           -6.705           0.050         -15.860         -12.254          -10.260
   10 (vir)           -0.255          -1.674          -4.381          -8.802            2.492
   11 (vir)           -0.255          -1.674          -4.381          -8.802            2.492
   12 (vir)           -0.091          -1.059          -2.185          -5.368            2.033
   13 (vir)            2.675          -0.928          -1.477          -4.393            4.664
   14 (vir)            2.675          -0.928          -1.477          -4.393            4.664
   15 (vir)            3.417          -1.057          -2.131          -5.381            5.611
   16 (vir)            3.903          -2.003          -3.053          -7.964            6.810
   17 (vir)            3.903          -2.003          -3.053          -7.964            6.810
   18 (vir)            3.987          -1.799          -3.038          -7.640            6.790
   19 (vir)            5.918          -1.485          -1.906          -5.417            7.944
   20 (vir)            5.918          -1.485          -1.906          -5.417            7.944
   21 (vir)            7.096          -2.737          -3.785          -8.941            9.515
   22 (vir)            8.411          -1.552          -1.073          -4.555           10.341
   23 (vir)           10.293          -1.991          -1.478          -6.072           12.895
   24 (vir)           10.293          -1.991          -1.478          -6.072           12.895
   25 (vir)           14.881          -2.325          -1.623          -7.259           18.193
   26 (vir)           15.416          -2.069          -1.472          -6.818           18.692
   27 (vir)           15.416          -2.070          -1.472          -6.818           18.692
   28 (vir)           16.780          -2.375          -2.517          -8.171           20.059
   29 (vir)           16.780          -2.375          -2.517          -8.171           20.059
   30 (vir)           18.645          -2.239          -2.586          -8.915           22.735
   31 (vir)           18.931          -3.223          -2.839         -10.206           23.075
   32 (vir)           18.931          -3.223          -2.839         -10.206           23.075
   33 (vir)           19.750          -3.038          -2.526          -9.102           23.288
   34 (vir)           20.508          -2.475          -1.859          -7.857           24.031
   35 (vir)           20.508          -2.475          -1.859          -7.857           24.030
   36 (vir)           21.501          -1.122          -1.691          -8.161           26.849
   37 (vir)           22.562          -2.158          -2.051          -7.975           26.328
   38 (vir)           25.688          -2.020          -1.681          -8.217           30.204
   39 (vir)           25.688          -2.020          -1.681          -8.217           30.204
   40 (vir)           26.108          -2.292          -2.193          -8.562           30.185
   41 (vir)           26.235          -1.953          -2.304          -8.230           30.208
   42 (vir)           26.386          -2.693          -2.859          -9.529           30.363
   43 (vir)           26.386          -2.694          -2.859          -9.530           30.363
   44 (vir)           27.201          -1.131          -0.990          -7.165           32.245
   45 (vir)           29.625          -1.609          -1.156          -7.478           34.337
   46 (vir)           29.625          -1.609          -1.156          -7.478           34.338
   47 (vir)           32.030          -1.527          -1.601          -8.191           37.093
   48 (vir)           32.305          -1.543          -0.864          -6.717           36.615
   49 (vir)           32.305          -1.543          -0.864          -6.717           36.616
   50 (vir)           37.302          -2.571          -2.290         -10.153           42.594
   51 (vir)           37.303          -2.571          -2.290         -10.153           42.595
   52 (vir)           48.954          -1.833          -3.221         -11.113           55.013
   53 (vir)           50.904          -1.485          -1.761         -10.397           58.055
   54 (vir)           50.904          -1.485          -1.761         -10.398           58.055
   55 (vir)           51.083          -0.645          -1.246          -9.391           58.584
   56 (vir)           51.084          -0.645          -1.246          -9.391           58.584
   57 (vir)           51.618          -1.945          -2.010         -11.021           58.683
   58 (vir)           53.791          -1.885          -3.483         -13.546           61.969
   59 (vir)           53.791          -1.885          -3.483         -13.546           61.969
   60 (vir)           54.367          -1.706          -3.694         -13.904           62.872
   61 (vir)           57.233          -0.655          -1.502         -10.161           65.237
   62 (vir)           57.429          -1.209          -2.176         -11.236           65.280
   63 (vir)           57.429          -1.209          -2.176         -11.236           65.280
   64 (vir)           59.908          -0.210          -0.906          -8.807           67.599
   65 (vir)           62.168          -1.614          -1.826         -10.868           69.596
   66 (vir)           62.728          -1.256          -1.870         -11.038           70.640
   67 (vir)           62.728          -1.256          -1.870         -11.038           70.640
   68 (vir)           65.099          -1.058          -1.647         -10.634           73.029
   69 (vir)           65.100          -1.058          -1.647         -10.634           73.029
   70 (vir)           66.068          -1.954          -1.802         -10.923           73.235
   71 (vir)           68.096          -0.731          -1.190         -10.005           76.179
   72 (vir)           68.563          -0.547          -1.765         -12.042           78.293
   73 (vir)           69.310          -0.822          -1.585         -10.602           77.506
   74 (vir)           69.310          -0.823          -1.586         -10.603           77.505
   75 (vir)           69.494          -1.187          -1.915         -10.851           77.244
   76 (vir)           69.494          -1.191          -1.914         -10.850           77.240
   77 (vir)           74.612          -0.183          -1.366         -10.542           83.604
   78 (vir)           74.612          -0.183          -1.366         -10.542           83.605
   79 (vir)           75.773          -0.803          -1.192         -10.010           83.788
   80 (vir)           76.601          -0.405          -1.381         -11.001           85.816
   81 (vir)           76.601          -0.406          -1.381         -11.001           85.815
   82 (vir)           76.866          -0.476          -1.150         -10.621           85.860
   83 (vir)           77.940          -0.791          -1.380         -10.213           85.982
   84 (vir)           79.978          -0.550          -1.926         -11.633           89.135
   85 (vir)           79.978          -0.551          -1.926         -11.633           89.134
   86 (vir)           81.842          -1.288          -3.520         -14.265           91.298
   87 (vir)           82.114          -0.588          -3.033         -13.501           91.994
   88 (vir)           82.114          -0.590          -3.034         -13.501           91.992
   89 (vir)           87.845          -2.295          -2.055         -11.746           95.242
   90 (vir)           89.417          -1.077          -1.833         -11.448           97.955
   91 (vir)           89.417          -1.073          -1.833         -11.447           97.959
   92 (vir)           96.389          -0.276          -1.638         -11.531          106.006
   93 (vir)           96.390          -0.282          -1.638         -11.531          106.002
   94 (vir)           97.016          -1.213          -2.156         -12.616          106.263
   95 (vir)          102.395          -0.126          -1.254         -11.696          112.711
   96 (vir)          102.395          -0.131          -1.254         -11.696          112.707
   97 (vir)          103.211          -0.316          -1.116         -11.368          113.147
   98 (vir)          107.173          -0.896          -3.805         -16.242          118.714
   99 (vir)          107.173          -0.888          -3.805         -16.242          118.722
  100 (vir)          108.822          -2.738          -3.616         -16.025          118.493
  101 (vir)          153.541           0.787          -6.652         -20.654          168.330
  102 (vir)          155.059          -0.303          -0.744         -11.236          165.249
  103 (vir)          155.060          -0.309          -0.744         -11.236          165.243
  104 (vir)          155.690           1.869          -0.669         -11.039          167.930
  105 (vir)          155.949          -0.279          -0.823         -11.383          166.230
  106 (vir)          155.949          -0.241          -0.823         -11.383          166.269
  107 (vir)          157.716           0.761          -1.705         -12.613          169.385
  108 (vir)          157.934          -0.427          -0.862         -11.813          168.458
  109 (vir)          163.845          -1.577          -3.102         -15.561          174.726
  110 (vir)          163.845          -1.583          -3.102         -15.560          174.721
  111 (vir)          165.171          -1.510          -2.750         -15.248          176.160
  112 (vir)          165.172          -1.529          -2.749         -15.247          176.141
  113 (vir)          165.417          -4.467          -3.854         -17.013          174.109
  114 (vir)          166.956          -1.908          -2.235         -14.130          176.943
  115 (vir)          166.956          -1.916          -2.235         -14.131          176.935
  116 (vir)          170.961           2.752          -2.600         -15.529          186.642
  117 (vir)          173.936          -2.109          -2.058         -15.618          185.387
  118 (vir)          173.937          -2.180          -2.058         -15.618          185.317
  119 (vir)          175.546           5.163          -1.450         -13.168          192.427
  120 (vir)          177.844          -1.541          -2.945         -15.597          188.954
  121 (vir)          177.844          -1.574          -2.945         -15.596          188.921
  122 (vir)          182.081          -0.852          -1.161         -13.119          193.187
  123 (vir)          182.081          -0.897          -1.161         -13.119          193.143
  124 (vir)          183.330           4.857          -1.035         -13.023          200.175
  125 (vir)          189.159           1.532          -2.492         -15.679          203.878
  126 (vir)          199.960          -1.083          -7.107         -23.002          214.772
  127 (vir)          200.409          -0.616          -7.236         -23.158          215.715
  128 (vir)          200.410          -0.620          -7.236         -23.158          215.712
  129 (vir)          203.070          -1.079          -4.849         -19.691          216.833
  130 (vir)          203.070          -1.074          -4.849         -19.691          216.839
  131 (vir)          211.310           1.035          -0.996         -14.004          225.354
  132 (vir)          211.639          -9.251          -1.460         -14.725          215.653
  133 (vir)          211.640           8.085          -1.460         -14.725          232.990
  134 (vir)          213.349           0.820          -0.848         -13.252          226.572
  135 (vir)          213.349           0.845          -0.848         -13.252          226.597
  136 (vir)          214.362           1.792          -1.287         -14.417          229.283
  137 (vir)          214.969          -1.025          -1.494         -14.783          227.233
  138 (vir)          214.971          -0.893          -1.494         -14.783          227.367
  139 (vir)          220.497           1.260          -0.813         -13.137          234.081
  140 (vir)          220.963          -2.463          -1.009         -13.386          230.877
  141 (vir)          221.730          -7.958          -1.150         -13.706          226.327
  142 (vir)          221.730           2.613          -1.150         -13.706          236.899
  143 (vir)          229.898          -1.816          -0.830         -13.022          240.273
  144 (vir)          229.899          -1.809          -0.829         -13.021          240.281
  145 (vir)          229.906          -0.778          -0.755         -12.926          241.299
  146 (vir)          234.576          -0.051          -0.863         -13.184          246.846
  147 (vir)          238.177          -0.786          -0.937         -13.485          249.941
  148 (vir)          238.178          -0.776          -0.937         -13.485          249.950
  149 (vir)          239.698           3.186          -0.951         -13.483          255.416
  150 (vir)          239.854          -0.259          -0.836         -13.095          251.854
  151 (vir)          239.854          -0.241          -0.836         -13.095          251.872
  152 (vir)          257.242           1.735          -2.082         -16.758          273.654
  153 (vir)          268.752          -0.494          -3.399         -18.932          283.792
  154 (vir)          268.756          -0.471          -3.399         -18.932          283.818
  155 (vir)          483.559           2.990         -22.766         -55.930          519.713
  156 (vir)          488.170           2.254         -22.570         -55.791          523.644
  157 (vir)          488.170           2.254         -22.570         -55.791          523.645
  158 (vir)          555.580           2.006         -17.185         -46.159          586.560
  159 (vir)         1915.075           1.987         -30.213         -85.520         1972.369
  160 (vir)        10364.979           0.246         -48.877        -193.118        10509.466
