 
  kpoint:     0.0000    0.0000    0.0000
 
    n          ϵ_nk^DFT (eV)     Σ^c_nk (eV)     Σ^x_nk (eV)     v_n^xc (eV)   ϵ_nk^G0W0 (eV)
 
    1 (occ)        -2077.217          -3.969        -262.507        -163.837        -2179.856
    2 (occ)         -381.495           0.055        -114.699         -72.582         -423.557
    3 (occ)         -172.739          -2.612         -83.089         -51.567         -206.874
    4 (occ)         -124.218           9.140         -74.944         -52.121         -137.901
    5 (occ)         -124.218           9.140         -74.944         -52.121         -137.901
    6 (occ)         -124.047           9.329         -75.210         -52.195         -137.734
    7 (occ)          -21.168           6.715         -28.378         -18.871          -23.960
    8 (occ)          -12.253           2.414         -20.213         -14.906          -15.146
    9 (occ)           -8.325           0.083         -17.936         -14.412          -11.765
   10 (occ)           -8.325           0.083         -17.936         -14.412          -11.765
   11 (occ)           -7.727           1.787         -21.668         -16.503          -11.105
   12 (vir)           -3.369          -1.838          -7.857         -12.855           -0.210
   13 (vir)           -3.369          -1.838          -7.857         -12.855           -0.210
   14 (vir)            0.114          -1.514          -3.679          -7.791            2.712
   15 (vir)            2.571          -1.226          -2.159          -5.441            4.627
   16 (vir)            3.364          -1.071          -1.742          -4.914            5.464
   17 (vir)            3.364          -1.071          -1.742          -4.914            5.464
   18 (vir)            4.150          -1.526          -2.586          -6.310            6.348
   19 (vir)            4.158          -2.221          -2.446          -7.380            6.871
   20 (vir)            4.158          -2.221          -2.446          -7.380            6.871
   21 (vir)            6.519          -2.339          -2.344          -6.997            8.832
   22 (vir)            6.519          -2.339          -2.344          -6.997            8.832
   23 (vir)            6.594          -1.450          -2.219          -6.084            9.010
   24 (vir)            7.602          -1.749          -2.153          -6.906           10.605
   25 (vir)            7.602          -1.749          -2.153          -6.906           10.605
   26 (vir)           12.531          -2.289          -2.663          -7.920           15.499
   27 (vir)           14.399          -2.365          -2.876          -7.482           16.640
   28 (vir)           18.197          -2.026          -2.407          -8.692           22.456
   29 (vir)           18.197          -2.026          -2.407          -8.692           22.456
   30 (vir)           18.694          -2.756          -2.571          -9.883           23.250
   31 (vir)           18.694          -2.756          -2.571          -9.883           23.250
   32 (vir)           19.531          -2.553          -3.225         -10.190           23.942
   33 (vir)           19.531          -2.553          -3.225         -10.190           23.942
   34 (vir)           21.333          -2.000          -1.150          -7.364           25.546
   35 (vir)           21.333          -2.000          -1.150          -7.364           25.546
   36 (vir)           21.899          -2.847          -4.614         -11.379           25.817
   37 (vir)           22.632          -1.255          -3.386         -10.131           28.122
   38 (vir)           22.632          -1.255          -3.386         -10.131           28.122
   39 (vir)           22.979          -2.529          -2.905         -10.042           27.587
   40 (vir)           25.620          -0.884          -2.021          -8.957           31.672
   41 (vir)           25.620          -0.884          -2.021          -8.957           31.672
   42 (vir)           26.801          -3.090          -2.996          -9.459           30.174
   43 (vir)           27.898          -2.598          -1.444          -8.134           31.989
   44 (vir)           27.898          -2.598          -1.444          -8.134           31.989
   45 (vir)           29.277          -3.616          -2.934         -10.810           33.537
   46 (vir)           29.277          -3.616          -2.934         -10.810           33.537
   47 (vir)           33.119          -3.369          -4.900         -13.967           38.817
   48 (vir)           38.089          -1.261          -1.730          -8.928           44.025
   49 (vir)           38.089          -1.261          -1.730          -8.928           44.025
   50 (vir)           41.174          -3.079          -3.158         -11.446           46.383
   51 (vir)           41.634           0.895          -2.960          -9.801           49.371
   52 (vir)           54.791          -0.104          -3.855         -14.109           64.942
   53 (vir)           54.791          -0.104          -3.855         -14.109           64.942
   54 (vir)           55.605          -1.945          -3.731         -13.854           63.784
   55 (vir)           58.087          -0.379          -3.503         -13.676           67.882
   56 (vir)           58.087          -0.379          -3.503         -13.676           67.882
   57 (vir)           60.468          -0.799          -1.828         -11.488           69.328
   58 (vir)           60.468          -0.799          -1.828         -11.488           69.328
   59 (vir)           60.669          -2.316          -2.564         -12.662           68.450
   60 (vir)           60.669          -2.316          -2.564         -12.661           68.450
   61 (vir)           63.148          -1.906          -3.485         -14.328           72.085
   62 (vir)           63.148          -1.906          -3.485         -14.328           72.085
   63 (vir)           67.257           2.026          -1.132         -10.640           78.791
   64 (vir)           67.258           2.026          -1.132         -10.640           78.791
   65 (vir)           67.803           0.409          -1.638         -11.884           78.458
   66 (vir)           67.803           0.409          -1.638         -11.884           78.458
   67 (vir)           70.218          -2.688          -1.611         -11.976           77.895
   68 (vir)           70.218          -2.688          -1.611         -11.976           77.895
   69 (vir)           70.846          -4.737          -3.563         -14.331           76.877
   70 (vir)           73.690           0.762          -1.386         -11.329           84.395
   71 (vir)           73.690           0.762          -1.386         -11.329           84.395
   72 (vir)           73.886          -9.607          -3.789         -14.177           74.667
   73 (vir)           76.929          -4.906          -3.300         -14.950           83.672
   74 (vir)           76.929          -4.906          -3.300         -14.950           83.672
   75 (vir)           77.476          -3.172          -2.086         -12.434           84.652
   76 (vir)           77.476          -3.172          -2.086         -12.434           84.652
   77 (vir)           82.255          -4.296          -2.753         -13.671           88.878
   78 (vir)           87.086           5.360          -6.912         -19.616          105.150
   79 (vir)           87.086           5.360          -6.912         -19.616          105.150
   80 (vir)           89.607          -2.470          -2.768         -14.361           98.730
   81 (vir)           89.607          -2.470          -2.768         -14.361           98.730
   82 (vir)           90.323          -1.226          -1.461         -12.047           99.683
   83 (vir)           90.323          -1.226          -1.461         -12.046           99.683
   84 (vir)           90.443           5.305          -4.673         -17.182          108.257
   85 (vir)          100.658           5.143          -4.411         -16.170          117.561
   86 (vir)          102.323         -10.235          -4.627         -18.086          105.547
   87 (vir)          102.323         -10.235          -4.627         -18.086          105.547
   88 (vir)          112.876           5.123          -6.275         -20.928          132.652
   89 (vir)          122.237           5.725          -3.885         -17.889          141.966
   90 (vir)          122.237           5.725          -3.885         -17.889          141.966
   91 (vir)          139.895           6.233          -8.346         -22.693          160.476
   92 (vir)          162.504           0.244          -8.099         -24.279          178.929
   93 (vir)          181.028          -0.064          -8.428         -25.389          197.925
   94 (vir)          181.028          -0.064          -8.428         -25.389          197.925
   95 (vir)          182.341           1.558          -1.658         -15.672          197.914
   96 (vir)          182.341           1.558          -1.658         -15.672          197.914
   97 (vir)          184.039          -0.032          -1.840         -16.220          198.387
   98 (vir)          184.039          -0.032          -1.840         -16.220          198.387
   99 (vir)          185.724          -2.032         -10.273         -27.871          201.289
  100 (vir)          185.724          -2.032         -10.273         -27.870          201.289
  101 (vir)          192.521           3.437          -3.455         -18.842          211.345
  102 (vir)          192.521           3.437          -3.454         -18.841          211.345
  103 (vir)          193.314           2.208          -4.722         -20.924          211.724
  104 (vir)          206.643           6.707          -5.516         -22.171          230.005
  105 (vir)          206.643           6.707          -5.516         -22.171          230.005
  106 (vir)          209.606           1.753          -7.457         -25.189          229.091
  107 (vir)          226.027           4.065          -2.323         -18.841          246.610
  108 (vir)          226.027           4.065          -2.323         -18.841          246.610
  109 (vir)          233.295           4.085          -2.425         -19.156          254.110
  110 (vir)          233.295           4.085          -2.425         -19.155          254.110
  111 (vir)          241.932           2.422          -2.989         -20.753          262.118
  112 (vir)          241.933           2.424          -2.989         -20.752          262.120
  113 (vir)          243.316           1.070          -3.507         -20.691          261.570
  114 (vir)          244.570           3.389          -2.530         -19.522          264.950
  115 (vir)          244.570           3.389          -2.530         -19.522          264.950
  116 (vir)          257.331           2.187          -3.065         -20.969          277.423
  117 (vir)          257.331           2.187          -3.065         -20.969          277.423
  118 (vir)          279.036           3.820          -6.771         -26.144          302.229
  119 (vir)          288.041           2.507          -5.925         -24.447          309.070
  120 (vir)          467.055           4.055         -22.951         -56.080          504.239
  121 (vir)          467.055           4.055         -22.951         -56.080          504.239
  122 (vir)          496.129           2.489         -22.561         -55.836          531.892
  123 (vir)          538.623           1.947         -17.653         -46.709          569.625
  124 (vir)          997.458           1.201         -15.686         -54.288         1037.261
  125 (vir)         1899.333           1.644         -30.368         -85.614         1956.223
  126 (vir)         5320.107           1.157         -17.763        -110.581         5414.082
  127 (vir)        10339.391           0.148         -48.950        -193.101        10483.690
