 
  kpoint:     0.0000    0.0000    0.0000
 
    n          ϵ_nk^DFT (eV)     Σ^c_nk (eV)     Σ^x_nk (eV)     v_n^xc (eV)   ϵ_nk^G0W0 (eV)
 
    1 (occ)        -2736.123           4.270        -300.466        -187.110        -2845.210
    2 (occ)        -1033.741           2.019        -187.351        -117.677        -1101.396
    3 (occ)         -246.576           5.424         -97.734         -60.450         -278.435
    4 (occ)         -187.200           6.447         -89.932         -62.034         -208.652
    5 (occ)         -187.159           6.459         -89.978         -62.048         -208.629
    6 (occ)         -187.159           6.459         -89.978         -62.048         -208.629
    7 (occ)          -57.277           7.111         -53.880         -34.017          -70.029
    8 (occ)          -29.442           4.749         -45.048         -32.045          -37.696
    9 (occ)          -29.442           4.749         -45.048         -32.045          -37.696
   10 (occ)          -29.380           4.885         -45.108         -32.035          -37.568
   11 (occ)          -16.843           7.000         -27.656         -18.586          -18.914
   12 (occ)           -5.726           1.895         -19.640         -15.217           -8.254
   13 (occ)           -5.254           1.731         -19.696         -15.111           -8.108
   14 (occ)           -5.254           1.731         -19.696         -15.111           -8.108
   15 (vir)           -2.252          -0.526          -1.540          -3.919           -0.399
   16 (vir)           -0.232          -0.291          -0.638          -2.051            0.889
   17 (vir)           -0.232          -0.291          -0.638          -2.051            0.889
   18 (vir)            0.217          -0.223          -0.438          -1.474            1.029
   19 (vir)            0.444          -0.201          -0.323          -1.360            1.279
   20 (vir)            1.298          -0.231          -0.462          -1.601            2.206
   21 (vir)            1.298          -0.231          -0.462          -1.601            2.206
   22 (vir)            2.005          -0.371          -0.712          -2.247            3.169
   23 (vir)            3.454          -0.531          -0.312          -2.422            5.033
   24 (vir)            3.454          -0.531          -0.312          -2.422            5.033
   25 (vir)            3.522          -0.410          -1.063          -3.033            5.082
   26 (vir)            4.170          -0.673          -1.205          -3.759            6.052
   27 (vir)            4.170          -0.673          -1.205          -3.759            6.052
   28 (vir)            4.344          -0.742          -1.079          -3.434            5.957
   29 (vir)            6.128          -0.816          -1.903          -5.119            8.529
   30 (vir)            6.166          -0.725          -1.532          -4.359            8.268
   31 (vir)            6.166          -0.725          -1.532          -4.359            8.268
   32 (vir)            7.122          -1.014          -2.109          -5.497            9.496
   33 (vir)            7.122          -1.014          -2.109          -5.497            9.496
   34 (vir)            8.444          -1.229          -2.526          -6.143           10.832
   35 (vir)            9.319          -1.695          -3.362          -8.081           12.343
   36 (vir)            9.319          -1.695          -3.362          -8.081           12.343
   37 (vir)           11.130          -1.838          -3.221          -7.962           14.032
   38 (vir)           11.130          -1.838          -3.221          -7.962           14.032
   39 (vir)           11.157          -2.127          -3.558          -8.624           14.095
   40 (vir)           11.956          -0.358          -0.108          -2.650           14.139
   41 (vir)           11.956          -0.358          -0.108          -2.650           14.139
   42 (vir)           13.874          -1.713          -1.926          -6.228           16.464
   43 (vir)           13.874          -1.713          -1.926          -6.228           16.464
   44 (vir)           14.712          -0.906          -1.221          -4.546           17.131
   45 (vir)           15.045          -0.459          -0.683          -4.233           18.137
   46 (vir)           15.045          -0.459          -0.683          -4.233           18.137
   47 (vir)           15.664          -0.967          -0.937          -5.264           19.024
   48 (vir)           15.664          -0.967          -0.937          -5.264           19.024
   49 (vir)           17.000          -1.713          -2.996          -8.022           20.312
   50 (vir)           18.904          -2.837          -2.676          -8.440           21.832
   51 (vir)           18.904          -2.837          -2.676          -8.440           21.832
   52 (vir)           23.583          -2.393          -3.177          -9.121           27.133
   53 (vir)           24.553          -1.129          -4.336         -10.693           29.780
   54 (vir)           24.553          -1.129          -4.336         -10.693           29.780
   55 (vir)           24.889          -1.388          -4.555         -11.128           30.074
   56 (vir)           27.929          -1.932          -4.804         -11.960           33.153
   57 (vir)           31.459          -3.270          -4.328         -11.934           35.795
   58 (vir)           31.459          -3.270          -4.328         -11.934           35.795
   59 (vir)           32.695          -4.125          -4.304         -13.713           37.979
   60 (vir)           32.695          -4.125          -4.304         -13.713           37.979
   61 (vir)           35.024          -2.227          -3.536         -12.401           41.661
   62 (vir)           35.024          -2.227          -3.536         -12.401           41.661
   63 (vir)           35.065          -2.671          -3.633         -12.556           41.318
   64 (vir)           36.694           0.013          -2.371         -10.671           45.006
   65 (vir)           36.694           0.013          -2.371         -10.671           45.006
   66 (vir)           37.330          -1.913          -3.347         -11.002           43.071
   67 (vir)           38.225           0.392          -2.434         -10.835           47.018
   68 (vir)           38.225           0.392          -2.434         -10.835           47.018
   69 (vir)           42.945           0.087          -2.781         -11.593           51.845
   70 (vir)           42.945           0.087          -2.781         -11.593           51.845
   71 (vir)           51.743          -1.548          -4.238         -13.790           59.747
   72 (vir)           61.558          -0.871          -6.171         -16.018           70.534
   73 (vir)           88.019          -0.342          -5.614         -18.801          100.864
   74 (vir)           88.019          -0.342          -5.614         -18.801          100.864
   75 (vir)           91.170          -0.125          -5.461         -18.562          104.146
   76 (vir)           91.197          -0.300          -5.421         -18.513          103.988
   77 (vir)           91.197          -0.300          -5.421         -18.513          103.988
   78 (vir)           97.655           0.679          -2.165         -14.377          110.547
   79 (vir)           97.655           0.679          -2.165         -14.377          110.547
   80 (vir)           97.668           0.565          -2.181         -14.405          110.456
   81 (vir)           97.668           0.565          -2.181         -14.405          110.456
   82 (vir)           97.778           0.794          -2.156         -14.355          110.772
   83 (vir)           97.778           0.794          -2.156         -14.355          110.772
   84 (vir)           97.945           0.471          -2.261         -14.529          110.683
   85 (vir)           97.945           0.471          -2.261         -14.529          110.683
   86 (vir)           98.256           0.432          -2.452         -14.808          111.044
   87 (vir)          105.799          -1.283          -9.067         -23.607          119.057
   88 (vir)          105.799          -1.283          -9.067         -23.607          119.057
   89 (vir)          106.419           0.216          -2.995         -16.608          120.248
   90 (vir)          106.419           0.216          -2.995         -16.608          120.248
   91 (vir)          107.344           0.167          -2.963         -16.562          121.110
   92 (vir)          107.344           0.167          -2.963         -16.562          121.110
   93 (vir)          107.548          -0.166          -5.994         -20.068          121.456
   94 (vir)          109.845           0.145          -3.397         -17.047          123.640
   95 (vir)          109.845           0.145          -3.397         -17.047          123.640
   96 (vir)          117.094          -0.209          -6.427         -20.707          131.165
   97 (vir)          151.231          -2.978          -9.718         -25.466          164.001
   98 (vir)          153.673          -2.269         -13.607         -31.308          169.106
   99 (vir)          153.673          -2.269         -13.607         -31.308          169.106
  100 (vir)          154.560          -2.317         -13.492         -31.185          169.936
  101 (vir)          154.560          -2.317         -13.492         -31.185          169.936
  102 (vir)          156.550          -2.329         -13.254         -30.934          171.901
  103 (vir)          225.438          -1.041         -12.610         -30.674          242.461
  104 (vir)          287.612          -0.594         -14.981         -37.662          309.698
  105 (vir)          287.612          -0.594         -14.981         -37.662          309.698
  106 (vir)          290.133          -0.519         -14.858         -37.516          312.272
  107 (vir)          290.133          -0.519         -14.858         -37.516          312.272
  108 (vir)          290.469          -0.508         -14.841         -37.495          312.615
  109 (vir)          564.415          -0.436         -17.672         -48.322          594.629
  110 (vir)          773.378          -1.420         -21.028         -55.439          806.370
  111 (vir)         1127.923          -3.076         -37.596         -90.536         1177.787
  112 (vir)         1127.923          -3.076         -37.596         -90.536         1177.787
  113 (vir)         1128.627          -3.084         -37.477         -90.395         1178.461
  114 (vir)         2659.168          -2.060         -35.510        -100.800         2722.397
  115 (vir)         3416.118          -1.297         -36.820        -122.197         3500.199
  116 (vir)        14258.935          -2.229         -55.467        -224.070        14425.309
