 
  kpoint:     0.0000    0.0000    0.0000
 
    n          ϵ_nk^DFT (eV)     Σ^c_nk (eV)     Σ^x_nk (eV)     v_n^xc (eV)   ϵ_nk^G0W0 (eV)
 
    1 (occ)         -269.022          -0.577         -96.867         -61.535         -304.930
    2 (occ)         -269.016          -0.505         -96.855         -61.539         -304.837
    3 (occ)         -269.012          -0.498         -96.854         -61.539         -304.825
    4 (occ)          -21.003           5.918         -26.240         -16.998          -24.327
    5 (occ)          -14.603           3.554         -23.059         -15.586          -18.523
    6 (occ)          -14.594           3.552         -23.056         -15.585          -18.513
    7 (occ)          -12.026           1.979         -20.125         -14.215          -15.957
    8 (occ)          -11.380           1.490         -20.536         -15.161          -15.265
    9 (occ)           -8.680           0.972         -19.499         -14.461          -12.746
   10 (occ)           -8.668           0.968         -19.496         -14.465          -12.731
   11 (occ)           -7.045           0.516         -18.789         -14.776          -10.543
   12 (occ)           -7.042           0.515         -18.786         -14.772          -10.541
   13 (vir)            0.376          -1.160          -2.024          -5.241            2.433
   14 (vir)            0.814          -1.250          -2.330          -5.753            2.988
   15 (vir)            0.913          -0.994          -1.738          -4.596            2.778
   16 (vir)            0.918          -0.995          -1.737          -4.598            2.785
   17 (vir)            2.370          -2.311          -5.937         -11.009            5.130
   18 (vir)            2.594          -1.015          -1.242          -4.247            4.584
   19 (vir)            2.899          -0.949          -1.454          -4.256            4.752
   20 (vir)            2.911          -0.949          -1.443          -4.247            4.767
   21 (vir)            3.419          -1.097          -1.640          -4.711            5.393
   22 (vir)            3.422          -1.097          -1.641          -4.713            5.397
   23 (vir)            4.403          -1.028          -1.269          -4.342            6.448
   24 (vir)            4.408          -1.032          -1.279          -4.359            6.457
   25 (vir)            5.140          -1.730          -3.266          -7.385            7.529
   26 (vir)            5.315          -1.002          -1.210          -4.410            7.514
   27 (vir)            5.334          -1.053          -1.194          -4.390            7.478
   28 (vir)            6.719          -2.005          -2.764          -7.080            9.029
   29 (vir)            6.975          -1.833          -2.627          -6.695            9.209
   30 (vir)            6.982          -1.538          -2.018          -5.646            9.071
   31 (vir)            7.525          -2.793          -5.072         -10.376           10.036
   32 (vir)            7.537          -2.778          -5.035         -10.320           10.044
   33 (vir)            8.782          -2.559          -3.629          -8.630           11.225
   34 (vir)            8.788          -2.554          -3.624          -8.624           11.235
   35 (vir)            8.981          -1.847          -2.589          -6.846           11.391
   36 (vir)            9.582          -2.724          -3.542          -8.780           12.097
   37 (vir)            9.598          -2.711          -3.519          -8.729           12.097
   38 (vir)           12.020          -2.075          -1.891          -6.290           14.344
   39 (vir)           12.026          -2.075          -1.892          -6.292           14.350
   40 (vir)           14.014          -2.612          -2.507          -7.547           16.441
   41 (vir)           15.296          -2.629          -1.711          -6.934           17.890
   42 (vir)           15.829          -2.167          -2.483          -7.635           18.815
   43 (vir)           15.863          -2.618          -2.481          -7.625           18.389
   44 (vir)           16.164          -2.246          -2.190          -7.266           18.993
   45 (vir)           16.628          -2.438          -2.136          -7.070           19.124
   46 (vir)           16.771          -2.766          -2.564          -7.948           19.388
   47 (vir)           16.818          -2.715          -2.454          -7.717           19.367
   48 (vir)           17.336          -2.596          -1.497          -6.581           19.824
   49 (vir)           17.391          -2.258          -1.511          -6.613           20.236
   50 (vir)           18.282          -2.745          -1.240          -6.418           20.714
   51 (vir)           18.307          -2.755          -1.246          -6.436           20.741
   52 (vir)           19.668          -4.407          -2.981          -9.799           22.079
   53 (vir)           19.711          -4.173          -2.737          -9.302           22.104
   54 (vir)           19.869          -3.120          -2.115          -7.921           22.555
   55 (vir)           20.019          -2.735          -2.114          -7.578           22.748
   56 (vir)           21.255          -4.224          -2.506          -9.165           23.689
   57 (vir)           22.317          -2.776          -2.316          -8.070           25.295
   58 (vir)           22.353          -2.770          -2.310          -8.098           25.371
   59 (vir)           22.539          -4.470          -2.449          -7.974           23.593
   60 (vir)           22.557          -2.342          -2.369          -7.908           25.755
   61 (vir)           22.735          -2.123          -1.648          -7.111           26.074
   62 (vir)           24.465          -2.346          -1.207          -6.760           27.673
   63 (vir)           24.478          -2.306          -1.219          -6.781           27.734
   64 (vir)           24.985          -2.221          -0.997          -6.301           28.068
   65 (vir)           25.239          -2.796          -1.384          -6.794           27.853
   66 (vir)           25.252          -2.799          -1.391          -6.808           27.870
   67 (vir)           27.070          -3.341          -1.186          -6.927           29.470
   68 (vir)           27.088          -3.370          -1.187          -6.931           29.462
   69 (vir)           28.181          -3.489          -2.109          -8.193           30.776
   70 (vir)           28.835          -2.916          -1.368          -6.735           31.285
   71 (vir)           28.898          -2.910          -1.354          -6.703           31.336
   72 (vir)           30.750          -3.990          -1.988          -8.875           33.648
   73 (vir)           31.994          -3.182          -1.204          -6.966           34.574
   74 (vir)           32.672          -2.190          -0.570          -5.454           35.366
   75 (vir)           33.032          -2.349          -0.997          -6.635           36.321
   76 (vir)           33.054          -3.278          -1.119          -7.041           35.698
   77 (vir)           33.148          -2.820          -1.017          -6.735           36.046
   78 (vir)           33.215          -2.933          -0.972          -6.626           35.936
   79 (vir)           33.983          -1.931          -1.784          -8.125           38.393
   80 (vir)           34.262           1.770          -0.838          -6.072           41.266
   81 (vir)           34.375          -2.881          -0.876          -6.192           36.809
   82 (vir)           35.075          -2.596          -1.559          -7.389           38.308
   83 (vir)           38.783          -4.696          -3.274         -11.392           42.205
   84 (vir)           39.063          -3.453          -1.847          -8.319           42.083
   85 (vir)           39.088          -3.630          -1.872          -8.386           41.972
   86 (vir)           42.437          -4.792          -2.256          -9.876           45.264
   87 (vir)           42.486          -4.803          -2.282          -9.954           45.355
   88 (vir)           43.465          -4.431          -2.110          -9.582           46.506
   89 (vir)           46.080          -2.083          -3.357         -12.389           53.029
   90 (vir)           46.085          -2.121          -3.368         -12.404           53.000
   91 (vir)           47.521          -2.807          -2.256         -10.431           52.889
   92 (vir)           47.726          -2.744          -2.168         -10.213           53.027
   93 (vir)           47.902          -4.092          -2.352         -10.729           52.187
   94 (vir)           47.996          -1.925          -2.305         -10.600           54.366
   95 (vir)           48.301          -3.250          -2.896         -11.685           53.840
   96 (vir)           48.738          -4.132          -2.010         -10.043           52.639
   97 (vir)           49.381          -2.784          -2.391         -10.743           54.949
   98 (vir)           49.458          -2.721          -2.412         -10.787           55.112
   99 (vir)           51.203          -4.725          -2.115          -9.841           54.203
  100 (vir)           53.368          -2.010          -1.493          -9.085           58.951
  101 (vir)           53.688          -4.394          -2.515         -11.449           58.228
  102 (vir)           54.065          -4.549          -2.742         -11.754           58.529
  103 (vir)           54.243          -4.209          -2.418         -11.050           58.666
  104 (vir)           54.685          -0.517          -2.137         -10.707           62.739
  105 (vir)           55.041          -0.664          -2.005         -10.522           62.894
  106 (vir)           55.110          -1.325          -2.063         -10.619           62.341
  107 (vir)           56.139          -4.490          -2.044         -10.639           60.244
  108 (vir)           56.164          -1.162          -2.010         -10.583           63.575
  109 (vir)           56.393          -3.910          -1.884         -10.451           61.050
  110 (vir)           56.874          -1.599          -1.372          -9.187           63.090
  111 (vir)           57.224          -4.622          -1.535          -9.767           60.834
  112 (vir)           57.234          -4.519          -1.516          -9.734           60.933
  113 (vir)           60.109          -4.682          -2.704         -12.371           65.094
  114 (vir)           60.763          -4.004          -1.656         -10.596           65.699
  115 (vir)           61.010          -3.361          -1.907         -10.366           66.108
  116 (vir)           61.118          -3.548          -2.002         -10.483           66.052
  117 (vir)           62.400           2.127          -1.563          -9.865           72.829
  118 (vir)           62.574          -4.522          -1.660         -10.011           66.404
  119 (vir)           64.504          -4.862          -1.623         -10.181           68.199
  120 (vir)           64.645          -5.633          -2.445         -11.822           68.389
  121 (vir)           64.688          -4.810          -2.606         -12.164           69.436
  122 (vir)           65.662           2.779          -1.316          -9.535           76.659
  123 (vir)           65.758           2.242          -1.405          -9.717           76.312
  124 (vir)           66.465          -1.811          -1.541         -10.148           73.261
  125 (vir)           66.493          -2.386          -1.282          -9.564           72.389
  126 (vir)           67.738           3.958          -1.532          -9.963           80.127
  127 (vir)           68.971          -6.478          -2.149         -11.155           71.499
  128 (vir)           70.016          -4.871          -1.487         -10.100           73.758
  129 (vir)           70.050          -0.700          -1.486         -10.096           77.960
  130 (vir)           70.406           1.582          -1.646         -10.313           80.656
  131 (vir)           70.516           2.894          -1.520         -10.090           81.980
  132 (vir)           71.030           0.928          -1.292          -9.548           80.213
  133 (vir)           71.097           1.665          -1.384          -9.720           81.098
  134 (vir)           71.641           0.421          -1.453          -9.876           80.485
  135 (vir)           71.716           1.944          -1.450          -9.907           82.116
  136 (vir)           72.517           1.353          -1.451          -9.945           82.365
  137 (vir)           72.654           1.445          -1.471          -9.997           82.625
  138 (vir)           73.286          -6.288          -1.578         -10.132           75.551
  139 (vir)           74.437          -3.109          -1.185          -9.612           79.754
  140 (vir)           74.564          -0.569          -1.160          -9.396           82.231
  141 (vir)           74.834          -2.739          -1.154          -9.539           80.481
  142 (vir)           75.300           3.365          -2.499         -12.349           88.516
  143 (vir)           78.593          -4.065          -1.277          -9.729           82.980
  144 (vir)           79.241           2.612          -2.198         -12.072           91.727
  145 (vir)           79.282           2.700          -2.158         -11.963           91.787
  146 (vir)           81.161          -2.149          -0.995          -9.453           87.470
  147 (vir)           81.614          -4.069          -1.659         -10.950           86.836
  148 (vir)           81.646          -4.392          -1.614         -10.868           86.508
  149 (vir)           82.030           1.909          -1.364         -10.447           93.022
  150 (vir)           82.043           2.154          -1.325         -10.357           93.228
  151 (vir)           82.728           2.095          -2.517         -12.740           95.046
  152 (vir)           83.729           1.259          -1.979         -11.732           94.740
  153 (vir)           84.048           1.347          -1.916         -11.609           95.089
  154 (vir)           86.405          -4.499          -2.214         -12.283           91.974
  155 (vir)           86.892          -2.441          -1.814         -11.335           93.971
  156 (vir)           87.284           0.979          -1.543         -10.746           97.467
  157 (vir)           88.161          -6.338          -2.091         -11.828           91.560
  158 (vir)           91.738           0.712          -1.704         -11.522          102.269
  159 (vir)           91.917          -3.770          -1.714         -11.587           98.021
  160 (vir)           93.428          -0.896          -1.815         -11.354          102.070
  161 (vir)           93.681          -1.094          -1.822         -11.421          102.186
  162 (vir)           95.044          -4.315          -1.394         -11.133          100.468
  163 (vir)           96.589           2.747          -2.077         -12.471          109.730
  164 (vir)           97.746           1.764          -1.818         -12.072          109.765
  165 (vir)           98.015           2.373          -2.259         -13.116          111.244
  166 (vir)           98.554          -0.826          -1.526         -11.515          107.716
  167 (vir)           99.630          -3.541          -2.345         -13.636          107.381
  168 (vir)           99.963          -6.179          -2.338         -13.620          105.065
  169 (vir)          101.761           1.989          -1.886         -12.369          114.234
  170 (vir)          101.825           1.987          -1.896         -12.371          114.287
  171 (vir)          104.361           2.112          -1.717         -12.217          116.974
  172 (vir)          104.438           1.871          -1.644         -11.985          116.651
  173 (vir)          104.544           2.392          -1.915         -12.686          117.706
  174 (vir)          106.867           3.008          -2.164         -13.376          121.087
  175 (vir)          107.168           2.680          -1.947         -12.661          120.562
  176 (vir)          109.289           1.850          -1.327         -11.513          121.325
  177 (vir)          109.933           2.668          -1.567         -12.010          123.044
  178 (vir)          110.844          -3.445          -1.746         -12.898          118.550
  179 (vir)          116.337           2.786          -3.345         -16.398          132.176
  180 (vir)          116.691          -3.225          -1.865         -13.271          124.871
  181 (vir)          116.861          -2.209          -1.865         -13.272          126.059
  182 (vir)          124.458          -0.452          -3.104         -16.645          137.547
  183 (vir)          124.513          -0.848          -3.104         -16.638          137.199
  184 (vir)          130.999           2.355          -1.829         -14.185          145.711
  185 (vir)          133.534           1.693          -1.911         -14.402          147.717
  186 (vir)          133.598           1.733          -1.918         -14.422          147.835
  187 (vir)          135.483           1.682          -1.982         -14.807          149.990
  188 (vir)          137.329          -3.884          -1.754         -14.223          145.914
  189 (vir)          137.436          -4.054          -1.764         -14.244          145.861
  190 (vir)          138.586           1.649          -1.926         -14.572          152.880
  191 (vir)          141.474          -0.925          -1.792         -14.431          153.188
  192 (vir)          141.520          -2.697          -1.796         -14.443          151.471
  193 (vir)          142.105           3.049          -2.184         -15.318          158.288
  194 (vir)          144.114           2.272          -1.648         -13.755          158.493
  195 (vir)          146.920           9.034          -1.824         -14.427          168.557
  196 (vir)          146.965           6.335          -1.817         -14.415          165.898
  197 (vir)          149.787          -3.713          -1.721         -14.315          158.668
  198 (vir)          153.844          -3.090          -1.697         -14.451          163.507
  199 (vir)          154.033          -5.005          -1.534         -13.902          161.396
  200 (vir)          154.316          -1.113          -1.915         -15.209          166.497
  201 (vir)          154.452          -0.612          -1.770         -14.736          166.805
  202 (vir)          155.363          -8.577          -1.816         -14.601          159.571
  203 (vir)          155.663           1.409          -1.661         -14.337          169.748
  204 (vir)          155.814           1.561          -1.638         -14.257          169.993
  205 (vir)          157.701           0.484          -1.681         -14.432          170.937
  206 (vir)          158.261           1.560          -0.968         -12.016          170.870
  207 (vir)          158.283           2.050          -1.054         -12.443          171.722
  208 (vir)          158.315           2.541          -1.062         -12.453          172.247
  209 (vir)          158.889          -2.992          -1.321         -13.217          167.794
  210 (vir)          159.461           2.117          -1.575         -14.076          174.080
  211 (vir)          159.694           2.963          -1.538         -13.970          175.089
  212 (vir)          162.355           2.633          -1.776         -14.757          177.969
  213 (vir)          162.558           1.033          -1.600         -14.134          176.125
  214 (vir)          162.607           1.011          -1.598         -14.126          176.146
  215 (vir)          163.810           1.180          -1.097         -12.365          176.257
  216 (vir)          164.213           0.697          -1.357         -13.277          176.830
  217 (vir)          164.481           0.690          -1.406         -13.448          177.213
  218 (vir)          166.176         -12.184          -1.361         -13.464          166.095
  219 (vir)          166.321          -9.427          -1.305         -13.297          168.885
  220 (vir)          166.910          -0.704          -1.345         -13.789          178.649
  221 (vir)          167.106          -0.684          -1.395         -13.894          178.921
  222 (vir)          167.200          -0.962          -1.476         -14.221          178.982
  223 (vir)          168.193           0.303          -1.525         -14.348          181.319
  224 (vir)          168.474           3.239          -1.702         -14.089          184.099
  225 (vir)          169.267         -17.272          -1.601         -14.403          164.798
  226 (vir)          169.367           3.601          -1.594         -14.620          185.994
  227 (vir)          170.184           1.651          -1.556         -14.164          184.442
  228 (vir)          170.629           2.580          -1.231         -13.608          185.586
  229 (vir)          171.801           0.505          -1.504         -14.157          184.960
  230 (vir)          172.410          -0.135          -1.279         -13.457          184.454
  231 (vir)          172.592          -2.965          -1.272         -13.424          181.779
  232 (vir)          172.744         -11.931          -1.638         -14.552          173.727
  233 (vir)          172.878           0.947          -1.652         -14.918          187.091
  234 (vir)          172.967           2.752          -1.670         -14.763          188.812
  235 (vir)          173.122          -0.141          -1.372         -13.815          185.425
  236 (vir)          173.153           0.250          -1.389         -13.994          186.008
  237 (vir)          174.210           8.922          -1.478         -13.938          195.592
  238 (vir)          175.495           0.522          -1.578         -14.413          188.853
  239 (vir)          177.362           0.851          -1.529         -14.476          191.160
  240 (vir)          177.595           3.170          -1.806         -15.240          194.199
  241 (vir)          182.199           0.198          -1.457         -14.409          195.348
  242 (vir)          182.249          -0.129          -1.466         -14.453          195.107
  243 (vir)          183.363           5.651          -1.679         -15.209          202.545
  244 (vir)          183.438           2.678          -1.658         -15.109          199.567
  245 (vir)          188.008           2.685          -1.976         -15.349          204.066
  246 (vir)          188.597           2.947          -2.057         -15.635          205.122
  247 (vir)          188.727           2.483          -1.907         -15.461          204.764
  248 (vir)          189.257           0.018          -2.399         -16.132          203.008
  249 (vir)          189.488           1.327          -2.152         -15.795          204.458
  250 (vir)          190.031           1.717          -1.938         -15.553          205.362
  251 (vir)          190.316           3.490          -1.869         -15.508          207.446
  252 (vir)          190.627           0.414          -1.432         -14.313          203.923
  253 (vir)          193.226           4.328          -2.686         -16.388          211.255
  254 (vir)          193.361           4.325          -2.686         -16.368          211.367
  255 (vir)          194.741           2.743          -2.178         -15.844          211.150
  256 (vir)          195.196           0.748          -1.534         -14.967          209.376
  257 (vir)          198.478           0.769          -1.278         -13.995          211.964
  258 (vir)          198.893           0.861          -1.244         -13.830          212.340
  259 (vir)          199.531           2.725          -1.297         -13.672          214.630
  260 (vir)          199.666           1.571          -1.103         -13.570          213.704
  261 (vir)          201.024           1.472          -1.026         -13.275          214.745
  262 (vir)          201.247           3.767          -1.004         -13.188          217.198
  263 (vir)          202.022           1.049          -1.187         -13.542          215.425
  264 (vir)          202.183           0.963          -1.225         -13.689          215.609
  265 (vir)          203.400           5.854          -1.262         -14.251          222.243
  266 (vir)          204.090           1.070          -1.155         -13.495          217.501
  267 (vir)          205.275           4.634          -1.123         -13.890          222.676
  268 (vir)          205.828           3.198          -0.986         -13.167          221.206
  269 (vir)          206.213           2.653          -0.952         -13.148          221.062
  270 (vir)          206.287           2.272          -1.039         -13.415          220.934
  271 (vir)          207.633           5.238          -1.276         -14.389          225.984
  272 (vir)          207.768           5.379          -1.286         -14.426          226.287
  273 (vir)          208.777           1.526          -1.020         -13.191          222.475
  274 (vir)          208.914           2.183          -1.054         -13.299          223.342
  275 (vir)          210.097           2.757          -1.015         -13.402          225.241
  276 (vir)          210.103           3.092          -1.000         -13.349          225.544
  277 (vir)          211.036           2.321          -1.114         -13.593          225.836
  278 (vir)          211.306           2.125          -0.980         -13.052          225.503
  279 (vir)          211.773           1.825          -1.271         -14.053          226.380
  280 (vir)          211.917           3.488          -1.163         -13.670          227.912
  281 (vir)          216.035           3.040          -0.871         -12.839          231.044
  282 (vir)          217.248           0.939          -1.084         -13.351          230.454
  283 (vir)          218.101           3.263          -1.576         -14.822          234.610
  284 (vir)          219.018           2.815          -2.048         -15.758          235.543
  285 (vir)          220.717           0.865          -0.903         -12.979          233.658
  286 (vir)          221.393           3.629          -1.447         -14.855          238.430
  287 (vir)          222.084           4.181          -1.333         -14.323          239.254
  288 (vir)          222.152           4.258          -1.486         -14.641          239.564
  289 (vir)          222.562           3.605          -1.292         -14.124          238.999
  290 (vir)          222.655           2.057          -1.209         -14.073          237.577
  291 (vir)          223.691           3.351          -1.320         -13.950          239.672
  292 (vir)          224.015           3.727          -1.544         -14.329          240.527
  293 (vir)          224.757           3.920          -1.194         -13.911          241.394
  294 (vir)          226.021           2.703          -0.828         -12.996          240.891
  295 (vir)          226.149           2.183          -1.086         -13.898          241.144
  296 (vir)          226.163           1.812          -1.244         -14.201          240.931
  297 (vir)          227.842           1.163          -2.122         -15.961          242.843
  298 (vir)          228.257           1.141          -1.817         -16.061          243.643
  299 (vir)          228.315           2.537          -1.717         -15.573          244.708
  300 (vir)          228.532           7.228          -0.893         -13.109          247.977
  301 (vir)          228.698           2.184          -0.938         -13.492          243.436
  302 (vir)          231.347           2.519          -1.068         -14.015          246.813
  303 (vir)          231.397           2.006          -1.078         -14.019          246.344
  304 (vir)          235.380           1.505          -1.145         -14.070          249.808
  305 (vir)          235.429           2.132          -0.999         -13.596          250.157
  306 (vir)          236.210           1.477          -1.127         -13.976          250.535
  307 (vir)          236.339           1.438          -1.012         -13.611          250.376
  308 (vir)          238.759           2.528          -0.851         -13.216          253.653
  309 (vir)          240.985           1.629          -1.220         -14.717          256.111
  310 (vir)          241.539           2.384          -1.220         -14.917          257.621
  311 (vir)          242.148           1.809          -1.134         -14.297          257.119
  312 (vir)          242.510           2.058          -1.101         -14.133          257.601
  313 (vir)          245.540           1.841          -1.250         -14.857          260.988
  314 (vir)          246.207           1.111          -3.286         -18.932          262.965
  315 (vir)          246.276           1.145          -3.254         -18.869          263.036
  316 (vir)          249.657           2.343          -1.061         -14.755          265.694
  317 (vir)          252.299           3.636          -2.017         -16.227          270.145
  318 (vir)          252.592           3.595          -2.029         -16.264          270.422
  319 (vir)          255.021           1.899          -1.999         -17.362          272.284
  320 (vir)          255.985           2.289          -1.490         -15.839          272.622
  321 (vir)          256.198           2.509          -1.446         -15.731          272.991
  322 (vir)          256.469           2.013          -1.706         -16.666          273.442
  323 (vir)          260.039           2.179          -1.147         -14.775          275.845
  324 (vir)          263.459           1.714          -1.308         -15.572          279.437
  325 (vir)          263.531           3.148          -1.377         -15.885          281.187
  326 (vir)          265.616           1.413          -1.116         -14.947          280.859
  327 (vir)          265.700           1.273          -1.132         -14.944          280.785
  328 (vir)          267.854           1.898          -1.495         -16.353          284.610
  329 (vir)          269.015           1.471          -1.328         -15.704          284.862
  330 (vir)          269.372           2.388          -1.366         -15.805          286.199
  331 (vir)          269.946           3.027          -1.079         -14.981          286.875
  332 (vir)          270.187           1.751          -1.063         -14.936          285.811
  333 (vir)          273.982           1.670          -0.982         -14.776          289.446
  334 (vir)          280.004           2.518          -1.118         -15.109          296.513
  335 (vir)          281.878           1.275          -1.161         -15.569          297.562
  336 (vir)          287.517           1.798          -1.337         -15.900          303.878
  337 (vir)          287.751           1.932          -1.342         -15.900          304.241
  338 (vir)          292.004           1.879          -1.209         -15.754          308.428
  339 (vir)          292.051           1.845          -1.210         -15.756          308.442
  340 (vir)          312.495           2.042          -1.233         -15.634          328.938
  341 (vir)          329.505           1.864          -1.458         -16.566          346.477
  342 (vir)          329.619           1.840          -1.461         -16.580          346.578
  343 (vir)          352.627           2.103          -2.722         -19.284          371.291
  344 (vir)          359.192           2.015          -2.505         -19.092          377.794
  345 (vir)          359.266           2.009          -2.505         -19.095          377.865
  346 (vir)          775.390           1.153         -12.623         -45.770          809.690
  347 (vir)          779.374           1.178         -12.586         -45.798          813.764
  348 (vir)          779.540           1.177         -12.584         -45.798          813.932
  349 (vir)         4006.756           0.730         -14.689         -94.473         4087.270
  350 (vir)         4009.537           0.736         -14.672         -94.456         4090.056
  351 (vir)         4009.741           0.736         -14.671         -94.455         4090.261
