 
  kpoint:     0.0000    0.0000    0.0000
 
    n          ϵ_nk^DFT (eV)     Σ^c_nk (eV)     Σ^x_nk (eV)     v_n^xc (eV)   ϵ_nk^G0W0 (eV)
 
    1 (occ)         -510.896           2.837        -132.593         -83.740         -556.912
    2 (occ)         -271.719           3.539         -96.905         -61.538         -303.547
    3 (occ)          -26.624           7.550         -33.686         -21.997          -30.763
    4 (occ)          -15.685           3.142         -23.765         -16.287          -20.022
    5 (occ)          -12.143           2.456         -21.946         -15.605          -16.028
    6 (occ)          -10.973           2.732         -26.725         -19.777          -15.189
    7 (occ)          -10.076           0.672         -21.865         -17.242          -14.026
    8 (occ)           -6.254           1.789         -24.137         -18.309          -10.293
    9 (vir)           -2.673          -2.481          -8.653         -14.749            0.942
   10 (vir)            0.271          -0.985          -2.084          -5.324            2.526
   11 (vir)            1.732          -0.944          -2.099          -5.275            3.964
   12 (vir)            1.867          -0.889          -1.820          -5.072            4.230
   13 (vir)            3.016          -1.076          -1.278          -4.458            5.120
   14 (vir)            4.314          -0.535          -1.341          -3.914            6.352
   15 (vir)            4.423          -1.340          -2.211          -6.131            7.004
   16 (vir)            6.514          -1.156          -1.855          -5.468            8.971
   17 (vir)            8.017          -2.088          -3.936          -9.100           11.093
   18 (vir)            8.115          -1.659          -2.499          -6.645           10.602
   19 (vir)            8.362          -1.626          -1.973          -6.147           10.910
   20 (vir)            9.511          -2.708          -5.678         -11.780           12.906
   21 (vir)            9.672          -2.195          -2.292          -7.427           12.613
   22 (vir)           11.055          -1.253          -2.209          -6.129           13.721
   23 (vir)           14.583          -2.306          -2.065          -7.449           17.661
   24 (vir)           14.763          -1.782          -1.876          -6.664           17.769
   25 (vir)           15.691          -2.049          -1.843          -6.759           18.557
   26 (vir)           18.224          -2.085          -2.756          -7.765           21.147
   27 (vir)           18.543          -3.117          -1.761          -7.730           21.395
   28 (vir)           18.627          -1.897          -1.530          -6.652           21.851
   29 (vir)           19.378          -4.456          -5.615         -13.560           22.867
   30 (vir)           19.476          -2.067          -1.541          -6.559           22.427
   31 (vir)           19.957          -2.452          -0.937          -5.886           22.454
   32 (vir)           21.152          -2.335          -2.356          -7.866           24.328
   33 (vir)           21.632          -2.238          -1.829          -6.937           24.503
   34 (vir)           22.029          -2.468          -1.635          -6.926           24.852
   35 (vir)           27.321          -2.190          -1.862          -7.299           30.568
   36 (vir)           27.941          -2.933          -2.533          -9.131           31.605
   37 (vir)           29.538          -2.569          -1.181          -6.879           32.667
   38 (vir)           31.424          -1.922          -1.603          -7.914           35.814
   39 (vir)           33.336          -2.228          -2.830          -9.891           38.169
   40 (vir)           35.167          -2.940          -3.502         -11.194           39.918
   41 (vir)           35.746          -3.096          -3.158         -10.463           39.956
   42 (vir)           37.151          -3.216          -3.997         -11.665           41.603
   43 (vir)           37.365          -2.868          -3.762         -12.543           43.279
   44 (vir)           38.593          -1.872          -2.473          -9.724           43.973
   45 (vir)           42.619          -3.227          -2.892         -11.596           48.097
   46 (vir)           43.616          -2.360          -3.222         -11.074           49.108
   47 (vir)           43.954          -2.037          -2.523         -10.625           50.018
   48 (vir)           47.438          -2.025          -1.901         -10.313           53.825
   49 (vir)           48.630          -1.695          -1.589          -9.531           54.876
   50 (vir)           49.368          -2.096          -2.870         -11.620           56.022
   51 (vir)           49.383          -1.574          -1.594          -9.568           55.784
   52 (vir)           50.179          -2.075          -3.447         -12.267           56.924
   53 (vir)           51.156          -1.734          -2.617         -10.994           57.799
   54 (vir)           53.338          -1.809          -1.792          -9.881           59.617
   55 (vir)           54.252          -1.775          -2.792         -10.849           60.534
   56 (vir)           56.689          -0.843          -1.170          -9.024           63.699
   57 (vir)           57.399          -1.362          -1.906         -10.275           64.406
   58 (vir)           58.885          -1.710          -2.211         -11.090           66.053
   59 (vir)           59.144          -0.937          -2.298         -11.329           67.238
   60 (vir)           62.143          -0.364          -1.182          -9.322           69.918
   61 (vir)           62.597          -0.695          -1.894         -10.311           70.320
   62 (vir)           64.677           0.359          -0.894          -8.467           72.609
   63 (vir)           65.553          -0.331          -1.579          -9.996           73.639
   64 (vir)           67.764          -0.177          -1.107          -9.344           75.824
   65 (vir)           68.132          -0.331          -1.860         -10.506           76.448
   66 (vir)           70.091          -0.296          -1.389          -9.934           78.340
   67 (vir)           70.102          -0.300          -1.625         -10.086           78.264
   68 (vir)           71.617          -1.653          -3.131         -13.805           80.638
   69 (vir)           77.371          -0.553          -1.647         -10.405           85.576
   70 (vir)           80.526          -0.650          -2.112         -11.537           89.301
   71 (vir)           82.687          -0.901          -2.553         -13.417           92.650
   72 (vir)           84.110          -1.194          -2.971         -14.042           93.987
   73 (vir)           84.552          -1.010          -2.325         -12.633           93.850
   74 (vir)           85.347          -0.482          -3.875         -15.472           96.462
   75 (vir)           86.793          -0.397          -1.513         -11.288           96.171
   76 (vir)           89.401           0.683          -2.593         -13.142          100.633
   77 (vir)           94.742          -0.383          -1.842         -11.902          104.419
   78 (vir)           95.156          -0.663          -2.360         -13.195          105.328
   79 (vir)           96.532          -0.562          -2.890         -14.015          107.095
   80 (vir)           97.732          -1.250          -4.182         -16.828          109.128
   81 (vir)           99.194          -1.963          -3.873         -15.979          109.337
   82 (vir)          104.868          -1.556          -4.100         -16.913          116.126
   83 (vir)          105.174          -0.147          -2.129         -13.685          116.584
   84 (vir)          105.950          -2.457          -4.715         -17.722          116.500
   85 (vir)          106.048          -1.698          -3.129         -15.129          116.350
   86 (vir)          113.350          -2.103          -3.534         -16.044          123.757
   87 (vir)          116.197          -1.826          -4.429         -17.382          127.324
   88 (vir)          116.816          -1.063          -2.513         -14.600          127.840
   89 (vir)          119.720           0.415          -4.568         -18.203          133.770
   90 (vir)          123.770          -0.390          -2.267         -14.224          135.337
   91 (vir)          124.092          -2.751          -3.705         -16.177          133.812
   92 (vir)          131.351          -1.612          -5.940         -22.045          145.844
   93 (vir)          134.208          -0.111          -1.895         -14.079          146.282
   94 (vir)          138.709          -0.329          -1.639         -13.898          150.639
   95 (vir)          139.693          -0.030          -2.303         -15.127          152.488
   96 (vir)          140.697          -1.138          -5.214         -20.217          154.562
   97 (vir)          142.026          -0.074          -1.400         -13.402          153.954
   98 (vir)          144.804           0.072          -1.862         -14.508          157.522
   99 (vir)          145.225          -0.418          -2.289         -15.469          157.987
  100 (vir)          148.403           0.849          -1.625         -14.117          161.745
  101 (vir)          150.441          -0.334          -1.978         -15.240          163.369
  102 (vir)          152.999          -0.474          -3.061         -17.089          166.552
  103 (vir)          153.820          -0.279          -2.138         -15.384          166.788
  104 (vir)          155.865          -0.270          -1.807         -14.697          168.485
  105 (vir)          156.250           0.158          -1.598         -13.784          168.594
  106 (vir)          156.843          -0.048          -2.633         -16.720          170.882
  107 (vir)          160.310           0.294          -1.400         -13.073          172.276
  108 (vir)          160.870           0.509          -0.859         -11.677          172.196
  109 (vir)          161.099           0.173          -1.413         -13.687          173.546
  110 (vir)          163.293           0.074          -1.564         -13.719          175.522
  111 (vir)          166.842          -0.096          -2.251         -15.417          179.911
  112 (vir)          169.536           0.170          -1.536         -14.338          182.507
  113 (vir)          170.812           0.011          -1.822         -15.002          184.004
  114 (vir)          174.575           1.835          -2.132         -15.448          189.725
  115 (vir)          176.806          -0.440          -1.743         -15.459          190.083
  116 (vir)          178.941          -0.077          -2.342         -16.304          192.827
  117 (vir)          179.421          -0.297          -4.488         -19.540          194.176
  118 (vir)          188.241           0.452          -1.040         -13.128          200.781
  119 (vir)          190.019           0.941          -2.515         -16.515          204.960
  120 (vir)          195.662           0.744          -1.522         -14.524          209.410
  121 (vir)          196.737          -0.351          -1.618         -15.140          209.908
  122 (vir)          196.836           3.442          -1.599         -14.446          213.125
  123 (vir)          199.375           0.501          -1.150         -13.791          212.516
  124 (vir)          201.787           0.127          -0.802         -12.191          213.304
  125 (vir)          201.912           0.372          -0.944         -12.709          214.050
  126 (vir)          202.169          -0.204          -1.891         -15.938          216.012
  127 (vir)          203.740           0.244          -1.170         -13.680          216.493
  128 (vir)          207.884           0.436          -0.883         -12.500          219.937
  129 (vir)          211.232           0.409          -1.079         -13.109          223.671
  130 (vir)          212.786           0.774          -2.416         -16.625          227.769
  131 (vir)          217.697           0.816          -1.614         -15.301          232.200
  132 (vir)          218.292           0.845          -1.238         -14.086          231.985
  133 (vir)          218.532           0.980          -1.092         -14.308          232.728
  134 (vir)          218.724           0.902          -0.866         -13.169          231.928
  135 (vir)          224.599           0.703          -1.303         -14.759          238.757
  136 (vir)          225.765           0.786          -0.870         -13.132          238.813
  137 (vir)          228.286           0.564          -1.047         -13.790          241.593
  138 (vir)          236.109           3.592          -2.012         -17.383          255.072
  139 (vir)          237.309           0.703          -2.270         -18.624          254.366
  140 (vir)          238.050          -0.414          -1.893         -17.124          252.866
  141 (vir)          240.296           0.967          -1.513         -15.557          255.307
  142 (vir)          243.007          -0.168          -1.880         -17.295          258.254
  143 (vir)          243.499          -1.897          -1.600         -15.811          255.814
  144 (vir)          249.242           0.230          -1.882         -16.565          264.155
  145 (vir)          252.801          -0.998          -4.188         -21.664          269.278
  146 (vir)          255.932           0.189          -1.891         -17.416          271.647
  147 (vir)          258.066           0.490          -1.780         -17.226          274.002
  148 (vir)          258.472           0.635          -1.044         -14.788          272.851
  149 (vir)          263.064           0.074          -1.384         -15.991          277.745
  150 (vir)          264.958          -0.241          -2.667         -19.948          281.998
  151 (vir)          271.238          -0.215          -2.194         -18.939          287.768
  152 (vir)          275.426          -0.675          -2.680         -20.254          292.326
  153 (vir)          276.296           0.159          -1.510         -16.650          291.595
  154 (vir)          287.195          -1.142          -2.704         -20.282          303.631
  155 (vir)          295.203          -2.018          -3.430         -22.974          312.729
  156 (vir)          295.334          -3.045          -3.208         -22.280          311.362
  157 (vir)          297.594          -0.390          -2.052         -18.525          313.678
  158 (vir)          305.647          -1.481          -3.234         -22.668          323.600
  159 (vir)          308.568          -1.649          -3.227         -22.540          326.232
  160 (vir)          315.134          -0.399          -1.735         -17.385          330.386
  161 (vir)          315.780          -1.435          -3.017         -22.382          333.710
  162 (vir)          316.562          -1.871          -4.535         -24.798          334.955
  163 (vir)          324.591          -1.955          -4.301         -25.452          343.788
  164 (vir)          325.333          -1.370          -2.952         -22.068          343.080
  165 (vir)          328.609          -1.768          -4.069         -24.726          347.498
  166 (vir)          336.751          -0.146          -2.404         -19.051          353.252
  167 (vir)          352.137          -1.254          -3.604         -24.401          371.680
  168 (vir)          363.799          -1.243          -3.758         -24.654          383.452
  169 (vir)          374.937          -1.202          -9.298         -31.442          395.879
  170 (vir)          387.267          -1.535          -4.807         -26.370          407.295
  171 (vir)          768.236          -0.718         -12.712         -45.821          800.627
  172 (vir)         1296.869          -1.283         -18.064         -62.289         1339.811
  173 (vir)         3997.023          -1.786         -14.749         -94.538         4075.026
  174 (vir)         6864.011          -1.858         -20.633        -126.367         6967.888
