 
  kpoint:     0.0000    0.0000    0.0000
 
    n          ϵ_nk^DFT (eV)     Σ^c_nk (eV)     Σ^x_nk (eV)     v_n^xc (eV)   ϵ_nk^G0W0 (eV)
 
    1 (occ)       -31648.576           3.905        -996.678        -611.920       -32029.429
    2 (occ)        -4768.043           5.106        -393.051        -237.889        -4918.099
    3 (occ)        -4480.830           6.108        -387.932        -252.470        -4610.183
    4 (occ)        -4480.776           6.112        -387.986        -252.486        -4610.164
    5 (occ)        -4480.773           6.112        -387.989        -252.487        -4610.163
    6 (occ)         -959.564           4.493        -184.311        -113.117        -1026.265
    7 (occ)         -838.831          11.260        -176.359        -115.190         -888.741
    8 (occ)         -838.699          11.304        -176.439        -115.209         -888.624
    9 (occ)         -838.692          11.326        -176.444        -115.210         -888.600
   10 (occ)         -614.278           9.315        -163.643        -118.307         -650.299
   11 (occ)         -614.251           9.323        -163.644        -118.311         -650.261
   12 (occ)         -614.246           9.325        -163.646        -118.311         -650.255
   13 (occ)         -614.159           9.335        -163.671        -118.324         -650.170
   14 (occ)         -614.159           9.335        -163.671        -118.324         -650.170
   15 (occ)         -270.494           3.496         -96.883         -61.537         -302.344
   16 (occ)         -269.462           3.831         -96.904         -61.551         -300.983
   17 (occ)         -166.286          11.424         -81.514         -51.979         -184.397
   18 (occ)         -124.230          11.481         -73.346         -49.812         -136.284
   19 (occ)         -123.947          11.837         -73.520         -49.858         -135.772
   20 (occ)         -123.932          11.861         -73.532         -49.861         -135.742
   21 (occ)          -52.231           4.565         -55.513         -43.452          -59.726
   22 (occ)          -52.146           4.508         -55.534         -43.487          -59.683
   23 (occ)          -52.138           4.499         -55.529         -43.487          -59.681
   24 (occ)          -51.903           4.608         -55.618         -43.547          -59.366
   25 (occ)          -51.902           4.609         -55.618         -43.547          -59.365
   26 (occ)          -19.681           5.981         -25.611         -16.737          -22.573
   27 (occ)          -16.404           4.445         -23.424         -16.430          -18.954
   28 (occ)          -14.081           3.282         -22.078         -15.592          -17.285
   29 (occ)          -11.719           2.197         -20.474         -14.948          -15.047
   30 (occ)          -10.607           1.602         -20.371         -15.412          -13.963
   31 (occ)           -8.609           0.555         -18.499         -14.689          -11.864
   32 (occ)           -8.078           0.818         -16.915         -13.150          -11.026
   33 (occ)           -6.483           0.365         -16.980         -13.527           -9.572
   34 (occ)           -6.074          -0.008         -16.561         -13.577           -9.066
   35 (vir)           -1.636          -2.275          -7.899         -12.693            0.884
   36 (vir)           -1.583          -2.651          -6.989         -12.190            0.967
   37 (vir)            0.462          -1.294          -2.145          -5.343            2.366
   38 (vir)            0.977          -1.269          -1.975          -5.136            2.871
   39 (vir)            1.749          -1.134          -1.899          -4.901            3.618
   40 (vir)            2.996          -1.296          -1.722          -4.924            4.902
   41 (vir)            3.072          -1.192          -1.741          -4.791            4.930
   42 (vir)            3.148          -1.385          -2.285          -5.779            5.256
   43 (vir)            3.557          -1.450          -2.732          -6.452            5.827
   44 (vir)            3.847          -1.711          -3.177          -7.196            6.155
   45 (vir)            4.285          -1.686          -3.270          -7.102            6.431
   46 (vir)            4.419          -1.523          -2.562          -6.305            6.639
   47 (vir)            4.671          -1.746          -3.135          -7.246            7.036
   48 (vir)            5.413          -1.680          -3.160          -7.206            7.779
   49 (vir)            6.052          -2.198          -4.048          -8.708            8.515
   50 (vir)            6.114          -2.382          -4.401          -9.315            8.645
   51 (vir)            7.035          -2.370          -4.546          -9.535            9.654
   52 (vir)            7.343          -1.931          -2.572          -6.561            9.400
   53 (vir)            7.634          -2.373          -3.172          -7.796            9.884
   54 (vir)            8.399          -2.231          -2.911          -7.407           10.663
   55 (vir)            8.549          -2.612          -3.378          -8.150           10.709
   56 (vir)            9.894          -2.869          -3.056          -8.151           12.120
   57 (vir)           10.544          -2.036          -2.834          -7.126           12.800
   58 (vir)           10.668          -2.844          -3.048          -8.428           13.205
   59 (vir)           11.113          -2.239          -2.666          -7.211           13.419
   60 (vir)           12.020          -2.934          -3.173          -8.587           14.500
   61 (vir)           12.333          -3.127          -2.879          -8.731           15.058
   62 (vir)           12.705          -3.496          -3.659          -9.680           15.230
   63 (vir)           13.782          -3.564          -3.910         -10.108           16.416
   64 (vir)           14.089          -4.067          -4.217         -11.186           16.991
   65 (vir)           14.344          -3.379          -3.624          -9.619           16.959
   66 (vir)           14.600          -4.071          -4.396         -11.534           17.668
   67 (vir)           14.688          -4.170          -4.436         -11.672           17.754
   68 (vir)           15.353          -3.857          -3.827         -10.572           18.241
   69 (vir)           16.162          -3.384          -3.664          -9.732           18.846
   70 (vir)           17.064          -3.451          -3.421          -9.436           19.629
   71 (vir)           17.864          -3.126          -2.564          -8.143           20.318
   72 (vir)           18.162          -4.372          -3.174         -10.009           20.626
   73 (vir)           18.948          -3.927          -4.512         -11.380           21.889
   74 (vir)           19.361          -4.045          -2.335          -8.798           21.779
   75 (vir)           19.863          -4.084          -3.045          -9.468           22.202
   76 (vir)           20.209          -2.775          -1.467          -6.743           22.710
   77 (vir)           20.540          -3.991          -3.198          -9.698           23.049
   78 (vir)           21.103          -3.360          -2.261          -8.286           23.768
   79 (vir)           21.758          -3.742          -3.078          -9.381           24.319
   80 (vir)           22.354          -4.085          -4.497         -11.825           25.597
   81 (vir)           22.601          -3.605          -2.431          -8.364           24.929
   82 (vir)           23.016          -3.629          -2.350          -8.567           25.605
   83 (vir)           24.425          -3.043          -2.495          -8.754           27.641
   84 (vir)           24.618          -3.350          -2.532          -8.628           27.364
   85 (vir)           24.983          -3.399          -3.786         -10.677           28.475
   86 (vir)           26.261          -2.979          -2.381          -8.218           29.118
   87 (vir)           27.701          -3.099          -2.301          -8.373           30.675
   88 (vir)           28.497          -3.430          -3.364         -10.270           31.972
   89 (vir)           28.591          -3.022          -3.092          -9.719           32.196
   90 (vir)           29.576          -2.907          -4.019         -10.932           33.582
   91 (vir)           30.255          -3.308          -5.870         -13.824           34.901
   92 (vir)           30.661          -3.807         -10.480         -20.722           37.096
   93 (vir)           30.922          -3.777          -9.346         -19.068           36.867
   94 (vir)           31.091          -3.581          -8.406         -17.776           36.880
   95 (vir)           31.372          -3.631          -9.713         -19.717           37.747
   96 (vir)           31.564          -3.374          -7.048         -15.852           36.995
   97 (vir)           31.974          -3.490          -6.007         -14.492           36.968
   98 (vir)           32.608          -3.216          -6.429         -14.768           37.731
   99 (vir)           33.014          -3.029          -4.892         -12.762           37.855
  100 (vir)           33.205          -3.076          -5.408         -13.632           38.353
  101 (vir)           33.513          -2.676          -3.999         -11.266           38.104
  102 (vir)           35.666          -3.179          -3.951         -12.150           40.685
  103 (vir)           36.694          -2.398          -5.152         -13.368           42.512
  104 (vir)           36.878          -2.925          -7.568         -16.951           43.335
  105 (vir)           37.407          -2.455          -4.460         -12.234           42.725
  106 (vir)           38.418          -2.087          -4.957         -13.892           45.266
  107 (vir)           39.188          -2.620          -3.523         -11.684           44.729
  108 (vir)           39.467          -2.516          -5.517         -14.254           45.687
  109 (vir)           42.142          -2.259          -3.769         -12.882           48.996
  110 (vir)           43.739          -1.982          -3.403         -12.081           50.435
  111 (vir)           44.459          -1.969          -3.823         -12.317           50.984
  112 (vir)           45.062          -1.679          -3.532         -11.878           51.729
  113 (vir)           45.471          -0.599          -2.216         -11.055           53.710
  114 (vir)           45.582          -0.955          -2.354         -10.620           52.893
  115 (vir)           46.816          -0.808          -3.057         -11.748           54.698
  116 (vir)           46.923          -1.617          -3.319         -12.594           54.581
  117 (vir)           47.223           0.574          -2.963         -12.312           57.145
  118 (vir)           47.343           1.374          -2.161         -11.726           58.282
  119 (vir)           47.569           0.942          -2.569         -11.950           57.892
  120 (vir)           47.942          -0.270          -2.147         -11.089           56.614
  121 (vir)           48.489          -1.093          -2.903         -11.573           56.066
  122 (vir)           49.250          -0.066          -2.482         -10.962           57.664
  123 (vir)           49.439          -0.760          -2.043         -10.661           57.297
  124 (vir)           50.684          -0.551          -2.912         -11.689           58.910
  125 (vir)           50.906          -0.601          -2.199         -10.736           58.843
  126 (vir)           51.364          -1.092          -2.381         -11.208           59.100
  127 (vir)           52.440          -0.882          -3.215         -12.405           60.748
  128 (vir)           52.709          -0.342          -2.697         -11.713           61.383
  129 (vir)           53.972          -0.844          -2.647         -11.805           62.287
  130 (vir)           54.354          -1.357          -3.435         -12.636           62.197
  131 (vir)           54.433          -0.936          -1.905         -10.712           62.304
  132 (vir)           55.590           1.237          -2.364         -11.006           65.469
  133 (vir)           55.684           1.618          -1.277          -9.387           65.411
  134 (vir)           56.792          -0.313          -1.383          -9.735           64.832
  135 (vir)           57.010           0.056          -1.978         -10.688           65.777
  136 (vir)           58.780          -0.806          -2.337         -11.443           67.080
  137 (vir)           59.425          -0.318          -4.455         -14.464           69.116
  138 (vir)           62.151           0.320          -1.659         -10.410           71.222
  139 (vir)           63.324          -2.024          -1.512          -9.945           69.734
  140 (vir)           64.358           1.058          -2.183         -11.266           74.499
  141 (vir)           65.209          -7.645          -2.331         -11.340           66.573
  142 (vir)           65.627           0.087          -2.245         -11.759           75.228
  143 (vir)           65.943          -1.294          -1.528         -10.040           73.161
  144 (vir)           66.680          -5.215          -2.454         -11.562           70.573
  145 (vir)           66.720          -1.689          -1.862         -10.890           74.060
  146 (vir)           67.090          -2.466          -2.100         -10.943           73.467
  147 (vir)           68.531          -2.922          -1.862         -10.607           74.354
  148 (vir)           68.839          -1.966          -2.133         -11.548           76.287
  149 (vir)           69.751          -3.813          -3.516         -13.094           75.516
  150 (vir)           70.808          -0.109          -1.722         -10.961           79.939
  151 (vir)           71.540          -1.860          -2.282         -11.221           78.619
  152 (vir)           71.970           0.478          -2.765         -13.373           83.056
  153 (vir)           72.099          -0.932          -2.053         -10.908           80.023
  154 (vir)           72.673          -0.743          -1.820         -10.449           80.558
  155 (vir)           75.876           0.012          -1.411         -10.153           84.630
  156 (vir)           76.645          -1.541          -2.197         -11.224           84.131
  157 (vir)           77.741          -3.093          -4.565         -15.461           85.544
  158 (vir)           78.549          -3.029          -5.077         -16.308           86.751
  159 (vir)           80.307          -4.733          -5.120         -16.227           86.681
  160 (vir)           82.908          -2.856         -13.718         -29.825           96.159
  161 (vir)           83.115          -2.613         -12.872         -28.569           96.199
  162 (vir)           83.557          -3.655         -12.985         -28.761           95.678
  163 (vir)           83.578          -3.685          -3.089         -13.039           89.844
  164 (vir)           85.162          -3.422         -11.644         -26.747           96.843
  165 (vir)           85.871          -1.151          -7.050         -19.534           97.204
  166 (vir)           86.416          -1.664          -7.522         -20.580           97.809
  167 (vir)           87.271          -4.528          -2.599         -12.682           92.826
  168 (vir)           88.775          -4.962          -2.501         -12.734           94.046
  169 (vir)           90.140          -0.697          -2.090         -12.307           99.659
  170 (vir)           91.015          -7.446          -2.785         -13.667           94.451
  171 (vir)           92.573          -0.650          -4.503         -17.073          104.493
  172 (vir)           93.596          -0.793          -2.404         -12.652          103.051
  173 (vir)           94.308           0.645          -2.637         -14.347          106.662
  174 (vir)           95.680          -1.324          -6.346         -19.664          107.674
  175 (vir)           99.444          -0.454          -2.670         -13.838          110.158
  176 (vir)          100.377          -0.108          -2.183         -13.086          111.172
  177 (vir)          100.753           0.860          -2.378         -13.408          112.642
  178 (vir)          101.049          -0.163          -3.314         -15.232          112.804
  179 (vir)          104.493          -0.838          -2.885         -14.267          115.037
  180 (vir)          108.904          -0.387          -2.900         -15.111          120.729
  181 (vir)          111.213          -0.077          -2.399         -13.668          122.405
  182 (vir)          119.290           0.041          -2.443         -14.049          130.938
  183 (vir)          127.666          -0.195          -2.937         -15.947          140.481
  184 (vir)          129.974          -0.304          -2.275         -14.964          142.359
  185 (vir)          131.211          -0.768          -2.208         -14.994          143.230
  186 (vir)          131.647          -0.226          -1.918         -14.370          143.873
  187 (vir)          132.535          -0.281          -3.000         -15.915          145.169
  188 (vir)          133.175          -0.222          -2.937         -15.644          145.660
  189 (vir)          134.687          -0.069          -2.676         -15.223          147.166
  190 (vir)          138.986          -0.488          -3.852         -17.277          151.922
  191 (vir)          139.179          -2.949         -12.761         -29.141          152.610
  192 (vir)          139.751          -1.056          -7.081         -21.620          153.234
  193 (vir)          140.926          -3.949         -15.183         -32.537          154.332
  194 (vir)          143.184          -1.300          -8.270         -23.662          157.275
  195 (vir)          144.338          -4.935         -10.191         -26.411          155.623
  196 (vir)          144.461          -0.909          -6.836         -21.586          158.303
  197 (vir)          144.821          -2.935         -12.946         -30.629          159.569
  198 (vir)          145.713          -3.090         -10.685         -27.208          159.146
  199 (vir)          145.765          -0.536          -2.299         -15.117          158.046
  200 (vir)          146.517          -0.810          -4.919         -18.935          159.723
  201 (vir)          149.128          -0.678          -4.263         -18.006          162.192
  202 (vir)          149.247          -0.054          -1.850         -14.422          161.766
  203 (vir)          150.462          -0.957          -4.505         -18.900          163.899
  204 (vir)          150.469          -0.996          -6.415         -21.638          164.696
  205 (vir)          153.363          -0.475          -2.574         -15.939          166.254
  206 (vir)          153.902          -0.456          -2.160         -15.046          166.332
  207 (vir)          154.972          -0.510          -2.466         -15.461          167.458
  208 (vir)          155.711          -0.699          -5.240         -19.832          169.603
  209 (vir)          157.582          -0.286          -1.765         -14.287          169.818
  210 (vir)          157.902           0.104          -1.946         -14.325          170.384
  211 (vir)          159.105          -0.312          -1.611         -13.820          171.002
  212 (vir)          159.930          -0.379          -1.895         -14.751          172.407
  213 (vir)          161.204          -0.344          -3.260         -16.545          174.145
  214 (vir)          161.278           0.491          -0.947         -11.932          172.754
  215 (vir)          163.957          -0.416          -2.600         -16.041          176.982
  216 (vir)          164.336          -0.425          -1.513         -14.054          176.452
  217 (vir)          164.805          -0.212          -1.683         -14.569          177.479
  218 (vir)          164.981          -0.041          -2.096         -14.354          177.198
  219 (vir)          165.675          -0.355          -1.336         -13.469          177.453
  220 (vir)          166.383          -0.231          -1.708         -14.760          179.204
  221 (vir)          166.730          -0.040          -2.289         -14.938          179.338
  222 (vir)          169.584          -0.444          -2.130         -15.710          182.719
  223 (vir)          171.682          -0.415          -1.978         -15.230          184.519
  224 (vir)          172.732          -0.653          -1.777         -15.360          185.662
  225 (vir)          172.953          -0.053          -3.039         -16.746          186.607
  226 (vir)          174.708           0.617          -2.213         -15.617          188.729
  227 (vir)          176.620          -0.595          -1.912         -15.855          189.968
  228 (vir)          176.852          -0.389          -2.356         -15.606          189.713
  229 (vir)          179.098           0.089          -3.512         -17.352          193.027
  230 (vir)          182.666          -0.084          -1.591         -15.173          196.165
  231 (vir)          182.794           0.293          -1.861         -15.158          196.383
  232 (vir)          184.063          -0.122          -1.438         -14.535          197.039
  233 (vir)          184.667           0.477          -2.867         -16.516          198.793
  234 (vir)          184.937          -0.479          -1.740         -15.350          198.068
  235 (vir)          187.809           0.178          -2.623         -16.686          202.049
  236 (vir)          191.221           0.261          -3.447         -17.449          205.485
  237 (vir)          194.959           0.282          -4.127         -18.201          209.314
  238 (vir)          196.396           0.383          -1.038         -13.379          209.120
  239 (vir)          197.101          -0.165          -2.381         -15.914          210.469
  240 (vir)          198.835           0.344          -1.850         -14.638          211.967
  241 (vir)          199.552           0.220          -1.056         -13.374          212.090
  242 (vir)          199.747          -0.257          -7.153         -22.503          214.841
  243 (vir)          202.120           0.325          -1.048         -13.502          214.899
  244 (vir)          202.547           0.290          -0.940         -13.000          214.897
  245 (vir)          202.754           0.156          -3.311         -16.810          216.409
  246 (vir)          204.323           0.269          -0.845         -12.637          216.384
  247 (vir)          204.341           0.204          -1.821         -14.433          217.158
  248 (vir)          205.716           0.333          -2.581         -15.951          219.419
  249 (vir)          208.800           0.129          -2.704         -15.777          222.002
  250 (vir)          211.028          -0.083          -1.409         -14.286          223.823
  251 (vir)          211.904           0.171          -0.930         -13.057          224.202
  252 (vir)          213.500           0.078          -1.536         -14.313          226.356
  253 (vir)          215.978           0.205          -2.108         -14.867          228.942
  254 (vir)          218.385           0.280          -1.873         -14.946          231.737
  255 (vir)          218.526           0.421          -0.930         -13.551          231.568
  256 (vir)          219.116           0.331          -1.375         -14.429          232.501
  257 (vir)          219.502           0.169          -1.248         -13.921          232.344
  258 (vir)          221.256           0.411          -0.808         -12.962          233.821
  259 (vir)          223.094           0.328          -2.233         -16.301          237.491
  260 (vir)          223.862           0.169          -1.895         -16.211          238.347
  261 (vir)          225.997           0.271          -0.883         -13.181          238.566
  262 (vir)          226.116           0.227          -1.451         -14.588          239.480
  263 (vir)          227.112           0.317          -1.412         -14.900          240.917
  264 (vir)          228.955           0.315          -0.884         -13.238          241.624
  265 (vir)          232.465          -0.227          -1.305         -15.087          246.021
  266 (vir)          235.401          -0.255          -1.332         -15.339          249.154
  267 (vir)          237.007           0.381          -0.935         -13.812          250.264
  268 (vir)          237.399           0.202          -1.201         -14.456          250.856
  269 (vir)          242.522           0.227          -1.091         -14.444          256.101
  270 (vir)          246.142           0.254          -1.275         -14.539          259.660
  271 (vir)          255.263           0.145          -1.869         -16.920          270.459
  272 (vir)          261.765           0.171          -1.322         -15.427          276.041
  273 (vir)          262.117          -0.172          -1.049         -14.844          275.740
  274 (vir)          262.609          -0.028          -1.290         -15.551          276.843
  275 (vir)          266.781          -0.067          -1.015         -14.779          280.478
  276 (vir)          267.672           0.078          -1.626         -16.603          282.727
  277 (vir)          271.868           0.112          -1.305         -15.790          286.465
  278 (vir)          272.666          -0.137          -1.023         -14.810          286.316
  279 (vir)          281.859          -0.307          -4.218         -21.502          298.835
  280 (vir)          294.138           0.083          -1.868         -16.973          309.325
  281 (vir)          295.404           0.117          -1.354         -16.086          310.253
  282 (vir)          301.653          11.912         -16.914         -44.791          341.442
  283 (vir)          301.849          -2.629         -16.880         -44.732          327.072
  284 (vir)          302.149          12.603         -16.861         -44.703          342.594
  285 (vir)          302.772          14.121         -16.761         -44.532          344.665
  286 (vir)          303.802          16.422         -16.727         -44.513          348.010
  287 (vir)          305.533          14.034         -16.080         -43.349          346.837
  288 (vir)          308.833           8.009         -14.001         -39.559          342.400
  289 (vir)          313.683           0.270          -3.442         -20.067          330.578
  290 (vir)          338.289           0.170          -2.335         -18.404          354.528
  291 (vir)          349.103           0.553          -2.531         -18.955          366.080
  292 (vir)          497.642           2.707         -32.548         -67.444          535.245
  293 (vir)          498.382           1.918         -32.518         -67.412          535.194
  294 (vir)          500.176           1.201         -32.429         -67.318          536.266
  295 (vir)          502.797          -0.252         -32.325         -67.203          537.423
  296 (vir)          507.450          -0.087         -32.147         -67.030          542.247
  297 (vir)          723.957          -1.918         -31.085         -66.379          757.334
  298 (vir)          760.240          -0.656         -12.912         -46.113          792.785
  299 (vir)          785.348          -0.805         -12.545         -45.752          817.751
  300 (vir)         1272.896          -2.809         -62.110        -118.851         1326.828
  301 (vir)         1274.533          -2.812         -62.073        -118.828         1328.476
  302 (vir)         1289.039          -2.838         -61.611        -118.611         1343.200
  303 (vir)         2395.602          -2.204         -49.955        -114.327         2457.770
  304 (vir)         3990.229          -1.799         -14.771         -94.558         4068.216
  305 (vir)         4015.916          -1.790         -14.667         -94.467         4093.926
  306 (vir)         7154.814          -2.116         -71.154        -180.121         7261.665
  307 (vir)        20489.233          -1.786         -94.114        -273.867        20667.200
  308 (vir)        59256.466          -1.488        -129.631        -435.097        59560.444
  309 (vir)       273856.829          -1.926        -155.790        -840.908       274540.021
