 
  kpoint:     0.0000    0.0000    0.0000
 
    n          ϵ_nk^DFT (eV)     Σ^c_nk (eV)     Σ^x_nk (eV)     v_n^xc (eV)   ϵ_nk^G0W0 (eV)
 
    1 (occ)         -177.489           3.528         -79.325         -50.575         -202.711
    2 (occ)         -177.484           3.531         -79.318         -50.580         -202.691
    3 (occ)          -16.417           3.628         -20.977         -13.754          -20.012
    4 (occ)          -11.225           1.993         -18.951         -13.009          -15.174
    5 (occ)          -10.554           0.434         -16.477         -12.276          -14.320
    6 (occ)           -9.399           1.168         -17.409         -12.352          -13.288
    7 (occ)           -9.035           0.787         -17.543         -12.834          -12.957
    8 (occ)           -7.863           0.735         -17.517         -12.817          -11.828
    9 (vir)           -2.037          -2.371          -4.491          -9.732            0.832
   10 (vir)            0.156          -1.331          -2.486          -5.979            2.319
   11 (vir)            0.840          -0.737          -1.220          -3.559            2.442
   12 (vir)            0.998          -0.549          -0.686          -2.659            2.422
   13 (vir)            1.058          -1.199          -2.016          -5.410            3.253
   14 (vir)            1.304          -0.715          -1.021          -3.442            3.010
   15 (vir)            1.900          -0.703          -0.845          -3.182            3.534
   16 (vir)            2.113          -0.507          -0.759          -2.674            3.521
   17 (vir)            2.520          -1.514          -3.110          -7.023            4.919
   18 (vir)            3.020          -0.881          -0.794          -3.220            4.564
   19 (vir)            3.216          -1.346          -2.011          -5.449            5.308
   20 (vir)            4.025          -2.347          -3.649          -8.734            6.763
   21 (vir)            4.366          -1.571          -1.875          -5.924            6.844
   22 (vir)            4.385          -2.221          -1.888          -6.296            6.572
   23 (vir)            5.871          -1.057          -1.300          -4.041            7.555
   24 (vir)            5.978          -1.298          -1.816          -5.057            7.921
   25 (vir)            6.529          -1.296          -1.639          -4.903            8.497
   26 (vir)            6.943          -1.612          -1.853          -5.218            8.697
   27 (vir)            7.601          -1.217          -1.896          -5.149            9.636
   28 (vir)            8.118          -1.634          -2.113          -5.931           10.302
   29 (vir)            8.379          -1.903          -1.559          -5.977           10.894
   30 (vir)            8.545          -1.876          -2.384          -6.454           10.739
   31 (vir)            8.798          -1.768          -1.476          -5.454           11.009
   32 (vir)            9.758          -1.650          -1.294          -5.078           11.892
   33 (vir)           10.207          -2.308          -2.309          -7.007           12.597
   34 (vir)           11.363          -1.500          -0.654          -4.436           13.644
   35 (vir)           11.443          -2.626          -2.180          -7.254           13.890
   36 (vir)           11.796          -1.794          -1.378          -5.675           14.299
   37 (vir)           11.926          -2.289          -1.553          -6.399           14.482
   38 (vir)           12.339          -2.835          -1.301          -5.900           14.102
   39 (vir)           12.342          -3.034          -1.956          -7.558           14.909
   40 (vir)           12.562          -1.511          -0.868          -4.551           14.735
   41 (vir)           12.786          -2.008          -0.691          -4.653           14.740
   42 (vir)           12.974          -2.111          -0.955          -5.199           15.107
   43 (vir)           14.305          -3.037          -2.337          -7.813           16.744
   44 (vir)           15.201          -1.953          -1.447          -5.386           17.186
   45 (vir)           17.161          -3.119          -1.448          -6.993           19.587
   46 (vir)           18.381          -2.677          -1.350          -6.487           20.841
   47 (vir)           18.504          -2.731          -1.062          -6.096           20.807
   48 (vir)           18.887          -1.972          -1.290          -5.458           21.084
   49 (vir)           19.634          -2.603          -1.720          -6.874           22.186
   50 (vir)           21.134          -3.126          -1.852          -7.319           23.475
   51 (vir)           21.203          -2.902          -1.583          -7.060           23.778
   52 (vir)           21.892          -3.482          -1.650          -7.491           24.252
   53 (vir)           22.947          -2.401          -1.248          -6.276           25.574
   54 (vir)           23.540          -2.842          -0.883          -6.089           25.904
   55 (vir)           23.800          -2.756          -1.498          -6.846           26.393
   56 (vir)           23.838          -2.352          -1.050          -5.951           26.388
   57 (vir)           24.901          -2.832          -1.304          -6.519           27.283
   58 (vir)           24.931          -3.504          -1.790          -7.941           27.577
   59 (vir)           26.786          -2.566          -0.988          -6.054           29.286
   60 (vir)           27.478          -2.599          -1.615          -7.236           30.500
   61 (vir)           28.174          -2.917          -1.337          -7.241           31.161
   62 (vir)           28.348          -3.290          -1.324          -7.602           31.336
   63 (vir)           29.019          -3.914          -2.201          -8.744           31.648
   64 (vir)           29.357          -2.786          -1.410          -7.254           32.416
   65 (vir)           29.924          -3.019          -1.328          -7.201           32.777
   66 (vir)           30.027          -3.598          -1.189          -7.136           32.376
   67 (vir)           30.587          -3.296          -1.893          -9.328           34.725
   68 (vir)           30.744          -3.139          -1.409          -7.421           33.618
   69 (vir)           31.091          -2.568          -1.283          -7.035           34.274
   70 (vir)           31.099          -2.466          -0.978          -6.943           34.598
   71 (vir)           31.196          -1.968          -1.136          -6.704           34.796
   72 (vir)           31.893          -2.027          -1.504          -7.826           36.187
   73 (vir)           32.198          -1.988          -1.220          -7.456           36.445
   74 (vir)           33.608          -2.804          -2.139          -9.359           38.023
   75 (vir)           33.924          -2.144          -1.249          -7.662           38.193
   76 (vir)           34.075          -2.113          -0.901          -7.087           38.149
   77 (vir)           36.052          -2.739          -2.467          -9.746           40.591
   78 (vir)           36.304          -2.078          -1.148          -7.321           40.400
   79 (vir)           36.988          -4.515          -0.901          -7.374           38.946
   80 (vir)           37.478          -1.102          -1.293          -8.157           43.240
   81 (vir)           37.956          -0.298          -1.432          -8.548           44.774
   82 (vir)           38.388          -2.753          -1.937          -9.650           43.347
   83 (vir)           38.433          -1.842          -1.977          -9.173           43.787
   84 (vir)           38.768          -1.763          -1.447          -7.727           43.285
   85 (vir)           39.684          -0.954          -1.472          -8.499           45.758
   86 (vir)           40.582          -2.346          -1.945          -9.593           45.884
   87 (vir)           43.386          -1.082          -1.215          -7.751           48.839
   88 (vir)           44.622           0.862          -1.060          -7.918           52.342
   89 (vir)           45.428          -1.379          -1.467          -8.622           51.205
   90 (vir)           45.960          -1.186          -1.266          -8.305           51.813
   91 (vir)           47.182          -0.836          -1.408          -8.371           53.309
   92 (vir)           47.341          -0.450          -1.499          -9.119           54.511
   93 (vir)           48.208          -0.936          -1.384          -8.457           54.345
   94 (vir)           52.995           2.124          -1.485          -9.793           63.428
   95 (vir)           54.394          -0.704          -1.273          -8.991           61.408
   96 (vir)           55.510          -0.148          -1.389          -9.624           63.597
   97 (vir)           56.048          -0.124          -2.696         -12.022           65.249
   98 (vir)           56.272          -0.221          -2.912         -12.970           66.109
   99 (vir)           56.569           0.686          -1.776         -10.707           66.186
  100 (vir)           58.045          -0.511          -2.095         -11.049           66.488
  101 (vir)           59.607           0.492          -1.305          -9.759           68.554
  102 (vir)           59.788           0.151          -1.395          -9.668           68.213
  103 (vir)           59.844           0.079          -2.402         -11.834           69.354
  104 (vir)           62.205          -0.463          -1.504          -9.926           70.164
  105 (vir)           63.306          -0.050          -1.293          -9.729           71.692
  106 (vir)           65.181           0.994          -1.132          -9.498           74.540
  107 (vir)           65.273          -0.173          -1.154          -9.362           73.308
  108 (vir)           66.206           0.086          -2.092         -11.236           75.436
  109 (vir)           66.870           0.132          -1.086          -9.179           75.094
  110 (vir)           67.119           0.114          -1.955         -11.248           76.525
  111 (vir)           67.307           0.113          -1.164          -9.388           75.645
  112 (vir)           67.683          -0.048          -1.629         -10.605           76.611
  113 (vir)           68.041           0.073          -1.731         -10.731           77.113
  114 (vir)           68.512           0.168          -0.718          -8.377           76.338
  115 (vir)           68.885           0.486          -1.156          -9.603           77.818
  116 (vir)           69.903           0.265          -0.838          -8.696           78.027
  117 (vir)           70.314           0.416          -0.875          -8.913           78.767
  118 (vir)           70.324           0.019          -1.955         -11.417           79.805
  119 (vir)           70.804           0.802          -1.037          -9.303           79.873
  120 (vir)           71.346           0.142          -1.209          -9.787           80.065
  121 (vir)           71.699           0.178          -1.235          -9.959           80.601
  122 (vir)           72.971           0.040          -1.096          -9.359           81.274
  123 (vir)           74.583           0.468          -0.963          -9.025           83.114
  124 (vir)           75.147           0.354          -1.219          -9.689           83.972
  125 (vir)           75.571           0.207          -1.307          -9.842           84.314
  126 (vir)           77.977           0.404          -1.042          -9.633           86.973
  127 (vir)           78.291          -0.271          -1.180          -9.645           86.485
  128 (vir)           78.567           0.303          -1.338         -10.519           88.051
  129 (vir)           78.887           0.595          -0.778          -8.633           87.337
  130 (vir)           80.005           0.054          -0.938          -9.159           88.280
  131 (vir)           80.791          -0.531          -1.425         -10.676           89.511
  132 (vir)           81.262           0.053          -1.393         -10.767           90.690
  133 (vir)           81.338           0.199          -1.060          -9.836           90.313
  134 (vir)           82.176           0.076          -1.130          -9.909           91.031
  135 (vir)           83.503           0.273          -1.658         -10.894           93.013
  136 (vir)           83.860          -0.193          -1.411         -10.580           92.837
  137 (vir)           84.339          -0.159          -1.374         -10.686           93.491
  138 (vir)           84.497           0.234          -0.929          -9.460           93.262
  139 (vir)           87.006           0.718          -1.044         -10.393           97.073
  140 (vir)           89.104          -0.079          -1.112          -9.800           97.714
  141 (vir)           89.299           0.098          -1.051          -9.766           98.112
  142 (vir)           90.263          -0.039          -1.109         -10.401           99.516
  143 (vir)           90.578          -0.054          -1.133          -9.823           99.214
  144 (vir)           90.696           0.595          -1.218         -11.076          101.149
  145 (vir)           91.675           0.451          -1.182         -10.297          101.242
  146 (vir)           91.861           0.722          -1.687         -11.278          102.173
  147 (vir)           94.117           0.356          -1.200         -10.538          103.812
  148 (vir)           94.617           0.133          -1.241         -10.908          104.417
  149 (vir)           96.997           0.177          -0.969          -9.948          106.154
  150 (vir)           97.971           3.632          -1.139         -11.324          111.787
  151 (vir)           98.018          -0.794          -1.447         -12.139          107.915
  152 (vir)           99.015           0.279          -1.393         -11.241          109.142
  153 (vir)           99.900           0.654          -1.137         -11.285          110.701
  154 (vir)          101.103           0.834          -1.002         -10.903          111.838
  155 (vir)          101.285           0.348          -1.277         -11.669          112.024
  156 (vir)          103.177           0.458          -1.233         -11.518          113.920
  157 (vir)          103.331           0.500          -1.120         -11.090          113.802
  158 (vir)          105.486           1.970          -1.014         -11.155          117.597
  159 (vir)          107.576           0.541          -0.949         -10.492          117.660
  160 (vir)          107.972           0.246          -1.424         -12.103          118.897
  161 (vir)          108.484           0.502          -1.094         -11.362          119.254
  162 (vir)          108.618           0.535          -2.241         -13.220          120.133
  163 (vir)          110.587           0.524          -0.875         -10.310          120.546
  164 (vir)          110.936           0.134          -1.681         -12.969          122.358
  165 (vir)          113.142           0.079          -1.220         -11.508          123.509
  166 (vir)          113.891           0.334          -1.305         -11.808          124.728
  167 (vir)          116.102           0.508          -1.117         -11.713          127.207
  168 (vir)          116.676           0.717          -0.979         -11.353          127.768
  169 (vir)          116.684           0.178          -1.078         -11.248          127.032
  170 (vir)          116.778           0.564          -3.057         -14.520          128.805
  171 (vir)          118.327           0.187          -1.339         -12.651          129.826
  172 (vir)          119.733          -0.140          -1.456         -12.492          130.629
  173 (vir)          120.491           0.610          -0.969         -11.263          131.395
  174 (vir)          121.129           0.414          -1.278         -11.904          132.168
  175 (vir)          122.456           0.367          -1.623         -12.485          133.685
  176 (vir)          125.818           0.319          -1.275         -11.949          136.812
  177 (vir)          127.078           0.532          -1.110         -12.007          138.508
  178 (vir)          127.349           0.783          -0.803         -10.684          138.012
  179 (vir)          128.431           0.346          -1.329         -12.339          139.787
  180 (vir)          128.436           0.501          -1.203         -12.385          140.120
  181 (vir)          129.105           0.503          -1.077         -11.962          140.493
  182 (vir)          129.435           0.672          -1.074         -11.775          140.808
  183 (vir)          129.741           0.521          -1.072         -12.047          141.237
  184 (vir)          132.244           0.907          -2.766         -15.535          145.919
  185 (vir)          132.653           0.472          -1.214         -11.871          143.782
  186 (vir)          134.043           0.227          -1.628         -13.361          146.004
  187 (vir)          136.764           0.588          -1.133         -12.070          148.290
  188 (vir)          137.263           0.386          -1.233         -12.566          148.981
  189 (vir)          144.709           0.685          -1.127         -11.848          156.115
  190 (vir)          147.594           0.428          -1.386         -12.737          159.372
  191 (vir)          149.243           0.386          -1.423         -13.439          161.645
  192 (vir)          151.244           0.933          -2.286         -15.169          165.059
  193 (vir)          155.992           0.777          -1.688         -13.605          168.686
  194 (vir)          156.582           0.767          -0.716         -11.254          167.887
  195 (vir)          160.371           0.768          -0.821         -11.629          171.948
  196 (vir)          160.937           0.754          -0.835         -11.736          172.592
  197 (vir)          162.127           1.102          -1.850         -13.566          174.945
  198 (vir)          162.451           0.708          -0.680         -11.252          173.730
  199 (vir)          162.741           0.736          -0.929         -12.004          174.552
  200 (vir)          165.011           0.783          -0.687         -11.291          176.398
  201 (vir)          166.764          -0.121          -0.735         -11.446          177.353
  202 (vir)          169.406           0.734          -2.537         -15.527          183.129
  203 (vir)          172.040           0.486          -0.998         -12.698          184.226
  204 (vir)          172.881           1.015          -0.761         -11.669          184.803
  205 (vir)          173.722           0.916          -0.807         -12.026          185.858
  206 (vir)          173.775           0.638          -1.024         -12.748          186.137
  207 (vir)          174.240           0.860          -1.200         -12.941          186.841
  208 (vir)          179.241           0.707          -0.957         -12.659          191.649
  209 (vir)          179.301           0.605          -1.039         -13.273          192.141
  210 (vir)          180.226           0.962          -0.858         -12.290          192.619
  211 (vir)          182.285           0.505          -1.140         -13.795          195.445
  212 (vir)          182.581           0.632          -1.061         -12.892          195.044
  213 (vir)          183.116           0.963          -0.756         -11.948          195.271
  214 (vir)          184.129           0.692          -0.735         -11.758          195.844
  215 (vir)          185.595           0.852          -1.545         -14.440          199.342
  216 (vir)          187.597           0.986          -1.246         -13.448          200.784
  217 (vir)          188.886           0.639          -1.037         -13.266          201.755
  218 (vir)          189.799           0.928          -0.898         -12.402          202.231
  219 (vir)          191.601           0.664          -1.181         -12.898          203.982
  220 (vir)          193.809           0.752          -1.146         -12.801          206.216
  221 (vir)          194.279           0.571          -0.959         -13.019          206.911
  222 (vir)          194.355           0.712          -1.029         -13.192          207.229
  223 (vir)          194.532           0.448          -1.001         -13.262          207.241
  224 (vir)          195.058           0.980          -1.131         -13.436          208.343
  225 (vir)          197.293           0.647          -1.532         -13.933          210.342
  226 (vir)          198.255           0.820          -0.995         -12.513          210.593
  227 (vir)          198.405           0.800          -1.840         -14.697          212.061
  228 (vir)          200.779           0.973          -0.691         -12.017          213.078
  229 (vir)          201.072           0.789          -0.949         -13.227          214.140
  230 (vir)          202.396           0.701          -1.555         -14.761          216.303
  231 (vir)          205.098           0.811          -1.219         -13.789          218.479
  232 (vir)          206.415           0.831          -0.896         -12.926          219.276
  233 (vir)          206.787           1.022          -0.679         -11.994          219.124
  234 (vir)          207.293           0.741          -1.234         -13.433          220.233
  235 (vir)          207.816           0.840          -0.726         -12.264          220.194
  236 (vir)          207.832           0.723          -0.777         -12.371          220.149
  237 (vir)          208.681           0.763          -0.873         -12.593          221.165
  238 (vir)          209.402           0.876          -0.715         -12.351          221.914
  239 (vir)          211.366           1.103          -1.163         -13.613          224.919
  240 (vir)          212.462           0.851          -0.825         -12.887          225.376
  241 (vir)          213.153           0.945          -0.922         -13.454          226.630
  242 (vir)          217.364           0.936          -0.801         -12.976          230.475
  243 (vir)          217.861           0.882          -1.118         -13.851          231.477
  244 (vir)          220.378           0.922          -0.981         -13.880          234.199
  245 (vir)          221.146           0.790          -0.862         -13.242          234.315
  246 (vir)          221.189           1.106          -0.881         -13.408          234.822
  247 (vir)          221.943           0.902          -0.843         -13.293          235.295
  248 (vir)          222.795           1.049          -0.849         -13.388          236.383
  249 (vir)          222.856           0.932          -0.803         -13.087          236.072
  250 (vir)          223.542           1.086          -0.903         -13.739          237.464
  251 (vir)          225.096           0.948          -0.896         -13.620          238.767
  252 (vir)          227.602           1.034          -0.810         -13.139          240.964
  253 (vir)          229.506           0.926          -0.913         -13.888          243.407
  254 (vir)          230.145           0.983          -0.895         -13.658          243.891
  255 (vir)          230.872           0.838          -0.873         -13.408          244.244
  256 (vir)          231.780           0.581          -0.812         -13.068          244.616
  257 (vir)          231.873           0.844          -0.762         -12.861          244.816
  258 (vir)          232.165           0.916          -0.926         -13.830          245.985
  259 (vir)          233.316           1.399          -0.843         -13.273          247.145
  260 (vir)          233.673           0.724          -0.743         -12.845          246.500
  261 (vir)          234.572           0.909          -0.815         -13.135          247.802
  262 (vir)          238.995           0.952          -0.816         -13.148          252.279
  263 (vir)          239.402           0.712          -1.304         -15.170          253.979
  264 (vir)          239.562           0.687          -1.325         -15.245          254.168
  265 (vir)          242.024           0.871          -0.933         -13.862          255.824
  266 (vir)          242.192           0.996          -0.817         -13.345          255.716
  267 (vir)          242.246           0.959          -0.837         -13.395          255.762
  268 (vir)          242.472           1.027          -0.865         -13.842          256.475
  269 (vir)          244.259           0.914          -0.929         -13.682          257.927
  270 (vir)          244.653           0.874          -0.811         -13.291          258.008
  271 (vir)          245.603           0.934          -0.941         -13.944          259.540
  272 (vir)          247.336           1.104          -0.781         -13.256          260.914
  273 (vir)          247.510           0.816          -0.826         -13.645          261.145
  274 (vir)          248.577           0.910          -0.828         -13.624          262.283
  275 (vir)          250.573           0.903          -1.161         -14.626          264.940
  276 (vir)          253.001           0.938          -0.701         -12.947          266.185
  277 (vir)          253.389           0.728          -0.859         -13.841          267.099
  278 (vir)          253.994           0.919          -0.824         -13.219          267.309
  279 (vir)          255.627           0.827          -0.962         -13.948          269.439
  280 (vir)          255.652           0.901          -1.089         -14.072          269.536
  281 (vir)          258.507           0.849          -0.937         -14.225          272.644
  282 (vir)          259.793           1.020          -1.045         -14.445          274.213
  283 (vir)          260.024           0.517          -1.048         -15.064          274.557
  284 (vir)          260.567           0.682          -0.898         -14.260          274.612
  285 (vir)          261.301           0.911          -1.034         -14.306          275.483
  286 (vir)          264.753           0.775          -0.833         -13.958          278.653
  287 (vir)          269.403           0.773          -1.171         -15.597          284.601
  288 (vir)          276.947           0.691          -1.150         -14.978          291.466
  289 (vir)          303.210           0.744          -1.560         -16.260          318.654
  290 (vir)          304.179           0.538          -1.687         -16.505          319.534
  291 (vir)          545.317          -0.816         -10.097         -37.273          571.677
  292 (vir)          551.975          -0.843         -10.031         -37.252          578.352
  293 (vir)         2790.920          -1.738         -11.991         -78.228         2855.419
  294 (vir)         2797.328          -1.733         -11.958         -78.195         2861.831
