 
  kpoint:     0.0000    0.0000    0.0000
 
    n          ϵ_nk^DFT (eV)     Σ^c_nk (eV)     Σ^x_nk (eV)     v_n^xc (eV)   ϵ_nk^G0W0 (eV)
 
    1 (occ)          -50.893           1.746         -44.674         -28.901          -64.919
    2 (occ)          -50.881           0.411         -44.697         -28.921          -66.247
    3 (occ)           -3.224          -0.068          -7.030          -5.350           -4.972
    4 (vir)           -1.787          -1.201          -1.211          -3.563           -0.636
    5 (vir)           -1.298          -1.273          -1.085          -3.681            0.025
    6 (vir)           -1.298          -1.273          -1.085          -3.681            0.025
    7 (vir)           -0.889          -1.866          -0.946          -3.580           -0.122
    8 (vir)            0.062          -1.625          -0.319          -2.392            0.509
    9 (vir)            0.062          -1.625          -0.319          -2.392            0.509
   10 (vir)            0.661          -0.483          -0.277          -1.365            1.266
   11 (vir)            0.676          -1.535          -0.378          -1.930            0.692
   12 (vir)            1.093          -1.073          -0.354          -2.144            1.809
   13 (vir)            1.093          -1.074          -0.354          -2.144            1.808
   14 (vir)            1.157          -0.864          -0.335          -2.013            1.971
   15 (vir)            1.838          -0.122          -0.129          -1.485            3.072
   16 (vir)            1.928          -1.188          -0.354          -2.560            2.947
   17 (vir)            1.928          -1.182          -0.354          -2.560            2.952
   18 (vir)            2.942          -1.838          -0.398          -3.317            4.023
   19 (vir)            2.942          -1.838          -0.398          -3.317            4.023
   20 (vir)            3.432          -1.005          -0.525          -2.935            4.837
   21 (vir)            4.049          -0.511          -0.320          -3.135            6.354
   22 (vir)            4.049          -0.503          -0.320          -3.135            6.361
   23 (vir)            4.774           0.128          -0.201          -2.936            7.637
   24 (vir)            4.774           0.135          -0.201          -2.936            7.644
   25 (vir)            5.061          -0.600          -0.737          -3.578            7.301
   26 (vir)            6.427           0.251          -0.756          -3.693            9.615
   27 (vir)            6.913          -0.097          -0.157          -2.717            9.376
   28 (vir)            6.913          -0.090          -0.157          -2.717            9.384
   29 (vir)            7.168          -1.045          -0.825          -3.790            9.088
   30 (vir)            7.661          -1.089          -0.647          -3.651            9.576
   31 (vir)            8.021          -1.149          -0.864          -5.143           11.150
   32 (vir)            8.021          -1.151          -0.864          -5.143           11.149
   33 (vir)            8.382          -1.135          -0.785          -4.810           11.272
   34 (vir)            8.382          -0.951          -0.785          -4.810           11.456
   35 (vir)            9.475           0.252          -0.591          -4.511           13.647
   36 (vir)           11.139          -0.930          -0.254          -3.916           13.871
   37 (vir)           11.139          -0.944          -0.254          -3.916           13.857
   38 (vir)           11.336          -0.157          -0.753          -4.442           14.869
   39 (vir)           11.666          -0.700          -0.326          -4.151           14.791
   40 (vir)           11.666          -0.667          -0.326          -4.151           14.824
   41 (vir)           13.441          -0.967          -0.176          -3.726           16.023
   42 (vir)           13.441          -1.050          -0.176          -3.726           15.941
   43 (vir)           14.409          -0.168          -0.535          -5.033           18.739
   44 (vir)           14.409          -0.166          -0.535          -5.033           18.740
   45 (vir)           16.813          -0.422          -0.133          -3.571           19.829
   46 (vir)           16.813          -0.413          -0.133          -3.571           19.838
   47 (vir)           17.317          -0.151          -0.200          -3.520           20.486
   48 (vir)           17.317          -0.143          -0.200          -3.520           20.494
   49 (vir)           17.979           1.992          -0.303          -4.691           24.358
   50 (vir)           17.979           1.977          -0.303          -4.691           24.343
   51 (vir)           18.020          -0.387          -0.393          -4.824           22.063
   52 (vir)           19.043           1.515          -0.318          -4.820           25.060
   53 (vir)           19.043          -1.481          -0.318          -4.820           22.064
   54 (vir)           19.176           0.363          -0.763          -5.287           24.063
   55 (vir)           19.227           0.053          -0.226          -4.181           23.235
   56 (vir)           19.227           0.089          -0.226          -4.181           23.271
   57 (vir)           22.843          -0.362          -0.761          -5.171           26.891
   58 (vir)           23.699          -0.525          -0.396          -5.187           27.965
   59 (vir)           23.699          -0.623          -0.396          -5.187           27.867
   60 (vir)           26.520          -0.223          -0.579          -5.480           31.198
   61 (vir)           37.543           0.851          -4.023         -11.441           45.812
   62 (vir)           37.960          -0.068          -3.861         -11.091           45.122
   63 (vir)          147.051           0.244          -7.592         -24.693          164.396
   64 (vir)          147.051           0.244          -7.592         -24.693          164.396
   65 (vir)          148.129           0.274          -7.537         -24.643          165.508
   66 (vir)          148.129           0.274          -7.537         -24.643          165.509
   67 (vir)          152.606           0.260          -7.362         -24.372          169.875
   68 (vir)          156.433           0.286          -7.208         -24.344          173.855
   69 (vir)          243.546           1.444          -8.784         -31.042          267.248
   70 (vir)          244.368           1.328          -8.769         -31.038          267.964
