 
  kpoint:     0.0000    0.0000    0.0000
 
    n          ϵ_nk^DFT (eV)     Σ^c_nk (eV)     Σ^x_nk (eV)     v_n^xc (eV)   ϵ_nk^G0W0 (eV)
 
    1 (occ)          -15.748           1.579         -27.590         -18.219          -23.541
    2 (vir)            7.475          -0.262          -2.395          -6.188           11.006
    3 (vir)           22.727          -0.934          -2.694          -9.498           28.598
    4 (vir)           22.727          -0.934          -2.694          -9.498           28.598
    5 (vir)           22.727          -0.934          -2.694          -9.498           28.598
    6 (vir)           51.490          -3.609          -4.112         -13.011           56.781
    7 (vir)           95.111          -3.134          -1.526         -11.996          102.447
    8 (vir)           95.111          -3.134          -1.526         -11.996          102.447
    9 (vir)           95.111          -3.134          -1.526         -11.996          102.447
   10 (vir)           95.111          -3.134          -1.526         -11.996          102.447
   11 (vir)           95.111          -3.134          -1.526         -11.996          102.447
   12 (vir)          116.710           2.875          -3.596         -16.538          132.527
   13 (vir)          116.710           2.875          -3.596         -16.538          132.527
   14 (vir)          116.710           2.875          -3.596         -16.538          132.527
   15 (vir)          256.259           2.415          -4.623         -25.879          279.929
   16 (vir)          300.001           1.677          -1.195         -16.243          316.726
   17 (vir)          300.001           1.677          -1.195         -16.243          316.726
   18 (vir)          300.001           1.677          -1.195         -16.243          316.726
   19 (vir)          300.001           1.677          -1.195         -16.243          316.726
   20 (vir)          300.001           1.677          -1.195         -16.243          316.726
   21 (vir)          300.001           1.677          -1.195         -16.243          316.726
   22 (vir)          300.001           1.677          -1.195         -16.243          316.726
   23 (vir)          420.642           2.503          -2.055         -21.683          442.773
   24 (vir)          420.642           2.503          -2.055         -21.683          442.773
   25 (vir)          420.642           2.503          -2.055         -21.683          442.773
   26 (vir)          420.642           2.503          -2.055         -21.683          442.773
   27 (vir)          420.642           2.503          -2.055         -21.683          442.773
   28 (vir)          461.588           2.383          -3.096         -25.791          486.666
   29 (vir)          461.588           2.383          -3.096         -25.791          486.666
   30 (vir)          461.588           2.383          -3.096         -25.791          486.666
