 
  kpoint:     0.0000    0.0000    0.0000
 
    n          ϵ_nk^DFT (eV)     Σ^c_nk (eV)     Σ^x_nk (eV)     v_n^xc (eV)   ϵ_nk^G0W0 (eV)
 
    1 (occ)         -510.421          -2.852        -132.591         -83.741         -562.124
    2 (occ)         -271.585          -0.478         -96.891         -61.534         -307.421
    3 (occ)         -269.499          -1.113         -96.873         -61.542         -305.942
    4 (occ)          -26.291           7.379         -33.599         -21.906          -30.605
    5 (occ)          -18.641           4.804         -24.983         -16.396          -22.424
    6 (occ)          -14.245           3.032         -23.124         -16.082          -18.254
    7 (occ)          -11.660           2.555         -22.779         -16.462          -15.423
    8 (occ)          -11.082           1.347         -19.723         -14.555          -14.903
    9 (occ)          -10.614           2.533         -24.483         -18.239          -14.326
   10 (occ)           -9.635           1.290         -20.840         -15.495          -13.689
   11 (occ)           -9.096           1.059         -21.599         -16.971          -12.666
   12 (occ)           -5.961           2.024         -24.134         -18.525           -9.545
   13 (vir)           -2.125          -2.763          -9.049         -15.006            1.069
   14 (vir)            0.143          -1.061          -2.183          -5.302            2.201
   15 (vir)            0.724          -1.157          -2.218          -5.505            2.853
   16 (vir)            1.504          -1.048          -1.788          -4.889            3.557
   17 (vir)            1.861          -1.190          -2.243          -5.600            4.028
   18 (vir)            2.221          -1.153          -2.071          -5.406            4.402
   19 (vir)            2.730          -1.095          -1.775          -5.028            4.888
   20 (vir)            3.195          -1.114          -1.545          -4.813            5.349
   21 (vir)            3.534          -1.162          -1.627          -4.936            5.680
   22 (vir)            3.947          -0.993          -1.093          -4.070            5.932
   23 (vir)            5.378          -1.002          -1.787          -4.858            7.447
   24 (vir)            5.767          -2.341          -3.767          -8.730            8.388
   25 (vir)            6.977          -1.910          -3.288          -7.685            9.463
   26 (vir)            7.123          -1.455          -2.015          -5.866            9.519
   27 (vir)            7.580          -2.117          -3.110          -7.654           10.006
   28 (vir)            7.866          -2.110          -3.399          -7.849           10.206
   29 (vir)            8.235          -2.032          -3.007          -7.510           10.707
   30 (vir)            8.638          -2.510          -4.051          -9.301           11.378
   31 (vir)            9.244          -1.791          -2.033          -6.235           11.655
   32 (vir)            9.904          -2.583          -3.778          -9.207           12.750
   33 (vir)           10.333          -2.282          -3.119          -8.254           13.185
   34 (vir)           11.479          -1.872          -2.365          -6.832           14.073
   35 (vir)           11.526          -1.643          -1.553          -5.586           13.915
   36 (vir)           13.764          -2.596          -2.717          -8.173           16.624
   37 (vir)           14.823          -2.439          -2.260          -7.518           17.643
   38 (vir)           15.959          -2.397          -2.323          -7.442           18.681
   39 (vir)           16.203          -2.609          -2.169          -7.493           18.918
   40 (vir)           16.282          -2.726          -2.835          -8.286           19.007
   41 (vir)           16.863          -2.651          -2.512          -7.990           19.690
   42 (vir)           17.232          -2.506          -1.838          -7.086           19.974
   43 (vir)           18.013          -2.542          -1.824          -7.294           20.941
   44 (vir)           18.798          -3.063          -2.128          -8.037           21.644
   45 (vir)           18.862          -3.385          -2.784          -9.086           21.779
   46 (vir)           19.707          -2.731          -2.926          -8.714           22.764
   47 (vir)           20.110          -2.927          -1.659          -7.334           22.858
   48 (vir)           20.605          -2.774          -2.140          -7.797           23.487
   49 (vir)           20.994          -2.479          -1.917          -7.361           23.959
   50 (vir)           21.523          -2.822          -2.342          -8.170           24.529
   51 (vir)           21.790          -2.934          -2.202          -7.934           24.588
   52 (vir)           22.377          -2.615          -2.183          -7.661           25.240
   53 (vir)           22.995          -2.656          -2.131          -7.574           25.782
   54 (vir)           24.839          -2.352          -1.549          -7.122           28.061
   55 (vir)           25.821          -2.439          -1.749          -7.397           29.030
   56 (vir)           26.407          -2.582          -1.857          -7.806           29.775
   57 (vir)           26.654          -2.020          -1.070          -6.313           29.877
   58 (vir)           26.950          -2.093          -1.163          -6.478           30.173
   59 (vir)           28.263          -2.670          -1.906          -8.073           31.759
   60 (vir)           28.393          -2.353          -1.536          -7.275           31.779
   61 (vir)           29.216          -3.096          -2.262          -8.676           32.533
   62 (vir)           30.319          -2.619          -1.453          -7.399           33.645
   63 (vir)           32.959          -2.534          -1.777          -8.145           36.794
   64 (vir)           34.311          -2.493          -1.924          -8.307           38.200
   65 (vir)           34.817          -2.632          -2.453          -9.479           39.210
   66 (vir)           36.063          -3.344          -3.324         -10.990           40.384
   67 (vir)           36.164          -2.501          -1.845          -8.248           40.066
   68 (vir)           36.699          -2.707          -2.141          -8.911           40.763
   69 (vir)           37.118          -2.563          -2.673          -9.782           41.664
   70 (vir)           37.554          -3.182          -3.532         -10.978           41.818
   71 (vir)           39.000          -2.604          -2.638         -10.008           43.766
   72 (vir)           40.855          -3.173          -2.511         -10.121           45.291
   73 (vir)           42.365          -2.976          -2.817         -10.763           47.336
   74 (vir)           44.176          -3.165          -3.365         -11.711           49.356
   75 (vir)           44.958          -2.639          -2.503         -10.754           50.570
   76 (vir)           45.692          -2.758          -2.260         -10.510           51.183
   77 (vir)           46.667          -2.410          -1.963          -9.983           52.278
   78 (vir)           47.181          -2.657          -2.433         -10.895           52.986
   79 (vir)           47.987          -2.119          -2.316         -10.587           54.139
   80 (vir)           49.055          -2.631          -2.467         -10.995           54.952
   81 (vir)           49.659          -2.282          -2.278         -10.690           55.789
   82 (vir)           50.658          -2.546          -2.461         -11.065           56.716
   83 (vir)           50.815          -3.109          -2.541         -10.656           55.821
   84 (vir)           51.356          -2.251          -2.730         -11.283           57.658
   85 (vir)           51.743          -2.763          -2.469         -11.186           57.697
   86 (vir)           52.291          -2.749          -2.400         -10.865           58.006
   87 (vir)           53.456          -3.356          -2.429         -11.010           58.680
   88 (vir)           53.685          -2.238          -2.144         -10.622           59.925
   89 (vir)           54.765          -2.652          -2.274         -11.042           60.880
   90 (vir)           55.466          -2.740          -2.034         -10.489           61.181
   91 (vir)           55.857          -2.368          -1.929         -10.342           61.901
   92 (vir)           55.963          -2.222          -1.878         -10.178           62.040
   93 (vir)           56.510          -3.032          -2.268         -11.091           62.301
   94 (vir)           56.958          -1.226          -1.908         -10.471           64.294
   95 (vir)           58.597          -2.402          -1.880         -10.362           64.678
   96 (vir)           59.156          -1.753          -1.652          -9.864           65.615
   97 (vir)           60.809          -2.456          -1.801         -10.240           66.793
   98 (vir)           61.630          -2.720          -1.713         -10.217           67.414
   99 (vir)           61.965          -2.716          -1.851         -10.490           67.888
  100 (vir)           63.139          -1.249          -1.942         -10.522           70.470
  101 (vir)           64.651          -1.847          -1.514          -9.944           71.234
  102 (vir)           65.224          -2.473          -1.519         -10.027           71.259
  103 (vir)           66.383          -3.356          -1.618         -10.132           71.540
  104 (vir)           67.132          -2.509          -1.757         -10.434           73.300
  105 (vir)           68.152          -2.060          -1.787         -10.463           74.768
  106 (vir)           68.733          -4.168          -1.775         -10.485           73.275
  107 (vir)           69.774          -1.425          -1.796         -10.663           77.216
  108 (vir)           70.116          -3.245          -1.915         -11.057           76.013
  109 (vir)           70.559          -2.253          -2.039         -11.341           77.608
  110 (vir)           71.842           0.344          -1.312          -9.672           80.546
  111 (vir)           72.481          -2.231          -1.714         -10.522           79.057
  112 (vir)           73.816          -2.592          -1.640         -10.603           80.186
  113 (vir)           74.436          -1.128          -1.789         -10.728           82.248
  114 (vir)           75.556          -1.909          -1.012          -9.054           81.689
  115 (vir)           75.888          -2.962          -1.856         -10.763           81.834
  116 (vir)           77.488          -1.335          -1.678         -10.742           85.217
  117 (vir)           78.817          -1.626          -1.218          -9.647           85.620
  118 (vir)           79.570          -0.847          -1.333          -9.987           87.377
  119 (vir)           80.696          -1.001          -2.151         -12.144           89.687
  120 (vir)           82.382          -2.734          -2.212         -12.220           89.655
  121 (vir)           82.537          -2.885          -2.291         -12.626           89.987
  122 (vir)           83.371          -1.492          -2.528         -12.947           92.298
  123 (vir)           84.682          -2.409          -2.082         -12.039           92.231
  124 (vir)           85.178          -1.720          -1.697         -11.303           93.064
  125 (vir)           86.060          -3.032          -2.430         -12.598           93.196
  126 (vir)           86.529          -1.646          -2.452         -12.731           95.162
  127 (vir)           88.282          -2.318          -2.324         -12.542           96.181
  128 (vir)           89.303          -0.342          -1.967         -11.986           98.981
  129 (vir)           90.296          -1.836          -2.113         -12.418           98.764
  130 (vir)           91.976          -2.515          -2.397         -12.885           99.948
  131 (vir)           92.518          -1.184          -2.198         -12.478          101.615
  132 (vir)           95.207          -3.705          -2.549         -13.229          102.182
  133 (vir)           97.038          -1.490          -2.409         -13.489          106.627
  134 (vir)           97.316          -1.345          -2.584         -13.612          107.000
  135 (vir)           98.725          -2.880          -2.829         -14.447          107.462
  136 (vir)          100.972           0.234          -2.640         -13.789          112.355
  137 (vir)          101.241          -2.494          -1.698         -11.897          108.946
  138 (vir)          101.895          -0.958          -2.480         -13.550          112.008
  139 (vir)          102.095          -1.593          -3.122         -14.564          111.945
  140 (vir)          104.219          -3.297          -3.754         -15.947          113.116
  141 (vir)          106.928          -2.495          -2.818         -14.791          116.406
  142 (vir)          107.126          -1.842          -3.737         -16.340          117.887
  143 (vir)          108.726          -3.244          -3.100         -15.281          117.664
  144 (vir)          111.727          -1.706          -2.522         -14.279          121.777
  145 (vir)          112.287          -3.059          -3.206         -15.604          121.626
  146 (vir)          114.838          -1.932          -2.818         -14.810          124.899
  147 (vir)          117.191          -0.984          -3.179         -15.694          128.722
  148 (vir)          118.967          -2.569          -3.978         -17.407          129.828
  149 (vir)          119.496          -2.446          -2.719         -15.024          129.354
  150 (vir)          124.083         -17.275          -4.947         -19.060          120.922
  151 (vir)          126.483           0.128          -3.238         -15.671          139.044
  152 (vir)          127.982          -1.011          -2.894         -15.564          139.641
  153 (vir)          131.050          -1.934          -2.737         -15.892          142.273
  154 (vir)          134.010          -1.646          -2.514         -15.547          145.397
  155 (vir)          134.899          -2.360          -3.663         -17.767          146.643
  156 (vir)          136.276          -2.164          -2.362         -15.231          146.981
  157 (vir)          137.931          -1.223          -2.132         -14.789          149.364
  158 (vir)          140.139          -2.972          -3.297         -17.190          151.060
  159 (vir)          143.232          -4.280          -1.798         -14.332          151.485
  160 (vir)          144.031          -1.638          -2.064         -14.906          155.236
  161 (vir)          146.289          -4.119          -1.868         -14.443          154.745
  162 (vir)          147.004          -1.879          -1.999         -14.623          157.749
  163 (vir)          148.879          -3.286          -1.966         -14.960          158.587
  164 (vir)          149.987          -3.507          -1.936         -14.797          159.340
  165 (vir)          150.892          -3.166          -1.891         -14.841          160.675
  166 (vir)          151.661          -0.133          -2.618         -15.816          164.726
  167 (vir)          153.014          -0.973          -2.090         -15.220          165.171
  168 (vir)          153.816          -7.815          -1.810         -14.552          158.743
  169 (vir)          154.186          -1.367          -2.013         -14.998          165.804
  170 (vir)          155.318          -2.002          -1.329         -13.110          165.096
  171 (vir)          156.248          -2.081          -2.093         -15.152          167.227
  172 (vir)          156.571           1.605          -1.551         -13.824          170.448
  173 (vir)          157.325          -0.710          -1.665         -14.145          169.095
  174 (vir)          158.149          -0.515          -1.000         -12.018          168.652
  175 (vir)          158.375          -5.650          -1.822         -14.818          165.721
  176 (vir)          159.279           0.666          -1.601         -14.053          172.397
  177 (vir)          159.799          -2.179          -1.701         -14.420          170.338
  178 (vir)          161.572          -1.647          -1.529         -13.912          172.308
  179 (vir)          162.022          -1.003          -1.331         -13.285          172.972
  180 (vir)          162.624           0.210          -1.501         -13.959          175.291
  181 (vir)          163.179          -0.097          -1.696         -14.437          175.822
  182 (vir)          164.284          -3.405          -1.620         -14.191          173.450
  183 (vir)          166.654          -3.539          -1.744         -14.487          175.857
  184 (vir)          167.448          -0.897          -1.325         -13.296          178.523
  185 (vir)          168.126          -0.676          -1.262         -12.977          179.165
  186 (vir)          168.247          -2.207          -1.418         -13.486          178.108
  187 (vir)          169.013          -2.804          -1.634         -14.182          178.756
  188 (vir)          170.346          -0.216          -1.729         -14.414          182.815
  189 (vir)          171.716          -4.315          -1.572         -14.330          180.159
  190 (vir)          171.916          -3.221          -2.144         -15.602          182.153
  191 (vir)          174.540          -3.903          -1.826         -15.131          183.943
  192 (vir)          174.906          -1.769          -1.589         -14.700          186.248
  193 (vir)          176.065         -10.391          -1.722         -14.927          178.878
  194 (vir)          177.518          -0.772          -2.313         -16.266          190.700
  195 (vir)          177.887          -6.909          -2.725         -16.866          185.119
  196 (vir)          179.872          -1.460          -2.064         -15.841          192.189
  197 (vir)          181.120          -0.054          -1.693         -15.075          194.449
  198 (vir)          181.753          -2.714          -1.709         -15.103          192.433
  199 (vir)          186.272          -0.536          -2.208         -16.131          199.660
  200 (vir)          188.604          -0.029          -3.488         -17.522          202.609
  201 (vir)          190.056           1.846          -1.951         -15.138          205.090
  202 (vir)          190.667           1.761          -1.613         -14.194          205.009
  203 (vir)          193.552           1.273          -1.376         -14.006          207.456
  204 (vir)          194.229           1.974          -1.569         -14.537          209.172
  205 (vir)          194.548           2.696          -1.596         -14.779          210.427
  206 (vir)          195.672           0.945          -1.451         -14.501          209.667
  207 (vir)          196.793          -0.169          -1.266         -13.822          209.180
  208 (vir)          198.219           1.654          -1.558         -14.570          212.885
  209 (vir)          199.184           0.448          -1.536         -14.682          212.778
  210 (vir)          200.874          -4.775          -1.327         -14.253          209.026
  211 (vir)          201.549           0.852          -1.324         -14.255          215.332
  212 (vir)          201.975           0.541          -1.700         -15.306          216.122
  213 (vir)          203.693           1.144          -1.303         -14.088          217.622
  214 (vir)          203.920           0.924          -1.174         -13.619          217.289
  215 (vir)          204.697           4.457          -1.262         -13.944          221.836
  216 (vir)          206.364          -1.372          -1.247         -13.862          217.608
  217 (vir)          207.011           0.738          -0.939         -12.988          219.798
  218 (vir)          208.208           2.037          -1.487         -14.510          223.268
  219 (vir)          208.828           1.986          -1.181         -13.563          223.197
  220 (vir)          209.839           1.282          -1.017         -12.855          222.960
  221 (vir)          210.587           1.401          -1.219         -13.835          224.605
  222 (vir)          212.687           1.961          -1.371         -13.870          227.147
  223 (vir)          213.796           1.253          -1.019         -13.161          227.190
  224 (vir)          213.957           2.352          -1.581         -14.418          229.146
  225 (vir)          216.828           1.926          -1.464         -14.538          231.828
  226 (vir)          218.148          -8.392          -1.775         -15.247          223.228
  227 (vir)          219.435           1.877          -1.314         -14.467          234.465
  228 (vir)          222.058          -2.343          -1.684         -15.603          233.634
  229 (vir)          222.658           1.025          -1.473         -15.019          237.230
  230 (vir)          223.827           1.164          -1.514         -13.716          237.193
  231 (vir)          224.102           5.074          -0.953         -13.544          241.768
  232 (vir)          224.497           1.626          -1.006         -13.533          238.650
  233 (vir)          224.623           0.899          -0.917         -13.382          237.987
  234 (vir)          226.183           0.973          -0.991         -13.641          239.805
  235 (vir)          227.375           0.790          -1.122         -14.183          241.225
  236 (vir)          228.226           0.770          -1.015         -13.782          241.763
  237 (vir)          228.663           1.333          -0.805         -12.854          242.044
  238 (vir)          231.892           2.123          -1.648         -15.900          248.268
  239 (vir)          235.748           0.144          -1.040         -13.697          248.550
  240 (vir)          236.818           1.935          -1.330         -14.952          252.374
  241 (vir)          237.456           1.719          -1.324         -14.836          252.686
  242 (vir)          237.773           4.259          -2.164         -18.169          258.037
  243 (vir)          237.951           1.754          -1.167         -14.278          252.815
  244 (vir)          238.228           3.148          -1.737         -16.552          256.190
  245 (vir)          239.141           2.399          -1.238         -14.592          254.894
  246 (vir)          240.760          -0.203          -1.932         -16.866          255.491
  247 (vir)          241.481          -5.686          -1.313         -14.988          249.471
  248 (vir)          242.641          -0.196          -1.810         -16.126          256.761
  249 (vir)          245.260           1.070          -1.968         -17.679          262.040
  250 (vir)          250.279           3.004          -2.830         -19.107          269.560
  251 (vir)          255.615           2.208          -1.750         -16.739          272.813
  252 (vir)          256.736           4.969          -4.138         -21.488          279.055
  253 (vir)          257.523           2.598          -1.623         -16.265          274.763
  254 (vir)          259.340           2.368          -1.561         -16.315          276.461
  255 (vir)          259.631           3.283          -1.585         -16.185          277.514
  256 (vir)          260.263           5.994          -1.420         -15.781          280.618
  257 (vir)          261.230           0.280          -0.950         -14.144          274.705
  258 (vir)          262.011           4.730          -1.180         -14.825          280.386
  259 (vir)          264.268           2.706          -1.217         -15.474          281.232
  260 (vir)          266.801           3.435          -1.756         -17.026          285.506
  261 (vir)          267.431           1.710          -2.222         -18.597          285.516
  262 (vir)          268.433          -1.709          -2.052         -18.433          283.105
  263 (vir)          272.894           2.805          -1.197         -15.342          289.845
  264 (vir)          275.030           3.288          -1.481         -16.383          293.219
  265 (vir)          277.804          -1.831          -2.510         -19.743          293.206
  266 (vir)          280.059           4.034          -1.142         -15.509          298.460
  267 (vir)          287.841           1.872          -2.628         -20.176          307.261
  268 (vir)          290.831           1.444          -2.115         -18.808          308.969
  269 (vir)          295.608           8.546          -3.426         -22.954          323.683
  270 (vir)          296.622           9.025          -3.319         -22.616          324.944
  271 (vir)          307.043           9.392          -3.190         -22.538          335.784
  272 (vir)          309.325           7.664          -3.135         -22.355          336.209
  273 (vir)          316.654           5.038          -2.699         -20.891          339.883
  274 (vir)          317.774           3.049          -2.643         -20.108          338.289
  275 (vir)          318.081           3.098          -3.311         -21.605          339.473
  276 (vir)          319.823           0.582          -1.879         -17.931          336.457
  277 (vir)          324.311           5.319          -3.189         -22.756          349.197
  278 (vir)          325.653           1.528          -4.311         -25.476          348.346
  279 (vir)          328.050           5.885          -3.509         -22.855          353.280
  280 (vir)          332.470           2.997          -2.638         -20.144          352.974
  281 (vir)          352.473           2.153          -3.171         -21.679          373.133
  282 (vir)          353.982           4.158          -3.367         -22.758          377.531
  283 (vir)          362.149          -6.944          -3.771         -24.451          375.884
  284 (vir)          377.782           3.212          -9.349         -31.554          403.199
  285 (vir)          388.591           2.971          -4.911         -26.707          413.358
  286 (vir)          767.710           0.850         -12.766         -45.923          801.717
  287 (vir)          780.730           1.187         -12.541         -45.689          815.065
  288 (vir)         1300.147           1.220         -18.034         -62.273         1345.607
  289 (vir)         3997.415           1.327         -14.747         -94.531         4078.527
  290 (vir)         4011.761           1.325         -14.674         -94.459         4092.871
  291 (vir)         6867.679           0.330         -20.621        -126.358         6973.746
