 
  kpoint:     0.0000    0.0000    0.0000
 
    n          ϵ_nk^DFT (eV)     Σ^c_nk (eV)     Σ^x_nk (eV)     v_n^xc (eV)   ϵ_nk^G0W0 (eV)
 
    1 (occ)         -518.154          -2.112        -132.577         -83.714         -569.129
    2 (occ)         -513.413          -2.005        -132.617         -83.732         -564.302
    3 (occ)         -513.413          -1.981        -132.616         -83.732         -564.278
    4 (occ)          -34.389           7.107         -35.443         -22.790          -39.935
    5 (occ)          -27.509           5.615         -33.757         -22.807          -32.844
    6 (occ)          -19.347           5.421         -32.453         -22.508          -23.871
    7 (occ)          -14.907           2.200         -25.850         -19.633          -18.924
    8 (occ)          -14.702           2.560         -28.338         -21.540          -18.940
    9 (occ)          -14.445           3.168         -28.102         -20.522          -18.858
   10 (occ)           -9.120          -0.140         -23.677         -19.917          -13.020
   11 (occ)           -8.049           3.214         -27.597         -20.789          -11.643
   12 (occ)           -7.887           2.744         -27.199         -20.720          -11.622
   13 (vir)           -6.098          -1.231         -15.999         -21.027           -2.301
   14 (vir)            0.237          -3.776         -12.856         -20.544            4.148
   15 (vir)            2.180          -3.436         -10.529         -17.473            5.687
   16 (vir)            4.769          -1.305          -2.605          -6.632            7.492
   17 (vir)            5.046          -1.276          -2.117          -6.109            7.763
   18 (vir)            5.214          -2.508          -5.123         -10.579            8.163
   19 (vir)            6.562          -1.253          -2.992          -7.039            9.356
   20 (vir)            7.209          -1.301          -2.423          -6.407            9.891
   21 (vir)            7.213          -1.648          -3.098          -7.468            9.936
   22 (vir)            7.443          -1.279          -1.786          -5.672           10.049
   23 (vir)            8.354          -1.161          -1.386          -5.199           11.006
   24 (vir)            9.458          -1.732          -2.901          -7.769           12.594
   25 (vir)            9.759          -0.977          -1.410          -5.233           12.605
   26 (vir)           15.841          -1.702          -2.572          -7.605           19.172
   27 (vir)           18.824          -1.845          -2.507          -7.587           22.058
   28 (vir)           20.448          -2.605          -4.096         -11.016           24.762
   29 (vir)           22.905          -2.687          -4.592         -11.947           27.573
   30 (vir)           23.028          -2.421          -4.501         -11.305           27.412
   31 (vir)           26.894          -2.701          -4.001         -11.113           31.305
   32 (vir)           27.661          -3.099          -4.688         -12.252           32.126
   33 (vir)           29.469          -3.328          -4.033         -12.018           34.126
   34 (vir)           29.562          -2.793          -3.953         -11.528           34.344
   35 (vir)           31.285          -3.001          -3.865         -11.213           35.632
   36 (vir)           31.747          -3.054          -3.595         -11.095           36.193
   37 (vir)           32.019          -4.008          -3.793         -11.915           36.134
   38 (vir)           33.082          -3.568          -3.583         -11.525           37.456
   39 (vir)           33.220          -3.634          -3.585         -11.350           37.351
   40 (vir)           34.271          -3.430          -4.156         -12.224           38.909
   41 (vir)           34.446          -3.508          -3.521         -11.706           39.122
   42 (vir)           34.564          -3.895          -3.858         -12.323           39.134
   43 (vir)           34.715          -3.222          -4.063         -11.795           39.225
   44 (vir)           41.875          -2.491          -3.615         -11.960           47.728
   45 (vir)           42.524          -3.315          -3.359         -11.758           47.607
   46 (vir)           44.496          -3.004          -2.267         -10.371           49.597
   47 (vir)           44.767          -2.724          -2.192         -10.229           50.078
   48 (vir)           45.942          -2.528          -3.378         -11.547           51.584
   49 (vir)           49.427          -1.531          -2.725         -10.436           55.607
   50 (vir)           49.670          -3.190          -2.887         -11.397           54.990
   51 (vir)           51.299          -4.797          -3.952         -14.368           56.919
   52 (vir)           69.321          -6.394          -6.114         -17.281           74.094
   53 (vir)           71.088          -4.497          -2.749         -13.467           77.309
   54 (vir)           71.658          -3.169          -3.380         -14.276           79.385
   55 (vir)           74.070          -3.861          -4.179         -15.651           81.682
   56 (vir)           77.252          -3.844          -3.832         -15.446           85.022
   57 (vir)           78.474          -4.523          -4.494         -16.422           85.879
   58 (vir)           81.160          -1.482          -2.782         -13.872           90.768
   59 (vir)           81.432          -3.698          -3.772         -15.206           89.168
   60 (vir)           81.766          -2.709          -2.644         -13.680           90.093
   61 (vir)           82.251          -3.226          -3.189         -14.535           90.372
   62 (vir)           83.086          -3.243          -3.223         -14.737           91.357
   63 (vir)           87.248          -3.639          -3.251         -14.756           95.113
   64 (vir)           87.810          -3.676          -5.884         -19.044           97.293
   65 (vir)           88.229          -3.984          -5.312         -18.273           97.206
   66 (vir)           91.200          -3.553          -4.193         -16.468           99.923
   67 (vir)           95.049          -5.501          -3.920         -16.019          101.646
   68 (vir)           95.911          -4.696          -5.296         -18.339          104.259
   69 (vir)           97.084          -3.619          -4.850         -17.224          105.839
   70 (vir)           97.555          -5.219          -4.971         -17.865          105.231
   71 (vir)           99.912          -2.726          -4.592         -17.469          110.063
   72 (vir)           99.947          -3.056          -4.551         -17.193          109.533
   73 (vir)          100.988          -4.186          -4.667         -18.011          110.145
   74 (vir)          102.969          -4.066          -4.432         -17.416          111.887
   75 (vir)          103.644          -3.691          -3.634         -16.331          112.651
   76 (vir)          103.869          -4.745          -5.377         -19.155          112.902
   77 (vir)          106.101          -4.599          -4.701         -17.874          114.675
   78 (vir)          107.737          -4.112          -4.323         -17.116          116.419
   79 (vir)          108.165          -4.595          -3.531         -16.620          116.659
   80 (vir)          109.396          -2.628          -3.638         -16.229          119.359
   81 (vir)          111.353          -3.101          -2.570         -14.612          120.293
   82 (vir)          112.068          -3.630          -3.500         -16.070          121.007
   83 (vir)          113.485          -4.863          -5.071         -18.328          121.878
   84 (vir)          118.086          -3.835          -4.513         -18.266          128.004
   85 (vir)          118.369          -3.438          -4.041         -17.465          128.356
   86 (vir)          120.972          -4.740          -5.221         -19.748          130.758
   87 (vir)          122.467          -4.282          -5.697         -21.321          133.810
   88 (vir)          122.606          -3.180          -4.547         -18.755          133.633
   89 (vir)          126.892          -4.298          -7.222         -24.104          139.476
   90 (vir)          127.240          -3.782          -6.698         -22.502          139.262
   91 (vir)          128.015          -4.026          -7.375         -24.488          141.101
   92 (vir)          130.580          -4.532          -3.851         -17.477          139.674
   93 (vir)          135.793          -2.099          -3.485         -16.958          147.167
   94 (vir)          137.468          -4.665          -6.320         -22.511          148.994
   95 (vir)          137.607          -5.284          -5.477         -21.528          148.374
   96 (vir)          140.693          -0.982          -5.791         -22.338          156.257
   97 (vir)          152.795          -6.776          -4.845         -20.575          161.749
   98 (vir)          192.554          -6.167          -5.975         -24.525          204.937
   99 (vir)          195.550          -4.229          -6.374         -25.631          210.578
  100 (vir)          212.619           2.057          -2.567         -18.864          230.975
  101 (vir)          216.059           4.023          -2.714         -19.233          236.601
  102 (vir)          221.465           2.114          -2.710         -19.365          240.234
  103 (vir)          221.672           3.398          -2.518         -18.908          241.460
  104 (vir)          223.121          -2.739          -2.687         -19.394          237.089
  105 (vir)          224.123           2.112          -2.499         -18.989          242.725
  106 (vir)          224.299           1.609          -3.108         -19.990          242.790
  107 (vir)          228.406           2.528          -2.793         -19.712          247.853
  108 (vir)          231.057           0.297          -2.950         -19.934          248.337
  109 (vir)          235.686           6.638          -2.361         -18.896          258.859
  110 (vir)          235.702           6.951          -2.363         -18.901          259.192
  111 (vir)          235.780           6.265          -2.376         -18.931          258.600
  112 (vir)          235.786           6.213          -2.374         -18.927          258.552
  113 (vir)          237.487           1.277          -2.399         -19.072          255.437
  114 (vir)          237.943           2.761          -2.467         -19.154          257.391
  115 (vir)          240.160           0.379          -2.318         -18.938          257.159
  116 (vir)          243.176           6.873          -2.496         -19.385          266.939
  117 (vir)          251.337          -4.870          -2.706         -20.054          263.815
  118 (vir)          254.689          -2.020          -2.369         -19.483          269.783
  119 (vir)          257.125          10.812          -2.681         -20.164          285.420
  120 (vir)          270.942          -3.154          -2.525         -20.025          285.288
  121 (vir)          276.607          -7.343          -2.737         -20.728          287.256
  122 (vir)          276.651          -0.745          -2.753         -20.784          293.937
  123 (vir)          277.722          10.221          -2.536         -20.484          305.891
  124 (vir)          286.830           8.434          -3.243         -22.270          314.292
  125 (vir)          288.764           8.723          -3.513         -23.085          317.059
  126 (vir)          288.766          10.994          -3.359         -22.706          319.107
  127 (vir)          290.403           7.296          -3.225         -22.151          316.625
  128 (vir)          291.404          10.233          -3.604         -23.308          321.341
  129 (vir)          291.584           9.083          -3.538         -23.113          320.243
  130 (vir)          291.653           8.693          -3.213         -22.200          319.334
  131 (vir)          292.240           8.619          -3.516         -23.125          320.468
  132 (vir)          292.577           8.765          -3.498         -23.080          320.923
  133 (vir)          296.599           9.250          -3.571         -23.309          325.588
  134 (vir)          296.753           6.210          -3.184         -22.454          322.233
  135 (vir)          301.028           8.431          -3.534         -23.225          329.149
  136 (vir)          302.482           7.047          -3.206         -22.643          328.966
  137 (vir)          304.394           7.421          -3.259         -22.829          331.384
  138 (vir)          304.732           5.734          -3.102         -22.443          329.808
  139 (vir)          304.940           9.182          -3.416         -23.046          333.751
  140 (vir)          305.773           9.363          -3.251         -22.832          334.717
  141 (vir)          306.498          11.099          -3.375         -23.240          337.462
  142 (vir)          306.808           7.222          -3.428         -23.101          333.702
  143 (vir)          308.233           4.503          -5.933         -26.190          332.994
  144 (vir)          310.247          10.737          -3.512         -23.519          340.991
  145 (vir)          312.195           7.679          -3.820         -24.042          340.096
  146 (vir)          313.129         -14.856          -3.730         -24.028          318.571
  147 (vir)          315.175           7.109          -4.086         -24.791          342.988
  148 (vir)          317.117           3.624          -4.717         -25.649          341.673
  149 (vir)          317.356          10.855          -4.028         -24.738          348.921
  150 (vir)          317.954          13.692          -4.147         -24.901          352.400
  151 (vir)          318.231           2.677          -4.302         -25.262          341.868
  152 (vir)          319.828           9.284          -4.157         -25.040          349.996
  153 (vir)          322.137           3.926          -4.074         -24.925          346.914
  154 (vir)          322.347           9.094          -4.228         -25.105          352.319
  155 (vir)          327.473           3.695          -3.552         -23.801          351.418
  156 (vir)          329.275           5.645          -4.734         -25.073          355.258
  157 (vir)          354.183           6.046          -3.274         -23.655          380.610
  158 (vir)          357.587           2.394          -5.012         -26.044          381.014
  159 (vir)          358.858           5.189          -3.642         -24.210          384.616
  160 (vir)          361.704           6.597          -3.195         -23.723          388.828
  161 (vir)          364.077           4.923          -8.917         -30.838          390.921
  162 (vir)          368.138           3.720          -9.026         -30.933          393.766
  163 (vir)          382.930           4.853          -7.311         -29.002          409.475
  164 (vir)          402.931           4.477          -4.013         -25.945          429.339
  165 (vir)          404.706           6.340          -4.217         -26.483          433.312
  166 (vir)         1274.361           1.282         -18.269         -62.348         1319.721
  167 (vir)         1287.641           1.335         -18.157         -62.284         1333.103
  168 (vir)         1293.419           1.383         -18.054         -62.197         1338.945
  169 (vir)         6838.466           0.733         -20.741        -126.460         6944.917
  170 (vir)         6853.663           0.750         -20.697        -126.425         6960.142
  171 (vir)         6860.652           0.754         -20.663        -126.390         6967.133
