 
  kpoint:     0.0000    0.0000    0.0000
 
    n          ϵ_nk^DFT (eV)     Σ^c_nk (eV)     Σ^x_nk (eV)     v_n^xc (eV)   ϵ_nk^G0W0 (eV)
 
    1 (occ)         -659.911           3.993        -150.681         -94.981         -711.619
    2 (occ)          -29.985           7.261         -39.166         -25.226          -36.665
    3 (occ)          -13.409           2.047         -29.746         -21.788          -19.320
    4 (occ)           -9.567           2.815         -31.426         -22.876          -15.301
    5 (occ)           -9.567           2.815         -31.426         -22.876          -15.301
    6 (vir)           -0.403          -0.711          -2.890          -6.538            2.533
    7 (vir)            6.547          -1.363          -4.188          -9.114           10.110
    8 (vir)            7.601          -0.599          -1.694          -5.271           10.579
    9 (vir)            7.920          -0.595          -3.303          -7.484           11.506
   10 (vir)            7.920          -0.595          -3.303          -7.484           11.506
   11 (vir)           13.939          -0.958          -1.423          -6.055           17.613
   12 (vir)           13.939          -0.958          -1.423          -6.055           17.613
   13 (vir)           18.228          -1.666          -3.119          -8.690           22.133
   14 (vir)           24.321          -0.993          -1.341          -5.832           27.820
   15 (vir)           25.671          -2.359          -3.685         -10.494           30.121
   16 (vir)           34.475          -1.904          -4.384         -12.030           40.217
   17 (vir)           34.475          -1.904          -4.384         -12.030           40.217
   18 (vir)           42.113          -3.979          -4.472         -12.925           46.587
   19 (vir)           42.127          -2.973          -4.870         -13.394           47.677
   20 (vir)           42.127          -2.973          -4.870         -13.394           47.677
   21 (vir)           42.617          -3.140          -4.790         -13.310           47.997
   22 (vir)           42.617          -3.140          -4.790         -13.310           47.997
   23 (vir)           54.404          -2.276          -1.299          -8.575           59.405
   24 (vir)           54.404          -2.276          -1.299          -8.575           59.405
   25 (vir)           58.080          -1.969          -1.113          -8.504           63.503
   26 (vir)           58.080          -1.969          -1.113          -8.504           63.503
   27 (vir)           58.707          -2.012          -2.451         -10.633           64.877
   28 (vir)           66.294          -0.835          -1.938          -9.430           72.951
   29 (vir)           73.068          -2.092          -1.509          -9.649           79.116
   30 (vir)           73.068          -2.092          -1.509          -9.649           79.116
   31 (vir)           83.080          -1.193          -3.477         -13.706           92.116
   32 (vir)          100.285          -1.619          -6.333         -19.074          111.407
   33 (vir)          109.425          -0.186          -3.221         -15.840          121.858
   34 (vir)          109.425          -0.186          -3.221         -15.840          121.858
   35 (vir)          116.356          -0.872          -3.312         -15.957          128.129
   36 (vir)          116.357          -0.872          -3.312         -15.956          128.129
   37 (vir)          129.447          -1.403          -6.128         -20.561          142.477
   38 (vir)          129.447          -1.403          -6.128         -20.561          142.477
   39 (vir)          132.241          -1.534          -6.743         -21.669          145.633
   40 (vir)          132.241          -1.534          -6.743         -21.668          145.633
   41 (vir)          137.269          -0.677          -4.701         -18.860          150.751
   42 (vir)          141.429          -1.699          -5.916         -20.840          154.653
   43 (vir)          144.258          -0.562          -3.202         -16.444          156.938
   44 (vir)          144.258          -0.562          -3.202         -16.444          156.938
   45 (vir)          156.618           0.896          -0.777         -10.657          167.393
   46 (vir)          156.618           0.896          -0.777         -10.657          167.393
   47 (vir)          157.891          -0.271          -2.639         -16.137          171.118
   48 (vir)          161.329          -1.798          -8.536         -26.705          177.699
   49 (vir)          161.329          -1.798          -8.536         -26.705          177.699
   50 (vir)          182.641           0.424          -1.199         -12.394          194.259
   51 (vir)          182.642           0.424          -1.199         -12.393          194.259
   52 (vir)          194.382           0.105          -0.984         -11.692          205.194
   53 (vir)          195.032           0.041          -1.392         -13.323          207.004
   54 (vir)          195.032           0.041          -1.392         -13.323          207.004
   55 (vir)          204.456          -1.074          -4.999         -21.314          219.697
   56 (vir)          207.626           0.667          -0.931         -12.816          220.179
   57 (vir)          207.627           0.667          -0.931         -12.815          220.179
   58 (vir)          207.902           0.517          -1.170         -13.016          220.265
   59 (vir)          207.902           0.517          -1.170         -13.016          220.265
   60 (vir)          244.914          -0.427          -2.822         -18.448          260.113
   61 (vir)          250.983          -0.286          -2.462         -17.521          265.757
   62 (vir)          250.983          -0.286          -2.462         -17.521          265.757
   63 (vir)          306.313           0.638          -3.022         -22.077          326.005
   64 (vir)          306.313           0.637          -3.022         -22.077          326.005
   65 (vir)          309.599           1.122          -2.919         -21.873          329.677
   66 (vir)          309.599           1.122          -2.919         -21.873          329.677
   67 (vir)          333.365           0.061          -2.746         -21.709          352.389
   68 (vir)          333.371           0.061          -2.745         -21.703          352.389
   69 (vir)          333.379          -1.059          -4.112         -22.527          350.735
   70 (vir)          353.382          -0.092          -2.899         -22.532          372.924
   71 (vir)          359.542          -0.582          -3.258         -23.224          378.925
   72 (vir)          359.542          -0.582          -3.258         -23.224          378.925
   73 (vir)          391.589           0.569          -4.666         -27.738          415.229
   74 (vir)          391.589           0.569          -4.666         -27.738          415.229
   75 (vir)          397.172          -1.208          -9.212         -33.006          419.758
   76 (vir)          399.016          -0.672          -4.338         -27.157          421.163
   77 (vir)          399.018          -0.672          -4.338         -27.155          421.163
   78 (vir)          412.609          -1.485          -4.094         -26.833          433.863
   79 (vir)          412.609          -1.485          -4.094         -26.833          433.863
   80 (vir)          424.104          -1.349          -5.941         -30.824          447.639
   81 (vir)          424.105          -1.348          -5.941         -30.823          447.640
   82 (vir)          444.633          -1.481          -6.753         -30.617          467.017
   83 (vir)          459.486          -1.158          -4.682         -28.357          482.003
   84 (vir)          459.486          -1.158          -4.682         -28.357          482.003
   85 (vir)          513.199          -1.098          -4.711         -27.972          535.362
   86 (vir)         1469.932          -1.365         -20.165         -67.341         1515.743
   87 (vir)         7740.561          -2.457         -24.249        -138.413         7852.268
