 
  kpoint:     0.0000    0.0000    0.0000
 
    n          ϵ_nk^DFT (eV)     Σ^c_nk (eV)     Σ^x_nk (eV)     v_n^xc (eV)   ϵ_nk^G0W0 (eV)
 
    1 (occ)         -508.936          -2.961        -132.581         -83.740         -560.737
    2 (occ)         -382.181           0.843        -114.620         -72.597         -423.361
    3 (occ)         -381.550           0.206        -114.617         -72.598         -423.364
    4 (occ)         -380.169           0.198        -114.641         -72.592         -422.020
    5 (occ)         -271.938          -2.167         -96.861         -61.525         -309.441
    6 (occ)         -271.618          -1.865         -96.873         -61.531         -308.824
    7 (occ)         -271.041          -1.402         -96.890         -61.542         -307.791
    8 (occ)         -269.564          -0.256         -96.889         -61.550         -305.159
    9 (occ)          -25.938           7.594         -31.563         -20.188          -29.720
   10 (occ)          -24.284           7.031         -30.239         -19.580          -27.912
   11 (occ)          -23.670           6.664         -29.630         -19.350          -27.286
   12 (occ)          -21.763           6.120         -28.936         -19.259          -25.320
   13 (occ)          -19.489           5.536         -26.537         -17.723          -22.766
   14 (occ)          -16.579           3.992         -24.794         -17.440          -19.941
   15 (occ)          -16.202           3.710         -25.031         -17.889          -19.635
   16 (occ)          -14.101           2.926         -22.812         -16.556          -17.431
   17 (occ)          -14.056           2.832         -23.265         -17.101          -17.389
   18 (occ)          -13.084           2.528         -23.640         -17.716          -16.479
   19 (occ)          -12.297           2.338         -22.865         -17.099          -15.726
   20 (occ)          -11.162           3.057         -20.392         -14.922          -13.575
   21 (occ)          -10.978           2.131         -21.732         -16.287          -14.291
   22 (occ)          -10.584           1.853         -21.947         -16.769          -13.909
   23 (occ)           -9.690           3.833         -26.807         -20.056          -12.607
   24 (occ)           -9.381           2.142         -20.439         -15.584          -12.095
   25 (occ)           -8.558           2.126         -20.203         -15.770          -10.864
   26 (occ)           -6.323           2.288         -22.461         -17.358           -9.138
   27 (occ)           -6.260           1.317         -20.502         -16.561           -8.884
   28 (occ)           -5.761           3.032         -25.568         -19.611           -8.686
   29 (occ)           -5.701           0.804         -20.350         -16.974           -8.272
   30 (vir)           -2.026          -2.681          -9.745         -14.714            0.262
   31 (vir)           -0.733          -2.910          -9.264         -14.476            1.569
   32 (vir)           -0.479          -1.559          -2.759          -6.186            1.388
   33 (vir)           -0.168          -1.482          -2.565          -5.875            1.660
   34 (vir)            0.599          -1.460          -2.407          -5.660            2.392
   35 (vir)            1.090          -1.458          -2.425          -5.745            2.951
   36 (vir)            1.644          -1.550          -2.245          -5.616            3.464
   37 (vir)            2.026          -1.720          -2.452          -6.080            3.934
   38 (vir)            2.110          -4.419          -7.764         -14.211            4.138
   39 (vir)            2.402          -1.367          -1.447          -4.478            4.067
   40 (vir)            2.727          -1.749          -2.712          -6.438            4.704
   41 (vir)            3.162          -1.456          -2.141          -5.386            4.951
   42 (vir)            3.469          -1.610          -2.134          -5.594            5.319
   43 (vir)            3.742          -1.348          -1.313          -4.352            5.432
   44 (vir)            3.959          -2.003          -2.417          -6.214            5.754
   45 (vir)            4.015          -1.965          -2.896          -6.849            6.003
   46 (vir)            4.606          -2.098          -2.969          -7.209            6.748
   47 (vir)            4.850          -2.079          -3.554          -7.665            6.882
   48 (vir)            5.180          -2.169          -3.907          -8.052            7.156
   49 (vir)            5.315          -2.480          -4.148          -8.648            7.335
   50 (vir)            5.457          -1.836          -2.069          -5.697            7.249
   51 (vir)            6.023          -2.677          -4.303          -9.233            8.276
   52 (vir)            6.301          -2.415          -3.891          -8.372            8.367
   53 (vir)            6.455          -2.964          -5.108         -10.292            8.676
   54 (vir)            6.651          -2.795          -4.343          -9.260            8.772
   55 (vir)            6.917          -2.466          -3.891          -8.376            8.937
   56 (vir)            7.145          -1.914          -2.611          -6.510            9.131
   57 (vir)            7.349          -1.995          -2.044          -6.007            9.317
   58 (vir)            7.636          -2.224          -2.678          -6.975            9.710
   59 (vir)            8.015          -2.795          -3.976          -8.851           10.095
   60 (vir)            8.211          -2.688          -3.641          -8.495           10.376
   61 (vir)            8.516          -2.394          -2.944          -7.488           10.666
   62 (vir)            8.631          -2.731          -3.625          -8.551           10.825
   63 (vir)            8.864          -2.410          -3.488          -8.184           11.150
   64 (vir)            9.239          -3.036          -4.390          -9.700           11.513
   65 (vir)            9.471          -2.446          -2.745          -7.540           11.820
   66 (vir)            9.744          -2.378          -2.855          -7.389           11.900
   67 (vir)           10.222          -2.258          -2.372          -6.770           12.362
   68 (vir)           10.395          -1.957          -1.894          -5.957           12.502
   69 (vir)           10.584          -1.688          -1.925          -5.606           12.576
   70 (vir)           10.635          -2.028          -2.321          -6.495           12.781
   71 (vir)           11.188          -2.521          -3.096          -7.878           13.449
   72 (vir)           11.681          -1.977          -1.929          -6.064           13.839
   73 (vir)           11.985          -2.399          -2.258          -6.495           13.823
   74 (vir)           12.200          -2.747          -2.958          -7.950           14.445
   75 (vir)           12.584          -2.886          -2.597          -7.288           14.389
   76 (vir)           12.650          -2.910          -3.511          -8.812           15.041
   77 (vir)           13.682          -2.873          -3.020          -8.545           16.333
   78 (vir)           13.991          -3.586          -4.202         -10.320           16.524
   79 (vir)           14.419          -3.096          -3.263          -8.759           16.819
   80 (vir)           14.630          -2.994          -2.615          -8.124           17.145
   81 (vir)           14.797          -3.114          -3.365          -8.922           17.240
   82 (vir)           14.989          -3.364          -3.772          -9.602           17.455
   83 (vir)           15.103          -2.790          -2.563          -7.893           17.643
   84 (vir)           15.399          -3.913          -4.234         -10.552           17.804
   85 (vir)           15.942          -3.115          -3.074          -8.697           18.451
   86 (vir)           16.606          -2.833          -2.379          -7.745           19.139
   87 (vir)           16.911          -2.743          -2.896          -8.286           19.558
   88 (vir)           17.018          -2.741          -2.361          -7.688           19.603
   89 (vir)           17.707          -2.476          -2.189          -7.358           20.399
   90 (vir)           17.926          -3.078          -2.425          -8.038           20.461
   91 (vir)           17.955          -3.238          -2.500          -8.125           20.341
   92 (vir)           18.448          -3.249          -2.749          -8.609           21.058
   93 (vir)           18.756          -3.391          -2.200          -8.120           21.285
   94 (vir)           18.934          -3.592          -2.242          -8.304           21.405
   95 (vir)           19.374          -3.409          -2.597          -8.384           21.753
   96 (vir)           19.636          -3.234          -2.160          -7.840           22.082
   97 (vir)           19.904          -3.625          -2.285          -8.363           22.358
   98 (vir)           20.563          -3.446          -2.335          -8.136           22.918
   99 (vir)           20.715          -3.290          -2.475          -8.219           23.170
  100 (vir)           20.803          -3.173          -2.206          -8.059           23.484
  101 (vir)           21.431          -3.057          -2.307          -7.915           23.981
  102 (vir)           22.010          -3.595          -2.648          -8.613           24.380
  103 (vir)           22.213          -3.949          -3.530          -9.991           24.725
  104 (vir)           22.317          -2.961          -2.037          -7.753           25.073
  105 (vir)           22.537          -3.224          -2.035          -8.059           25.336
  106 (vir)           22.660          -3.247          -2.101          -8.048           25.361
  107 (vir)           23.799          -3.540          -2.656          -8.854           26.458
  108 (vir)           24.083          -2.959          -2.024          -7.646           26.745
  109 (vir)           24.102          -3.184          -1.969          -7.873           26.821
  110 (vir)           24.354          -3.282          -2.234          -8.207           27.045
  111 (vir)           24.504          -3.141          -2.268          -8.160           27.253
  112 (vir)           25.226          -3.546          -2.545          -8.737           27.872
  113 (vir)           25.529          -3.134          -2.282          -8.302           28.414
  114 (vir)           25.667          -3.233          -2.416          -8.595           28.613
  115 (vir)           25.909          -3.295          -2.229          -8.068           28.454
  116 (vir)           26.223          -3.365          -2.341          -8.705           29.221
  117 (vir)           26.685          -3.355          -2.599          -8.797           29.529
  118 (vir)           26.935          -3.609          -2.661          -9.133           29.798
  119 (vir)           27.098          -3.498          -2.445          -8.783           29.939
  120 (vir)           27.444          -3.141          -2.305          -8.589           30.586
  121 (vir)           27.996          -3.077          -1.934          -7.844           30.830
  122 (vir)           28.476          -3.354          -2.893          -9.741           31.970
  123 (vir)           28.672          -3.070          -2.249          -8.387           31.740
  124 (vir)           28.997          -3.740          -3.251         -10.450           32.456
  125 (vir)           29.742          -3.065          -2.403          -8.812           33.086
  126 (vir)           30.030          -3.163          -2.139          -8.258           32.987
  127 (vir)           30.176          -3.452          -2.136          -8.518           33.105
  128 (vir)           30.692          -3.745          -2.813          -9.835           33.969
  129 (vir)           30.760          -3.419          -2.390          -9.129           34.081
  130 (vir)           30.914          -3.601          -2.432          -9.276           34.157
  131 (vir)           31.099          -3.492          -2.179          -8.724           34.152
  132 (vir)           31.979          -2.990          -2.147          -8.560           35.402
  133 (vir)           32.169          -3.578          -2.244          -9.201           35.548
  134 (vir)           33.041          -2.858          -2.129          -8.740           36.795
  135 (vir)           33.672          -3.318          -1.979          -8.348           36.724
  136 (vir)           34.442          -3.289          -2.385          -9.250           38.017
  137 (vir)           35.097          -3.563          -2.014          -8.462           37.982
  138 (vir)           35.956          -3.614          -2.460          -9.438           39.321
  139 (vir)           36.347          -3.819          -2.647          -9.964           39.845
  140 (vir)           36.637          -5.930          -2.720          -9.911           37.898
  141 (vir)           36.780          -3.320          -2.513          -9.465           40.411
  142 (vir)           37.389          -3.477          -2.314          -9.460           41.059
  143 (vir)           37.768          -3.856          -3.461         -11.393           41.844
  144 (vir)           38.026          -3.852          -2.928         -10.493           41.739
  145 (vir)           38.342          -3.421          -2.454          -9.769           42.236
  146 (vir)           39.121          -3.777          -2.563          -9.923           42.704
  147 (vir)           39.657          -3.058          -3.340         -10.987           44.246
  148 (vir)           40.295          -3.493          -2.747         -10.265           44.320
  149 (vir)           40.422          -3.502          -2.832         -10.593           44.680
  150 (vir)           40.564          -3.569          -2.972         -10.598           44.621
  151 (vir)           41.174          -4.004          -2.804         -10.529           44.895
  152 (vir)           41.678          -4.223          -2.796         -10.704           45.362
  153 (vir)           42.835          -4.808          -2.666         -10.628           45.989
  154 (vir)           43.316          -3.899          -2.694         -10.976           47.698
  155 (vir)           43.473          -4.152          -2.595         -10.693           47.419
  156 (vir)           43.951          -3.562          -2.821         -10.918           48.486
  157 (vir)           44.302          -3.906          -2.609         -10.811           48.598
  158 (vir)           45.048          -3.953          -2.884         -11.121           49.331
  159 (vir)           45.364          -3.660          -2.518         -10.642           49.828
  160 (vir)           45.829          -3.442          -2.546         -10.765           50.606
  161 (vir)           46.528          -3.581          -2.396         -10.752           51.304
  162 (vir)           46.883          -3.737          -2.566         -10.950           51.530
  163 (vir)           47.015          -3.939          -2.571         -10.488           50.993
  164 (vir)           47.261          -3.540          -2.310         -10.030           51.440
  165 (vir)           47.792          -4.262          -2.939         -11.536           52.127
  166 (vir)           48.327          -3.487          -2.252         -10.338           52.927
  167 (vir)           48.660          -3.701          -2.576         -11.158           53.541
  168 (vir)           49.036          -5.000          -2.319         -10.599           52.315
  169 (vir)           49.684          -3.858          -2.326         -10.628           54.128
  170 (vir)           49.944          -4.403          -2.225         -10.456           53.772
  171 (vir)           50.332          -4.242          -2.436         -11.034           54.689
  172 (vir)           50.777          -5.221          -2.610         -11.022           53.967
  173 (vir)           51.256          -4.284          -2.589         -10.912           55.294
  174 (vir)           51.634          -3.226          -2.300         -10.515           56.624
  175 (vir)           52.007          -3.782          -2.381         -11.186           57.030
  176 (vir)           52.205          -3.880          -2.316         -10.904           56.914
  177 (vir)           52.331          -4.360          -2.509         -11.259           56.721
  178 (vir)           52.574          -3.602          -2.469         -10.950           57.453
  179 (vir)           53.059          -3.270          -2.338         -10.673           58.125
  180 (vir)           53.439          -3.745          -2.191         -10.760           58.263
  181 (vir)           53.760          -4.228          -2.429         -11.056           58.159
  182 (vir)           54.292          -2.369          -2.345         -10.946           60.524
  183 (vir)           54.800          -4.353          -2.204         -10.688           58.931
  184 (vir)           54.912          -3.708          -2.191         -10.771           59.784
  185 (vir)           55.313          -4.234          -2.397         -11.194           59.877
  186 (vir)           55.890          -3.648          -2.006         -10.308           60.544
  187 (vir)           56.030          -3.630          -2.318         -10.950           61.033
  188 (vir)           56.575          -4.287          -2.092         -10.465           60.661
  189 (vir)           56.838          -3.435          -2.177         -10.868           62.093
  190 (vir)           57.267          -3.668          -2.698         -11.902           62.803
  191 (vir)           57.563          -3.708          -1.998         -10.797           62.654
  192 (vir)           57.956          -3.629          -2.747         -12.075           63.655
  193 (vir)           58.077          -2.654          -2.213         -10.913           64.123
  194 (vir)           59.262          -4.312          -1.844         -10.462           63.567
  195 (vir)           59.421          -3.040          -2.130         -10.784           65.035
  196 (vir)           59.994          -5.809          -2.235         -11.018           62.968
  197 (vir)           60.524          -4.495          -1.975         -10.600           64.653
  198 (vir)           60.768          -3.156          -1.831         -10.429           66.210
  199 (vir)           61.067          -2.990          -1.700         -10.138           66.516
  200 (vir)           61.430          -2.865          -2.137         -10.954           67.382
  201 (vir)           61.926          -3.907          -2.787         -12.009           67.241
  202 (vir)           62.369          -2.882          -2.027         -10.720           68.180
  203 (vir)           62.556          -3.729          -2.050         -10.846           67.623
  204 (vir)           63.074          -4.132          -1.986         -10.728           67.685
  205 (vir)           63.310          -4.490          -2.551         -11.852           68.121
  206 (vir)           63.854          -3.308          -2.097         -10.946           69.395
  207 (vir)           64.390          -2.865          -2.463         -11.932           70.994
  208 (vir)           64.683          -2.500          -2.042         -10.843           70.984
  209 (vir)           64.854          -2.601          -1.914         -10.560           70.898
  210 (vir)           65.320          -2.220          -2.010         -10.848           71.937
  211 (vir)           65.676          -2.493          -2.132         -10.928           71.979
  212 (vir)           65.858          -2.581          -2.345         -11.453           72.385
  213 (vir)           65.990          -1.995          -2.095         -11.061           72.961
  214 (vir)           66.423          -1.853          -2.455         -11.906           74.022
  215 (vir)           66.783           4.085          -2.422         -11.675           80.121
  216 (vir)           67.293          -1.800          -2.406         -11.698           74.785
  217 (vir)           67.465          -2.889          -2.255         -11.357           73.679
  218 (vir)           68.024          -2.547          -2.139         -11.359           74.698
  219 (vir)           68.277          -2.315          -2.094         -11.068           74.935
  220 (vir)           69.280          -3.604          -2.203         -11.365           74.838
  221 (vir)           69.392          -1.607          -2.455         -12.016           77.346
  222 (vir)           69.920          -3.351          -2.419         -11.747           75.897
  223 (vir)           70.202          -2.866          -2.000         -10.710           76.046
  224 (vir)           70.393          -3.741          -2.322         -11.675           76.004
  225 (vir)           70.712          -2.314          -2.151         -11.402           77.648
  226 (vir)           70.757          -1.468          -2.340         -11.684           78.633
  227 (vir)           71.404          -1.726          -2.591         -12.274           79.361
  228 (vir)           71.469          -3.156          -2.635         -12.339           78.017
  229 (vir)           72.245          -3.153          -2.698         -12.343           78.737
  230 (vir)           72.552          -0.688          -2.427         -12.019           81.456
  231 (vir)           72.842          -3.224          -2.028         -11.066           78.655
  232 (vir)           73.244          -1.896          -2.391         -11.899           80.857
  233 (vir)           73.394          -0.717          -2.055         -11.169           81.791
  234 (vir)           74.185          -3.654          -2.579         -12.474           80.426
  235 (vir)           74.379          -5.166          -2.076         -11.271           78.408
  236 (vir)           74.878          -3.147          -2.134         -11.667           81.263
  237 (vir)           75.543          -1.425          -2.314         -11.921           83.725
  238 (vir)           76.132          -3.250          -2.571         -12.802           83.112
  239 (vir)           76.444          -2.221          -2.329         -11.837           83.732
  240 (vir)           76.635          -3.277          -2.484         -12.418           83.293
  241 (vir)           77.269          -3.801          -2.318         -11.931           83.081
  242 (vir)           77.479          -3.050          -2.500         -12.431           84.360
  243 (vir)           78.055          -4.160          -2.101         -11.103           82.898
  244 (vir)           79.518          -2.869          -2.524         -12.870           86.995
  245 (vir)           80.147          -4.054          -2.193         -11.912           85.811
  246 (vir)           80.594          -3.282          -2.540         -12.414           87.186
  247 (vir)           81.197          -3.080          -2.747         -13.658           89.027
  248 (vir)           81.423          -3.328          -2.626         -12.912           88.380
  249 (vir)           81.721          -3.049          -2.417         -12.533           88.788
  250 (vir)           82.041          -3.288          -2.269         -12.153           88.637
  251 (vir)           83.096          -3.466          -2.962         -13.878           90.546
  252 (vir)           83.726          -3.162          -2.719         -13.482           91.328
  253 (vir)           84.593          -2.884          -2.588         -12.947           92.068
  254 (vir)           84.770          -4.960          -2.905         -13.438           90.342
  255 (vir)           85.540          -4.358          -2.886         -13.760           92.057
  256 (vir)           86.105          -3.372          -2.930         -13.785           93.588
  257 (vir)           86.677          -2.376          -2.639         -13.503           95.166
  258 (vir)           87.555          -1.994          -2.641         -13.495           96.415
  259 (vir)           87.781          -2.780          -2.543         -13.333           95.791
  260 (vir)           88.112          -2.827          -2.709         -13.448           96.024
  261 (vir)           88.419          -2.973          -2.719         -13.608           96.336
  262 (vir)           89.412          -2.040          -2.573         -13.386           98.185
  263 (vir)           89.719          -2.586          -2.445         -13.049           97.735
  264 (vir)           89.826          -2.410          -2.539         -13.207           98.083
  265 (vir)           90.554          -2.958          -2.484         -13.347           98.458
  266 (vir)           91.374          -3.645          -2.444         -13.209           98.494
  267 (vir)           91.761          -2.650          -2.625         -13.565          100.050
  268 (vir)           92.083          -1.763          -2.918         -14.008          101.411
  269 (vir)           92.441          -2.418          -2.691         -13.827          101.158
  270 (vir)           92.910          -3.160          -2.570         -13.578          100.757
  271 (vir)           93.361          -4.359          -2.766         -13.757           99.993
  272 (vir)           93.661          -2.212          -2.593         -13.511          102.367
  273 (vir)           94.282          -2.641          -2.895         -14.217          102.964
  274 (vir)           94.657          -4.762          -2.730         -13.926          101.091
  275 (vir)           94.992          -2.965          -2.570         -13.596          103.054
  276 (vir)           95.971          -3.016          -2.829         -14.547          104.674
  277 (vir)           96.319          -3.647          -2.724         -13.815          103.764
  278 (vir)           97.050          -2.534          -2.493         -13.744          105.767
  279 (vir)           97.458          -1.061          -3.096         -14.831          108.132
  280 (vir)           97.904          -2.339          -2.793         -14.188          106.960
  281 (vir)           99.452          -4.124          -2.954         -14.209          106.584
  282 (vir)           99.612          -3.306          -2.988         -14.869          108.187
  283 (vir)          100.177          -0.826          -3.046         -14.720          111.025
  284 (vir)          100.666          -2.449          -2.832         -14.237          109.622
  285 (vir)          101.821          -3.731          -2.932         -14.900          110.058
  286 (vir)          102.726          -4.375          -3.064         -14.859          110.147
  287 (vir)          103.408          -2.152          -2.446         -14.021          112.830
  288 (vir)          104.040          -3.271          -3.177         -15.220          112.812
  289 (vir)          104.575          -3.587          -3.238         -15.441          113.191
  290 (vir)          104.718           4.721          -2.696         -14.334          121.076
  291 (vir)          105.178          -2.090          -2.954         -14.756          114.891
  292 (vir)          106.107          -3.957          -3.664         -15.817          114.302
  293 (vir)          106.877          -3.615          -3.903         -16.610          115.969
  294 (vir)          107.126          -4.658          -3.118         -15.133          114.484
  295 (vir)          107.871          -2.782          -2.744         -14.723          117.069
  296 (vir)          108.061          -3.048          -3.697         -16.263          117.578
  297 (vir)          108.643          -2.724          -3.000         -14.910          117.829
  298 (vir)          109.133          -2.692          -3.261         -15.632          118.813
  299 (vir)          110.034          -3.346          -3.022         -15.233          118.899
  300 (vir)          111.426          -2.740          -3.032         -15.468          121.122
  301 (vir)          111.893          -1.022          -3.572         -16.523          123.822
  302 (vir)          112.597          -4.820          -3.200         -15.501          120.079
  303 (vir)          113.118          -4.067          -3.222         -15.744          121.573
  304 (vir)          114.733          -6.704          -2.954         -15.255          120.330
  305 (vir)          116.140          -2.652          -2.519         -14.635          125.605
  306 (vir)          116.397          -4.091          -3.708         -16.943          125.541
  307 (vir)          116.542          -2.559          -3.944         -17.335          127.373
  308 (vir)          116.932          -3.060          -3.286         -15.847          126.432
  309 (vir)          118.154          -2.949          -3.922         -17.384          128.668
  310 (vir)          119.075          -1.259          -3.124         -15.826          130.518
  311 (vir)          120.563          -2.385          -3.510         -16.707          131.375
  312 (vir)          121.108           2.369          -3.440         -16.592          136.629
  313 (vir)          122.114          -1.722          -2.949         -15.639          133.082
  314 (vir)          122.497           0.893          -2.701         -15.232          135.921
  315 (vir)          123.004          -2.797          -2.962         -15.697          132.943
  316 (vir)          124.266          -1.080          -2.684         -15.061          135.563
  317 (vir)          125.967          -0.181          -3.738         -16.795          138.844
  318 (vir)          127.518           2.371          -2.891         -15.763          142.761
  319 (vir)          128.426          -3.444          -3.013         -16.170          138.139
  320 (vir)          128.690          -3.148          -3.707         -16.687          138.523
  321 (vir)          130.120           0.705          -2.365         -15.097          143.557
  322 (vir)          130.945         -10.834          -2.705         -15.766          133.171
  323 (vir)          131.280          -2.180          -2.386         -15.292          142.005
  324 (vir)          131.696           0.194          -2.955         -16.207          145.141
  325 (vir)          132.243           0.476          -3.285         -16.657          146.092
  326 (vir)          133.041          -1.774          -2.868         -15.980          144.379
  327 (vir)          133.494          -3.554          -2.270         -15.016          142.686
  328 (vir)          134.572          -2.745          -3.138         -16.808          145.497
  329 (vir)          135.504           2.365          -3.498         -17.386          151.756
  330 (vir)          135.990          -2.145          -4.265         -18.912          148.492
  331 (vir)          136.541          -0.223          -2.896         -16.229          149.651
  332 (vir)          137.594          -1.610          -2.770         -16.020          149.235
  333 (vir)          140.151          -2.423          -1.896         -14.493          150.325
  334 (vir)          140.449          -0.299          -2.949         -16.619          153.820
  335 (vir)          141.488           5.929          -2.887         -16.398          160.928
  336 (vir)          142.582          -2.340          -1.848         -14.439          152.833
  337 (vir)          142.664           0.066          -2.555         -15.984          156.159
  338 (vir)          143.449          -3.066          -2.984         -16.894          154.293
  339 (vir)          144.166          -4.562          -1.949         -14.762          152.418
  340 (vir)          144.474          -1.415          -2.312         -15.330          156.077
  341 (vir)          145.171          -0.194          -1.979         -14.683          157.680
  342 (vir)          145.411           1.818          -2.961         -16.836          161.104
  343 (vir)          145.528          -0.960          -1.873         -14.557          157.252
  344 (vir)          145.927          -0.683          -1.974         -14.879          158.147
  345 (vir)          146.846          -0.496          -2.605         -15.970          159.715
  346 (vir)          147.449          -0.750          -2.639         -16.251          160.311
  347 (vir)          148.591          -4.028          -1.772         -14.462          157.253
  348 (vir)          149.128         -14.970          -2.305         -15.371          147.224
  349 (vir)          149.325          -2.877          -1.816         -14.593          159.224
  350 (vir)          150.439           0.053          -2.160         -15.338          163.671
  351 (vir)          150.766          -2.708          -1.933         -14.886          161.011
  352 (vir)          151.890          -0.494          -3.130         -17.226          165.491
  353 (vir)          152.900           1.827          -2.205         -15.282          167.805
  354 (vir)          153.343          -2.991          -1.591         -13.960          162.721
  355 (vir)          153.858          -3.138          -1.826         -14.606          163.501
  356 (vir)          154.674          -3.589          -1.862         -14.923          164.145
  357 (vir)          154.946           2.803          -2.632         -16.266          171.383
  358 (vir)          155.749          -2.539          -1.551         -13.645          165.304
  359 (vir)          156.070          -4.084          -1.738         -14.081          164.329
  360 (vir)          156.292          -2.422          -1.758         -14.058          166.170
  361 (vir)          156.851           1.777          -2.338         -15.170          171.460
  362 (vir)          157.506          -1.652          -1.783         -14.514          168.585
  363 (vir)          157.926           0.644          -1.751         -14.173          170.991
  364 (vir)          158.193          -3.444          -1.992         -15.084          167.842
  365 (vir)          158.782          -1.889          -1.738         -14.185          169.340
  366 (vir)          159.673           1.425          -1.885         -14.827          174.041
  367 (vir)          160.817          -3.779          -2.213         -15.515          170.340
  368 (vir)          161.113          -2.486          -1.862         -14.871          171.635
  369 (vir)          161.375         -12.549          -2.451         -15.818          162.194
  370 (vir)          162.047           3.162          -2.035         -14.986          178.160
  371 (vir)          162.433          -6.299          -1.957         -14.904          169.080
  372 (vir)          162.799           0.140          -2.019         -15.497          176.418
  373 (vir)          163.236           0.208          -2.138         -15.441          176.746
  374 (vir)          163.889          -8.001          -2.158         -15.463          169.194
  375 (vir)          163.940          -0.784          -1.683         -14.563          176.037
  376 (vir)          164.882          -3.157          -1.645         -14.398          174.478
  377 (vir)          164.958           4.138          -1.830         -14.791          182.056
  378 (vir)          165.476          -1.625          -1.883         -14.971          176.938
  379 (vir)          165.704          -0.999          -1.877         -15.071          177.900
  380 (vir)          166.676          -0.891          -1.942         -15.131          178.973
  381 (vir)          166.796          -1.028          -2.024         -15.307          179.051
  382 (vir)          166.852          -3.096          -2.013         -15.306          177.049
  383 (vir)          167.505           1.630          -1.684         -14.637          182.089
  384 (vir)          168.223          -1.505          -1.812         -15.070          179.975
  385 (vir)          168.451           0.071          -2.059         -15.393          181.856
  386 (vir)          168.720           3.241          -1.749         -14.802          185.013
  387 (vir)          169.221          -2.056          -1.980         -15.363          180.548
  388 (vir)          169.317          -2.278          -1.977         -15.413          180.475
  389 (vir)          170.395           2.090          -1.921         -14.919          185.482
  390 (vir)          171.786         -10.975          -2.016         -15.899          174.694
  391 (vir)          171.882           0.334          -2.189         -16.045          186.071
  392 (vir)          172.456          -1.298          -1.928         -15.298          184.527
  393 (vir)          172.732          -3.729          -2.078         -15.771          182.695
  394 (vir)          173.817          -4.495          -1.916         -15.563          182.970
  395 (vir)          174.115           3.077          -1.975         -15.596          190.811
  396 (vir)          175.088          -4.851          -1.882         -15.222          183.577
  397 (vir)          175.786           2.981          -2.330         -16.445          192.881
  398 (vir)          176.881          -3.308          -1.907         -15.792          187.458
  399 (vir)          177.560          -4.477          -2.011         -15.849          186.922
  400 (vir)          178.003          -2.655          -2.154         -16.120          189.313
  401 (vir)          178.477          -8.203          -1.853         -15.347          183.768
  402 (vir)          179.542          -0.816          -2.017         -16.051          192.759
  403 (vir)          179.611           3.148          -2.139         -15.812          196.432
  404 (vir)          179.958          -0.280          -2.210         -16.232          193.700
  405 (vir)          180.827          -0.163          -2.103         -15.977          194.538
  406 (vir)          181.318          -5.127          -2.014         -15.955          190.133
  407 (vir)          181.878          -2.970          -2.059         -15.795          192.644
  408 (vir)          182.522          -2.830          -1.888         -15.562          193.366
  409 (vir)          183.448          -1.941          -2.095         -15.912          195.325
  410 (vir)          184.997           1.072          -2.208         -16.321          200.182
  411 (vir)          185.502           0.326          -2.035         -15.689          199.482
  412 (vir)          186.095           1.558          -2.542         -16.856          201.967
  413 (vir)          186.487          -2.437          -2.080         -15.915          197.885
  414 (vir)          186.995           3.157          -1.971         -16.118          204.299
  415 (vir)          187.121           2.633          -2.242         -16.425          203.937
  416 (vir)          187.506          -2.984          -1.770         -15.350          198.102
  417 (vir)          188.121          -1.780          -1.954         -15.877          200.263
  418 (vir)          189.080          -4.813          -1.961         -15.481          197.787
  419 (vir)          189.720           2.186          -2.182         -16.149          205.874
  420 (vir)          189.965          -4.952          -1.824         -15.500          198.689
  421 (vir)          190.826           6.347          -2.144         -16.226          211.255
  422 (vir)          191.164           2.441          -1.567         -14.861          206.900
  423 (vir)          191.623           2.975          -2.299         -16.751          209.051
  424 (vir)          192.728          -5.814          -1.874         -14.890          199.930
  425 (vir)          192.972           0.937          -2.536         -16.593          207.966
  426 (vir)          193.524           3.314          -1.825         -15.727          210.739
  427 (vir)          193.923           1.895          -2.866         -16.739          209.691
  428 (vir)          194.592           1.697          -2.189         -15.689          209.789
  429 (vir)          196.104           1.033          -1.732         -14.647          210.052
  430 (vir)          196.605          -0.583          -1.765         -15.200          209.458
  431 (vir)          197.037           1.538          -1.478         -14.328          211.425
  432 (vir)          197.464           0.367          -2.381         -15.886          211.336
  433 (vir)          198.969           1.405          -1.874         -15.305          213.804
  434 (vir)          199.534          -0.755          -1.401         -13.871          211.249
  435 (vir)          200.295           0.822          -2.394         -16.515          215.238
  436 (vir)          200.623           1.593          -1.492         -14.185          214.908
  437 (vir)          200.984          -0.106          -1.411         -14.427          213.894
  438 (vir)          201.646           0.345          -1.618         -14.631          215.003
  439 (vir)          202.073          -3.652          -1.385         -14.274          211.310
  440 (vir)          202.651           1.442          -1.906         -15.523          217.709
  441 (vir)          203.868          -1.191          -1.857         -15.700          216.520
  442 (vir)          204.011           4.368          -2.250         -16.217          222.346
  443 (vir)          204.928           1.747          -1.444         -13.840          219.071
  444 (vir)          205.406          -1.313          -1.993         -15.743          217.843
  445 (vir)          206.710           1.323          -1.874         -15.246          221.405
  446 (vir)          206.832           2.104          -1.915         -15.810          222.832
  447 (vir)          207.558           1.185          -1.825         -15.363          222.281
  448 (vir)          208.164           0.862          -1.689         -15.037          222.374
  449 (vir)          208.692          -0.144          -1.802         -15.385          222.130
  450 (vir)          209.356          -0.037          -1.369         -14.608          222.557
  451 (vir)          210.158           1.073          -1.556         -14.856          224.532
  452 (vir)          210.430          -0.528          -1.274         -13.895          222.524
  453 (vir)          210.962           1.116          -1.651         -14.879          225.306
  454 (vir)          211.976           2.263          -1.388         -14.271          227.123
  455 (vir)          212.314          -1.377          -1.374         -14.203          223.766
  456 (vir)          212.635           1.995          -2.039         -16.049          228.641
  457 (vir)          213.063          -5.794          -1.395         -14.551          220.425
  458 (vir)          213.796           0.318          -1.534         -14.824          227.403
  459 (vir)          214.165           3.397          -1.610         -15.203          231.155
  460 (vir)          214.738           7.444          -2.248         -16.788          236.722
  461 (vir)          215.279           1.796          -1.452         -14.568          230.190
  462 (vir)          215.529           1.979          -1.614         -15.576          231.471
  463 (vir)          216.517           5.715          -1.875         -15.601          235.957
  464 (vir)          217.292          -2.776          -1.859         -16.137          228.794
  465 (vir)          217.391           0.666          -1.919         -16.334          232.471
  466 (vir)          217.819          -0.148          -1.795         -15.737          231.613
  467 (vir)          218.314           0.700          -1.781         -15.813          233.046
  468 (vir)          218.632           0.495          -1.472         -15.243          232.898
  469 (vir)          219.640           2.479          -1.601         -15.301          235.819
  470 (vir)          220.059           2.597          -1.695         -15.993          236.954
  471 (vir)          220.368           3.152          -1.945         -16.060          237.634
  472 (vir)          220.841           8.223          -1.371         -14.494          242.187
  473 (vir)          221.132           0.519          -1.569         -15.239          235.321
  474 (vir)          221.600          -2.821          -1.607         -15.273          232.445
  475 (vir)          222.238          -2.027          -1.728         -15.783          234.267
  476 (vir)          222.434           1.517          -1.590         -15.638          237.999
  477 (vir)          222.712           0.203          -1.816         -16.122          237.221
  478 (vir)          223.915           0.257          -1.561         -15.325          237.937
  479 (vir)          224.082           1.476          -1.566         -15.182          239.173
  480 (vir)          224.602          -5.620          -1.712         -15.846          233.115
  481 (vir)          225.562           0.998          -1.495         -15.276          240.340
  482 (vir)          225.886           3.259          -2.241         -16.993          243.897
  483 (vir)          226.927           1.635          -1.687         -15.828          242.704
  484 (vir)          227.443           5.524          -1.508         -15.583          247.042
  485 (vir)          227.697           1.307          -1.788         -15.956          243.171
  486 (vir)          228.981          -0.271          -2.097         -16.826          243.441
  487 (vir)          229.201          -9.588          -1.356         -14.753          233.010
  488 (vir)          229.874           2.967          -1.653         -16.192          247.380
  489 (vir)          230.139           1.613          -2.049         -16.808          246.511
  490 (vir)          231.187           1.886          -2.060         -17.292          248.306
  491 (vir)          231.215           0.946          -2.243         -17.234          247.152
  492 (vir)          231.840           3.031          -1.875         -16.603          249.599
  493 (vir)          233.193           4.149          -2.140         -16.946          252.148
  494 (vir)          233.444           2.173          -2.132         -17.132          250.617
  495 (vir)          234.885           5.760          -1.969         -16.796          255.472
  496 (vir)          235.748           1.682          -1.661         -15.896          251.665
  497 (vir)          236.682           0.859          -1.452         -15.372          251.460
  498 (vir)          237.611           2.240          -2.545         -18.224          255.530
  499 (vir)          238.377           3.339          -2.105         -17.076          256.687
  500 (vir)          238.949           1.512          -2.304         -18.354          256.512
  501 (vir)          239.111           4.338          -2.366         -18.851          259.935
  502 (vir)          240.026           7.603          -2.192         -18.173          263.610
  503 (vir)          240.591          -1.210          -2.181         -17.720          254.921
  504 (vir)          241.185           3.897          -2.224         -18.296          261.153
  505 (vir)          241.956           5.258          -2.021         -17.210          262.402
  506 (vir)          242.873           5.284          -1.767         -16.798          263.189
  507 (vir)          243.276           5.451          -1.820         -16.834          263.740
  508 (vir)          244.781           5.151          -2.057         -17.863          265.738
  509 (vir)          245.394           3.904          -1.979         -17.484          264.803
  510 (vir)          245.638           5.007          -2.137         -18.133          266.642
  511 (vir)          245.869           5.985          -2.114         -17.804          267.544
  512 (vir)          246.276           4.221          -2.241         -18.468          266.724
  513 (vir)          246.681           5.062          -2.341         -18.842          268.244
  514 (vir)          247.368           3.257          -1.881         -16.976          265.721
  515 (vir)          247.891           6.802          -2.119         -18.264          270.837
  516 (vir)          248.453           4.119          -2.208         -18.106          268.471
  517 (vir)          250.285           6.231          -2.060         -18.027          272.483
  518 (vir)          250.585           5.498          -2.072         -17.684          271.695
  519 (vir)          251.429           5.373          -2.145         -17.854          272.512
  520 (vir)          252.595          -2.440          -2.227         -17.689          265.617
  521 (vir)          253.890           1.839          -3.785         -21.324          273.268
  522 (vir)          254.318           5.085          -2.347         -19.008          276.064
  523 (vir)          256.737           4.591          -2.317         -18.385          277.395
  524 (vir)          257.679           8.352          -2.664         -19.291          282.657
  525 (vir)          258.031           5.010          -2.267         -18.049          278.822
  526 (vir)          258.754           6.599          -2.258         -18.153          281.248
  527 (vir)          259.829          -2.870          -2.563         -18.705          273.102
  528 (vir)          260.731         -11.593          -2.711         -19.346          265.773
  529 (vir)          261.601           2.905          -1.168         -15.197          278.535
  530 (vir)          262.068           2.981          -2.224         -18.580          281.405
  531 (vir)          262.849           1.456          -2.721         -18.892          280.475
  532 (vir)          263.885           6.143          -2.464         -19.393          286.956
  533 (vir)          264.344          -5.486          -2.169         -18.288          274.976
  534 (vir)          265.717           3.751          -2.522         -19.351          286.296
  535 (vir)          266.344           3.126          -2.604         -19.027          285.893
  536 (vir)          266.910           4.225          -2.312         -18.612          287.436
  537 (vir)          267.675           5.076          -2.593         -19.054          289.212
  538 (vir)          268.722           3.009          -2.703         -19.408          288.436
  539 (vir)          268.906           3.812          -2.278         -18.225          288.664
  540 (vir)          270.468           2.584          -1.565         -16.399          287.886
  541 (vir)          271.170           2.082          -2.022         -17.881          289.110
  542 (vir)          273.614           2.465          -2.601         -19.387          292.866
  543 (vir)          273.877          -0.372          -2.399         -19.551          290.657
  544 (vir)          276.009           8.830          -2.724         -20.101          302.216
  545 (vir)          276.438           8.892          -2.166         -18.340          301.503
  546 (vir)          278.246           8.036          -2.568         -19.852          303.565
  547 (vir)          278.459           3.764          -3.102         -20.388          299.508
  548 (vir)          279.087           6.425          -2.685         -20.450          303.277
  549 (vir)          281.029           2.647          -3.333         -20.316          300.659
  550 (vir)          282.935           3.328          -3.714         -20.959          303.508
  551 (vir)          284.919           2.232          -2.818         -20.060          304.392
  552 (vir)          285.784           6.651          -2.592         -20.184          310.027
  553 (vir)          288.810           2.665          -2.904         -19.744          308.315
  554 (vir)          290.888           4.330          -3.791         -21.311          312.738
  555 (vir)          292.132           3.348          -2.690         -20.012          312.802
  556 (vir)          296.875           9.017          -3.510         -23.166          325.548
  557 (vir)          296.891           3.045          -3.140         -20.735          317.531
  558 (vir)          297.633           7.957          -3.519         -22.824          324.895
  559 (vir)          299.800           5.011          -2.481         -19.218          321.547
  560 (vir)          307.338          -6.112          -2.492         -19.832          318.566
  561 (vir)          308.055           9.010          -3.236         -22.684          336.513
  562 (vir)          308.427          -1.096          -2.543         -19.906          324.694
  563 (vir)          309.455           3.734          -3.318         -20.963          330.835
  564 (vir)          310.785           3.540          -3.390         -21.004          331.940
  565 (vir)          311.754           3.118          -2.933         -20.745          332.684
  566 (vir)          311.858           3.388          -2.055         -18.553          331.744
  567 (vir)          313.662           7.667          -2.369         -19.672          338.632
  568 (vir)          314.410          -9.596          -1.828         -18.093          321.079
  569 (vir)          315.045           6.011          -3.331         -22.152          339.877
  570 (vir)          316.740           3.378          -3.557         -22.005          338.565
  571 (vir)          318.836           9.117          -3.060         -22.489          347.382
  572 (vir)          319.290           3.553          -3.341         -21.903          341.405
  573 (vir)          320.410           2.080          -3.418         -21.748          340.819
  574 (vir)          321.462           3.189          -3.608         -22.515          343.559
  575 (vir)          321.950           2.882          -2.898         -21.027          342.961
  576 (vir)          326.562           4.587          -4.405         -25.669          352.413
  577 (vir)          326.745           4.712          -3.815         -23.188          350.830
  578 (vir)          327.154           3.089          -2.089         -18.924          347.079
  579 (vir)          328.839           3.841          -3.737         -23.458          352.401
  580 (vir)          330.264           7.372          -2.781         -20.887          355.742
  581 (vir)          332.702           5.818          -2.977         -21.625          357.169
  582 (vir)          336.703           2.677          -2.580         -19.381          356.181
  583 (vir)          349.508           2.434          -2.308         -18.633          368.267
  584 (vir)          352.946         -17.549          -3.704         -24.609          356.302
  585 (vir)          363.406           0.198          -3.705         -24.599          384.498
  586 (vir)          379.920           3.302          -9.647         -31.963          405.538
  587 (vir)          387.580           3.455          -4.643         -26.480          412.873
  588 (vir)          391.984           0.823          -2.458         -19.778          410.126
  589 (vir)          401.832           2.240          -3.313         -21.419          422.178
  590 (vir)          406.930           2.771          -3.679         -22.044          428.066
  591 (vir)          758.181           0.995         -12.939         -46.194          792.430
  592 (vir)          763.634           1.011         -12.844         -46.097          797.898
  593 (vir)          769.201           0.747         -12.775         -46.051          803.224
  594 (vir)          784.943           0.513         -12.541         -45.825          818.739
  595 (vir)         1017.652           1.372         -15.408         -54.211         1057.826
  596 (vir)         1026.385           1.404         -15.230         -54.041         1066.600
  597 (vir)         1033.255           1.390         -15.119         -53.903         1073.428
  598 (vir)         1301.991           1.258         -18.025         -62.285         1347.508
  599 (vir)         3988.751           1.312         -14.770         -94.554         4069.847
  600 (vir)         3993.174           1.329         -14.747         -94.531         4074.285
  601 (vir)         3999.281           1.337         -14.725         -94.513         4080.407
  602 (vir)         4015.272           1.353         -14.659         -94.458         4096.424
  603 (vir)         5342.169           0.983         -17.620        -110.447         5435.980
  604 (vir)         5351.485           0.987         -17.554        -110.384         5445.303
  605 (vir)         5358.212           0.989         -17.525        -110.357         5452.032
  606 (vir)         6869.555           0.361         -20.613        -126.350         6975.654
