 
  kpoint:     0.0000    0.0000    0.0000
 
    n          ϵ_nk^DFT (eV)     Σ^c_nk (eV)     Σ^x_nk (eV)     v_n^xc (eV)   ϵ_nk^G0W0 (eV)
 
    1 (occ)         -268.402           3.274         -96.876         -61.547         -300.456
    2 (occ)          -17.072           4.203         -24.142         -15.691          -21.320
    3 (occ)           -9.455           0.756         -19.286         -14.073          -13.912
    4 (occ)           -9.454           0.755         -19.286         -14.073          -13.912
    5 (occ)           -9.454           0.755         -19.286         -14.073          -13.912
    6 (vir)            0.340          -0.783          -1.598          -4.480            2.438
    7 (vir)            2.300          -0.912          -1.861          -5.056            4.583
    8 (vir)            2.300          -0.912          -1.861          -5.056            4.583
    9 (vir)            2.301          -0.912          -1.861          -5.056            4.583
   10 (vir)            3.074          -0.672          -1.230          -4.097            5.269
   11 (vir)            3.074          -0.672          -1.230          -4.097            5.269
   12 (vir)            3.074          -0.672          -1.230          -4.097            5.269
   13 (vir)            8.364          -1.861          -3.201          -7.848           11.149
   14 (vir)            8.364          -1.861          -3.201          -7.848           11.149
   15 (vir)            8.364          -1.861          -3.201          -7.848           11.150
   16 (vir)            9.005          -1.785          -3.020          -7.395           11.596
   17 (vir)            9.663          -1.781          -2.637          -7.716           12.961
   18 (vir)            9.663          -1.781          -2.637          -7.716           12.961
   19 (vir)           10.868          -1.668          -1.280          -5.463           13.383
   20 (vir)           16.564          -2.232          -2.231          -7.355           19.456
   21 (vir)           16.564          -2.232          -2.231          -7.355           19.456
   22 (vir)           16.564          -2.232          -2.231          -7.355           19.457
   23 (vir)           17.518          -2.220          -1.079          -6.151           20.371
   24 (vir)           17.518          -2.220          -1.079          -6.151           20.371
   25 (vir)           17.518          -2.220          -1.079          -6.151           20.371
   26 (vir)           18.938          -2.341          -1.351          -6.559           21.806
   27 (vir)           18.938          -2.341          -1.351          -6.559           21.806
   28 (vir)           18.939          -2.341          -1.351          -6.559           21.806
   29 (vir)           24.308          -2.652          -1.633          -6.907           26.930
   30 (vir)           24.308          -2.652          -1.633          -6.907           26.930
   31 (vir)           24.309          -2.652          -1.633          -6.907           26.931
   32 (vir)           26.466          -2.688          -1.298          -6.348           28.828
   33 (vir)           27.536          -2.788          -0.998          -6.422           30.171
   34 (vir)           27.536          -2.788          -0.998          -6.422           30.171
   35 (vir)           27.537          -2.788          -0.998          -6.421           30.172
   36 (vir)           28.010          -2.056          -0.817          -5.779           30.916
   37 (vir)           28.011          -2.056          -0.817          -5.779           30.916
   38 (vir)           29.333          -4.482          -3.341         -10.848           32.358
   39 (vir)           37.781          -1.739          -1.347          -7.276           41.971
   40 (vir)           37.782          -1.739          -1.347          -7.276           41.972
   41 (vir)           37.783          -1.739          -1.347          -7.276           41.973
   42 (vir)           43.797          -2.049          -2.949         -11.442           50.240
   43 (vir)           43.797          -2.049          -2.949         -11.441           50.240
   44 (vir)           47.722          -1.294          -1.791          -9.674           54.311
   45 (vir)           47.722          -1.294          -1.791          -9.674           54.312
   46 (vir)           47.722          -1.294          -1.791          -9.674           54.312
   47 (vir)           49.056          -0.762          -2.330         -10.836           56.801
   48 (vir)           49.056          -0.762          -2.330         -10.836           56.801
   49 (vir)           49.056          -0.762          -2.330         -10.836           56.801
   50 (vir)           52.977           0.110          -2.378         -10.603           61.312
   51 (vir)           55.305          -1.472          -2.433         -11.448           62.849
   52 (vir)           55.306          -1.472          -2.433         -11.448           62.849
   53 (vir)           55.306          -1.472          -2.433         -11.448           62.850
   54 (vir)           56.263           0.224          -1.077          -8.924           64.333
   55 (vir)           56.263           0.224          -1.077          -8.924           64.334
   56 (vir)           56.264           0.224          -1.077          -8.924           64.334
   57 (vir)           60.078           0.176          -0.878          -8.389           67.765
   58 (vir)           60.079           0.176          -0.878          -8.389           67.766
   59 (vir)           65.755           0.461          -1.593          -9.673           74.296
   60 (vir)           66.881           0.113          -1.103          -9.150           75.040
   61 (vir)           66.881           0.113          -1.103          -9.150           75.040
   62 (vir)           67.122          -0.235          -1.623          -9.996           75.261
   63 (vir)           67.123          -0.235          -1.623          -9.997           75.261
   64 (vir)           67.124          -0.235          -1.623          -9.997           75.262
   65 (vir)           72.627           0.167          -1.022          -8.974           80.746
   66 (vir)           72.628           0.168          -1.022          -8.974           80.747
   67 (vir)           72.628           0.168          -1.022          -8.973           80.747
   68 (vir)           76.664           0.271          -0.856          -8.882           84.962
   69 (vir)           76.665           0.271          -0.856          -8.882           84.962
   70 (vir)           76.666           0.271          -0.856          -8.882           84.964
   71 (vir)           78.886          -0.034          -1.567         -10.619           87.904
   72 (vir)           79.927           0.486          -0.694          -8.432           88.151
   73 (vir)           79.928           0.486          -0.694          -8.432           88.152
   74 (vir)           79.928           0.486          -0.694          -8.433           88.153
   75 (vir)           83.162          -0.222          -2.567         -13.131           93.503
   76 (vir)           83.163          -0.222          -2.567         -13.131           93.504
   77 (vir)           83.164          -0.222          -2.567         -13.131           93.506
   78 (vir)           85.459           0.398          -1.049          -9.656           94.465
   79 (vir)           85.461           0.398          -1.049          -9.656           94.467
   80 (vir)           85.462           0.398          -1.049          -9.657           94.467
   81 (vir)           91.056           0.417          -2.082         -11.554          100.945
   82 (vir)           99.959           0.461          -2.203         -12.878          111.095
   83 (vir)           99.959           0.461          -2.203         -12.878          111.095
   84 (vir)           99.961           0.461          -2.203         -12.878          111.096
   85 (vir)          102.398          -0.061          -1.485         -11.570          112.422
   86 (vir)          102.398          -0.061          -1.485         -11.570          112.423
   87 (vir)          108.257          -0.157          -1.957         -13.408          119.551
   88 (vir)          108.257          -0.157          -1.957         -13.408          119.551
   89 (vir)          108.258          -0.157          -1.957         -13.408          119.552
   90 (vir)          140.251           0.198          -1.557         -13.866          152.758
   91 (vir)          140.252           0.198          -1.557         -13.867          152.759
   92 (vir)          143.474          -0.072          -1.661         -14.078          155.818
   93 (vir)          143.474          -0.072          -1.661         -14.078          155.818
   94 (vir)          143.474          -0.072          -1.661         -14.078          155.819
   95 (vir)          149.310           0.023          -1.765         -15.033          162.600
   96 (vir)          152.316           0.002          -1.630         -14.127          164.815
   97 (vir)          152.317           0.002          -1.630         -14.127          164.816
   98 (vir)          152.317           0.002          -1.630         -14.127          164.817
   99 (vir)          157.764           0.262          -1.484         -13.381          169.923
  100 (vir)          157.765           0.262          -1.484         -13.381          169.924
  101 (vir)          157.766           0.262          -1.484         -13.381          169.925
  102 (vir)          158.441           1.328          -0.694         -11.152          170.227
  103 (vir)          161.117           0.513          -1.004         -12.302          172.928
  104 (vir)          161.117           0.512          -1.004         -12.302          172.928
  105 (vir)          161.118           0.513          -1.003         -12.301          172.929
  106 (vir)          163.907           0.441          -1.225         -13.166          176.288
  107 (vir)          163.908           0.441          -1.225         -13.166          176.289
  108 (vir)          163.909           0.440          -1.225         -13.168          176.292
  109 (vir)          168.097           0.168          -1.072         -12.571          179.765
  110 (vir)          169.580           0.150          -1.431         -13.858          182.156
  111 (vir)          169.580           0.150          -1.431         -13.858          182.157
  112 (vir)          169.585           0.150          -1.431         -13.858          182.161
  113 (vir)          174.427          -1.099          -2.176         -15.000          186.152
  114 (vir)          175.446           0.212          -1.510         -14.199          188.348
  115 (vir)          175.447           0.212          -1.510         -14.200          188.349
  116 (vir)          175.449           0.212          -1.510         -14.199          188.351
  117 (vir)          177.418          -0.134          -1.739         -15.178          190.723
  118 (vir)          177.418          -0.134          -1.739         -15.178          190.723
  119 (vir)          185.396           0.990          -2.689         -16.028          199.725
  120 (vir)          194.252           0.606          -0.883         -12.638          206.613
  121 (vir)          194.253           0.606          -0.883         -12.638          206.614
  122 (vir)          194.254           0.606          -0.883         -12.638          206.615
  123 (vir)          195.053           0.251          -1.278         -14.073          208.099
  124 (vir)          195.054           0.251          -1.278         -14.073          208.100
  125 (vir)          196.742           0.502          -1.189         -14.142          210.196
  126 (vir)          196.742           0.502          -1.190         -14.142          210.196
  127 (vir)          196.743           0.503          -1.189         -14.142          210.198
  128 (vir)          203.271           0.470          -1.030         -13.384          216.095
  129 (vir)          203.273           0.470          -1.030         -13.384          216.097
  130 (vir)          203.273           0.470          -1.030         -13.384          216.097
  131 (vir)          206.186           0.481          -0.751         -11.985          217.901
  132 (vir)          206.187           0.481          -0.751         -11.985          217.901
  133 (vir)          206.548           0.701          -0.872         -12.934          219.311
  134 (vir)          206.551           0.701          -0.872         -12.934          219.314
  135 (vir)          206.551           0.701          -0.872         -12.934          219.314
  136 (vir)          209.880           0.481          -0.745         -12.040          221.656
  137 (vir)          209.883           0.481          -0.745         -12.040          221.659
  138 (vir)          209.884           0.481          -0.745         -12.040          221.660
  139 (vir)          215.228           1.301          -4.175         -19.116          231.471
  140 (vir)          220.960           0.277          -0.506         -10.948          231.679
  141 (vir)          222.919           0.011          -0.937         -13.492          235.485
  142 (vir)          222.920           0.010          -0.937         -13.492          235.485
  143 (vir)          223.226           0.150          -1.750         -15.869          237.494
  144 (vir)          223.226           0.150          -1.750         -15.869          237.495
  145 (vir)          223.228           0.150          -1.750         -15.869          237.497
  146 (vir)          225.187           0.594          -0.867         -13.305          238.219
  147 (vir)          225.187           0.595          -0.867         -13.305          238.221
  148 (vir)          225.188           0.595          -0.867         -13.306          238.222
  149 (vir)          226.133           0.318          -0.738         -12.651          238.364
  150 (vir)          226.134           0.328          -0.738         -12.651          238.374
  151 (vir)          226.134           0.322          -0.738         -12.651          238.368
  152 (vir)          235.592           0.336          -1.367         -14.642          249.203
  153 (vir)          235.592           0.336          -1.366         -14.641          249.204
  154 (vir)          235.597           0.336          -1.367         -14.642          249.208
  155 (vir)          241.167           0.589          -0.838         -13.310          254.228
  156 (vir)          241.168           0.590          -0.838         -13.310          254.230
  157 (vir)          241.170           0.590          -0.838         -13.310          254.231
  158 (vir)          253.389          -0.670          -0.895         -13.986          265.810
  159 (vir)          253.392          -0.669          -0.895         -13.986          265.814
  160 (vir)          258.962           0.230          -1.466         -16.207          273.933
  161 (vir)          258.964           0.230          -1.466         -16.207          273.935
  162 (vir)          258.966           0.231          -1.466         -16.207          273.938
  163 (vir)          263.874           0.809          -0.859         -13.962          277.786
  164 (vir)          263.875           0.808          -0.859         -13.962          277.785
  165 (vir)          270.004           0.308          -1.466         -15.507          284.353
  166 (vir)          270.007           0.309          -1.466         -15.506          284.356
  167 (vir)          270.007           0.309          -1.466         -15.507          284.356
  168 (vir)          271.302           1.262          -1.461         -16.694          287.798
  169 (vir)          282.957           0.121          -1.101         -15.532          297.509
  170 (vir)          282.961           0.121          -1.101         -15.533          297.514
  171 (vir)          282.962           0.121          -1.101         -15.533          297.514
  172 (vir)          311.541           0.241          -1.233         -15.791          326.340
  173 (vir)          311.550           0.241          -1.233         -15.791          326.348
  174 (vir)          311.550           0.241          -1.233         -15.791          326.349
  175 (vir)          370.045           0.243          -2.833         -19.694          387.149
  176 (vir)          786.018          -1.055         -12.431         -45.508          818.041
  177 (vir)         4016.861          -1.793         -14.656         -94.440         4094.853
