 
  kpoint:     0.0000    0.0000    0.0000
 
    n          ϵ_nk^DFT (eV)     Σ^c_nk (eV)     Σ^x_nk (eV)     v_n^xc (eV)   ϵ_nk^G0W0 (eV)
 
    1 (occ)        -3106.884          -2.518        -319.551        -198.789        -3230.164
    2 (occ)         -294.809          -8.162        -105.113         -64.911         -343.173
    3 (occ)         -229.875          24.099         -97.484         -67.006         -236.253
    4 (occ)         -229.875          24.099         -97.484         -67.006         -236.253
    5 (occ)         -229.875          24.099         -97.484         -67.006         -236.253
    6 (occ)          -24.051           6.926         -31.637         -20.992          -27.770
    7 (occ)          -10.272           0.846         -23.799         -18.054          -15.171
    8 (occ)          -10.272           0.846         -23.799         -18.054          -15.171
    9 (occ)          -10.272           0.846         -23.799         -18.054          -15.171
   10 (vir)            5.204          -0.616          -2.260          -5.769            8.097
   11 (vir)            5.204          -0.616          -2.260          -5.769            8.097
   12 (vir)            5.204          -0.616          -2.260          -5.769            8.097
   13 (vir)            6.977          -1.594          -3.674          -8.702           10.411
   14 (vir)            8.636          -2.089          -6.106         -12.840           13.281
   15 (vir)            8.636          -2.089          -6.106         -12.840           13.281
   16 (vir)            8.636          -2.089          -6.106         -12.840           13.281
   17 (vir)            8.636          -2.089          -6.106         -12.840           13.281
   18 (vir)            8.636          -2.089          -6.106         -12.840           13.281
   19 (vir)           31.494          -3.795          -4.883         -12.613           35.430
   20 (vir)           31.494          -3.795          -4.883         -12.613           35.430
   21 (vir)           31.494          -3.795          -4.883         -12.613           35.430
   22 (vir)           34.069          -5.796          -5.137         -15.401           38.537
   23 (vir)           34.069          -5.796          -5.137         -15.401           38.537
   24 (vir)           34.069          -5.796          -5.137         -15.401           38.537
   25 (vir)           34.069          -5.796          -5.137         -15.401           38.537
   26 (vir)           34.069          -5.796          -5.137         -15.401           38.537
   27 (vir)           42.940           3.975          -2.811         -12.111           56.215
   28 (vir)           42.940           3.975          -2.811         -12.111           56.215
   29 (vir)           42.940           3.975          -2.811         -12.111           56.215
   30 (vir)           42.940           3.975          -2.811         -12.111           56.215
   31 (vir)           42.940           3.975          -2.811         -12.111           56.215
   32 (vir)           42.940           3.975          -2.811         -12.111           56.215
   33 (vir)           42.940           3.975          -2.811         -12.111           56.215
   34 (vir)           58.249          -4.897          -7.640         -18.117           63.830
   35 (vir)          100.413           6.197          -6.475         -20.905          121.040
   36 (vir)          100.413           6.197          -6.475         -20.905          121.040
   37 (vir)          100.413           6.197          -6.475         -20.905          121.040
   38 (vir)          100.413           6.197          -6.475         -20.905          121.040
   39 (vir)          100.413           6.197          -6.475         -20.905          121.040
   40 (vir)          114.565           2.881          -2.539         -16.074          130.981
   41 (vir)          114.565           2.881          -2.539         -16.074          130.981
   42 (vir)          114.565           2.881          -2.539         -16.074          130.981
   43 (vir)          114.565           2.881          -2.539         -16.074          130.981
   44 (vir)          114.565           2.881          -2.539         -16.074          130.981
   45 (vir)          114.565           2.881          -2.539         -16.074          130.981
   46 (vir)          114.565           2.881          -2.539         -16.074          130.981
   47 (vir)          114.565           2.881          -2.539         -16.074          130.981
   48 (vir)          114.565           2.881          -2.539         -16.074          130.981
   49 (vir)          116.738           6.293         -10.536         -26.104          138.599
   50 (vir)          116.738           6.293         -10.536         -26.104          138.599
   51 (vir)          116.738           6.293         -10.536         -26.104          138.599
   52 (vir)          126.302           2.393          -3.524         -18.621          143.792
   53 (vir)          126.302           2.393          -3.524         -18.621          143.792
   54 (vir)          126.302           2.393          -3.524         -18.621          143.792
   55 (vir)          126.302           2.393          -3.524         -18.621          143.792
   56 (vir)          126.302           2.393          -3.524         -18.621          143.792
   57 (vir)          126.302           2.393          -3.524         -18.621          143.792
   58 (vir)          126.302           2.393          -3.524         -18.621          143.792
   59 (vir)          251.328           2.603         -14.078         -33.453          273.306
   60 (vir)          341.536           1.023         -16.723         -41.686          367.522
   61 (vir)          341.536           1.023         -16.723         -41.686          367.522
   62 (vir)          341.536           1.023         -16.723         -41.686          367.522
   63 (vir)          341.536           1.023         -16.723         -41.686          367.522
   64 (vir)          341.536           1.023         -16.723         -41.686          367.522
   65 (vir)          886.695           1.283         -22.849         -59.929          925.058
   66 (vir)         1464.041           2.569         -41.350        -100.887         1526.147
   67 (vir)         1464.041           2.569         -41.350        -100.887         1526.147
   68 (vir)         1464.041           2.569         -41.350        -100.887         1526.147
   69 (vir)         3055.183           1.265         -38.121        -108.319         3126.647
   70 (vir)        16355.108           0.069         -58.821        -239.193        16535.549
