 
  kpoint:     0.0000    0.0000    0.0000
 
    n          ϵ_nk^DFT (eV)     Σ^c_nk (eV)     Σ^x_nk (eV)     v_n^xc (eV)   ϵ_nk^G0W0 (eV)
 
    1 (occ)         -661.634           3.824        -150.689         -94.982         -713.517
    2 (occ)         -661.634           3.824        -150.689         -94.982         -713.517
    3 (occ)         -661.634           3.825        -150.689         -94.982         -713.516
    4 (occ)         -661.634           3.823        -150.689         -94.982         -713.519
    5 (occ)         -661.634           3.824        -150.689         -94.982         -713.517
    6 (occ)         -661.634           3.824        -150.689         -94.982         -713.517
    7 (occ)         -272.572           3.660         -96.873         -61.525         -304.260
    8 (occ)         -272.567           3.611         -96.866         -61.529         -304.293
    9 (occ)         -272.567           3.609         -96.866         -61.529         -304.295
   10 (occ)         -272.557           3.671         -96.851         -61.538         -304.199
   11 (occ)         -272.557           3.669         -96.851         -61.538         -304.201
   12 (occ)         -272.552           3.635         -96.843         -61.542         -304.218
   13 (occ)          -32.347           9.122         -38.375         -24.549          -37.051
   14 (occ)          -32.168           9.098         -38.628         -24.800          -36.898
   15 (occ)          -32.168           9.151         -38.628         -24.800          -36.844
   16 (occ)          -31.825           9.142         -39.087         -25.252          -36.518
   17 (occ)          -31.825           9.167         -39.087         -25.252          -36.493
   18 (occ)          -31.651           9.074         -39.331         -25.488          -36.421
   19 (occ)          -22.768           6.533         -27.391         -17.886          -25.740
   20 (occ)          -19.765           5.541         -28.068         -19.169          -23.124
   21 (occ)          -19.765           5.538         -28.068         -19.169          -23.126
   22 (occ)          -17.041           4.517         -28.021         -19.971          -20.574
   23 (occ)          -17.041           4.517         -28.021         -19.971          -20.575
   24 (occ)          -15.432           3.654         -28.950         -21.573          -19.156
   25 (occ)          -15.295           4.022         -25.648         -18.294          -18.628
   26 (occ)          -15.018           4.238         -30.701         -22.925          -18.556
   27 (occ)          -14.090           3.186         -28.634         -21.820          -17.718
   28 (occ)          -14.090           3.185         -28.634         -21.820          -17.719
   29 (occ)          -13.626           3.442         -28.739         -21.543          -17.379
   30 (occ)          -13.626           3.443         -28.739         -21.543          -17.378
   31 (occ)          -13.407           4.232         -25.391         -18.051          -16.514
   32 (occ)          -12.554           4.385         -28.101         -20.331          -15.938
   33 (occ)          -12.554           4.386         -28.101         -20.331          -15.938
   34 (occ)          -11.766           4.547         -30.516         -22.370          -15.364
   35 (occ)          -11.766           4.163         -30.516         -22.370          -15.749
   36 (occ)          -11.516           4.421         -31.200         -22.963          -15.332
   37 (occ)          -11.028           4.816         -32.035         -23.540          -14.707
   38 (occ)          -11.028           4.805         -32.035         -23.540          -14.718
   39 (occ)          -10.726           4.726         -32.816         -24.262          -14.554
   40 (occ)          -10.126           3.478         -29.610         -22.426          -13.831
   41 (occ)          -10.126           3.484         -29.609         -22.426          -13.824
   42 (occ)           -9.351           3.079         -28.615         -21.887          -13.000
   43 (occ)           -8.765           2.910         -24.679         -18.958          -11.575
   44 (occ)           -6.630           0.573         -21.012         -17.599           -9.469
   45 (occ)           -6.629           0.573         -21.011         -17.599           -9.469
   46 (vir)           -1.988          -3.097         -10.047         -15.784            0.652
   47 (vir)           -1.811          -2.693         -11.227         -16.232            0.500
   48 (vir)           -1.811          -2.693         -11.227         -16.232            0.501
   49 (vir)            0.267          -2.745          -5.961         -10.921            2.482
   50 (vir)            0.267          -2.746          -5.961         -10.920            2.480
   51 (vir)            2.133          -1.348          -1.277          -4.366            3.873
   52 (vir)            2.289          -6.108          -9.202         -16.962            3.941
   53 (vir)            2.315          -1.633          -2.626          -6.142            4.198
   54 (vir)            2.315          -1.686          -2.626          -6.142            4.145
   55 (vir)            2.482          -2.251          -4.081          -8.478            4.627
   56 (vir)            2.873          -3.022          -6.717         -12.144            5.279
   57 (vir)            3.131          -2.868          -6.682         -12.330            5.910
   58 (vir)            3.131          -2.946          -6.682         -12.330            5.833
   59 (vir)            3.541          -1.277          -1.380          -4.405            5.289
   60 (vir)            3.541          -1.277          -1.380          -4.405            5.289
   61 (vir)            3.549          -1.572          -2.585          -6.349            5.741
   62 (vir)            5.144          -3.024          -6.501         -11.726            7.345
   63 (vir)            5.149          -1.466          -1.884          -5.397            7.197
   64 (vir)            5.149          -1.573          -1.883          -5.396            7.089
   65 (vir)            5.156          -4.527          -9.445         -16.446            7.630
   66 (vir)            5.157          -4.518          -9.446         -16.447            7.640
   67 (vir)            5.157          -1.257          -1.233          -4.330            6.996
   68 (vir)            5.157          -1.249          -1.233          -4.330            7.005
   69 (vir)            5.362          -1.291          -2.406          -5.759            7.425
   70 (vir)            6.839          -1.398          -1.774          -5.315            8.981
   71 (vir)            6.839          -1.409          -1.774          -5.314            8.971
   72 (vir)            7.209          -0.922          -1.125          -3.918            9.081
   73 (vir)            7.745          -2.263          -3.804          -8.517           10.195
   74 (vir)            7.756          -7.949          -8.240         -16.058            7.625
   75 (vir)            7.757          -3.978          -8.239         -16.058           11.598
   76 (vir)            8.349          -3.765          -6.080         -12.418           10.922
   77 (vir)            8.349          -3.836          -6.079         -12.417           10.851
   78 (vir)            8.846          -1.904          -2.284          -6.593           11.251
   79 (vir)            8.846          -1.839          -2.284          -6.593           11.316
   80 (vir)            9.431          -1.696          -1.636          -5.794           11.893
   81 (vir)            9.730          -0.484          -0.653          -3.126           11.720
   82 (vir)           10.275          -1.500          -1.245          -5.058           12.588
   83 (vir)           10.896          -2.671          -3.497          -8.889           13.617
   84 (vir)           10.896          -2.750          -3.498          -8.889           13.538
   85 (vir)           11.008          -1.521          -2.026          -6.054           13.514
   86 (vir)           11.008          -1.547          -2.026          -6.054           13.489
   87 (vir)           11.050          -2.519          -2.470          -7.556           13.617
   88 (vir)           11.110          -2.896          -3.423          -9.136           13.928
   89 (vir)           11.248          -1.892          -2.363          -6.393           13.386
   90 (vir)           11.248          -1.860          -2.363          -6.393           13.418
   91 (vir)           13.040          -1.703          -2.087          -6.431           15.681
   92 (vir)           13.041          -1.750          -2.087          -6.431           15.634
   93 (vir)           13.045          -2.253          -3.117          -7.677           15.351
   94 (vir)           13.045          -2.266          -3.117          -7.677           15.338
   95 (vir)           13.497          -1.299          -1.474          -5.163           15.886
   96 (vir)           13.646          -1.826          -2.245          -6.584           16.159
   97 (vir)           13.646          -1.855          -2.245          -6.584           16.130
   98 (vir)           13.994          -7.597          -8.203         -18.115           16.309
   99 (vir)           14.337          -1.595          -2.327          -6.030           16.445
  100 (vir)           14.708          -1.366          -1.262          -4.932           17.011
  101 (vir)           14.709          -1.402          -1.262          -4.932           16.976
  102 (vir)           15.548          -3.143          -2.633          -7.999           17.772
  103 (vir)           15.630          -7.877          -8.493         -19.430           18.690
  104 (vir)           15.872          -3.902          -5.134         -11.517           18.354
  105 (vir)           16.179          -4.235          -3.955         -10.772           18.761
  106 (vir)           16.239          -1.413          -1.678          -5.477           18.625
  107 (vir)           16.753          -2.919          -3.293          -9.213           19.754
  108 (vir)           16.753          -5.941          -3.293          -9.213           16.732
  109 (vir)           16.811          -3.302          -2.636          -8.517           19.390
  110 (vir)           16.811          -3.228          -2.636          -8.517           19.465
  111 (vir)           17.597          -4.110          -2.601          -8.792           19.678
  112 (vir)           19.196          -3.744          -3.417          -9.732           21.768
  113 (vir)           19.197          -3.741          -3.417          -9.732           21.771
  114 (vir)           19.740          -4.042          -2.451          -8.917           22.165
  115 (vir)           19.740          -4.062          -2.451          -8.917           22.145
  116 (vir)           20.757          -4.121          -3.664         -10.402           23.374
  117 (vir)           20.758          -4.100          -3.664         -10.402           23.396
  118 (vir)           20.970          -4.466          -3.728         -10.954           23.730
  119 (vir)           21.146          -1.074          -2.423          -7.034           24.683
  120 (vir)           21.293          -3.985          -2.782          -9.107           23.631
  121 (vir)           21.293          -4.000          -2.782          -9.106           23.617
  122 (vir)           22.830          -3.368          -2.728          -8.546           25.280
  123 (vir)           22.830          -3.357          -2.728          -8.546           25.291
  124 (vir)           23.223          -4.431          -2.817          -9.547           25.521
  125 (vir)           23.492          -3.137          -2.563          -8.398           26.190
  126 (vir)           23.492          -3.083          -2.563          -8.398           26.245
  127 (vir)           23.605          -3.459          -3.018          -9.540           26.667
  128 (vir)           23.605          -3.394          -3.018          -9.540           26.733
  129 (vir)           24.745          -2.173          -1.598          -7.034           28.008
  130 (vir)           24.745          -1.106          -1.597          -7.033           29.075
  131 (vir)           25.141          -3.519          -3.185         -10.016           28.452
  132 (vir)           25.141          -3.423          -3.185         -10.016           28.549
  133 (vir)           25.225          -3.007          -3.679          -9.844           28.383
  134 (vir)           25.726          -1.961          -2.564          -8.314           29.515
  135 (vir)           26.851          -2.958          -3.424          -9.565           30.034
  136 (vir)           26.851          -2.898          -3.424          -9.565           30.094
  137 (vir)           27.073          -2.853          -2.883          -9.256           30.594
  138 (vir)           28.852          -3.650          -2.091          -8.857           31.968
  139 (vir)           29.241          -2.630          -3.297          -9.292           32.607
  140 (vir)           30.261          -2.854          -2.174          -8.161           33.393
  141 (vir)           30.261          -2.990          -2.174          -8.161           33.257
  142 (vir)           30.444          -2.875          -3.694          -9.911           33.786
  143 (vir)           30.444          -2.677          -3.694          -9.911           33.984
  144 (vir)           30.755          -1.729          -1.691          -7.259           34.594
  145 (vir)           33.987          -3.362          -4.927         -13.432           39.130
  146 (vir)           34.454          -4.778          -4.931         -13.611           38.357
  147 (vir)           34.455          -4.623          -4.931         -13.611           38.512
  148 (vir)           34.980          -3.150          -2.808          -9.678           38.701
  149 (vir)           35.740          -4.499          -3.656         -11.625           39.210
  150 (vir)           36.381          -3.012          -2.461          -9.244           40.153
  151 (vir)           37.088          -3.979          -4.412         -12.698           41.394
  152 (vir)           37.088          -3.953          -4.412         -12.698           41.420
  153 (vir)           37.521          -3.705          -3.495         -11.868           42.189
  154 (vir)           39.149          -4.802          -4.616         -14.189           43.919
  155 (vir)           39.150          -4.885          -4.404         -13.642           43.502
  156 (vir)           39.150          -3.813          -3.717         -11.862           43.483
  157 (vir)           39.150          -3.540          -3.570         -11.481           43.521
  158 (vir)           39.229          -2.925          -4.213         -11.886           43.977
  159 (vir)           39.735          -2.922          -4.188         -12.816           45.441
  160 (vir)           39.736          -2.914          -4.188         -12.816           45.450
  161 (vir)           40.365          -6.613          -4.331         -13.008           42.430
  162 (vir)           40.563          -4.559          -3.493         -11.775           44.286
  163 (vir)           41.765          -2.755          -3.418         -11.849           47.442
  164 (vir)           41.975          -3.688          -4.082         -12.656           46.861
  165 (vir)           41.975          -3.714          -4.082         -12.656           46.836
  166 (vir)           42.771          -2.458          -3.898         -12.516           48.931
  167 (vir)           42.854          -3.061          -4.598         -13.345           48.540
  168 (vir)           43.205          -3.863          -4.895         -13.873           48.320
  169 (vir)           43.388          -3.744          -4.288         -12.972           48.329
  170 (vir)           43.389          -3.714          -4.288         -12.973           48.359
  171 (vir)           43.509          -3.260          -3.902         -12.223           48.570
  172 (vir)           43.510          -3.593          -3.902         -12.223           48.238
  173 (vir)           43.619          -3.331          -3.487         -11.561           48.362
  174 (vir)           44.288          -3.987          -2.811         -11.253           48.742
  175 (vir)           44.288          -3.932          -2.811         -11.253           48.798
  176 (vir)           44.736          -3.367          -3.720         -12.292           49.941
  177 (vir)           44.736          -3.503          -3.720         -12.292           49.805
  178 (vir)           45.071          -3.500          -4.426         -12.851           49.996
  179 (vir)           45.071          -3.456          -4.426         -12.851           50.041
  180 (vir)           45.332          -2.653          -3.500         -12.153           51.332
  181 (vir)           45.332          -2.814          -3.500         -12.153           51.170
  182 (vir)           45.604          -3.670          -3.423         -11.658           50.168
  183 (vir)           45.605          -3.584          -3.424         -11.658           50.255
  184 (vir)           46.682          -2.725          -3.146         -11.244           52.055
  185 (vir)           46.682          -2.628          -3.146         -11.244           52.153
  186 (vir)           46.987          -4.790          -3.896         -12.845           51.146
  187 (vir)           46.987          -3.591          -3.896         -12.845           52.345
  188 (vir)           47.494          -3.570          -4.398         -13.626           53.152
  189 (vir)           47.552          -3.391          -4.378         -12.845           52.629
  190 (vir)           48.695          -3.615          -4.250         -13.607           54.437
  191 (vir)           48.695          -3.713          -4.250         -13.607           54.339
  192 (vir)           48.729          -3.613          -3.192         -11.876           53.799
  193 (vir)           49.265          -2.596          -3.864         -12.552           55.357
  194 (vir)           49.265          -2.630          -3.864         -12.553           55.323
  195 (vir)           50.163          -2.874          -3.702         -12.398           55.985
  196 (vir)           50.164          -2.845          -3.702         -12.398           56.015
  197 (vir)           51.222          -2.585          -2.434         -10.707           56.909
  198 (vir)           51.222          -2.580          -2.434         -10.707           56.915
  199 (vir)           51.333          -2.748          -2.600         -11.642           57.627
  200 (vir)           51.333          -2.860          -2.600         -11.643           57.516
  201 (vir)           51.540          -6.869          -2.212         -11.356           53.814
  202 (vir)           51.889          -2.812          -2.725         -10.934           57.286
  203 (vir)           51.889          -3.073          -2.725         -10.934           57.026
  204 (vir)           52.358          -2.047          -3.747         -12.611           59.176
  205 (vir)           52.505          -3.478          -2.965         -11.582           57.644
  206 (vir)           52.505          -3.200          -2.965         -11.582           57.923
  207 (vir)           52.736          -2.614          -3.079         -11.524           58.567
  208 (vir)           52.865          -2.367          -4.149         -12.627           58.975
  209 (vir)           53.487          -3.428          -4.307         -13.766           59.518
  210 (vir)           53.487          -3.566          -4.307         -13.766           59.380
  211 (vir)           54.180          -3.092          -3.408         -11.708           59.387
  212 (vir)           55.506          -3.721          -2.209         -11.580           61.157
  213 (vir)           56.121          -1.350          -2.281         -10.316           62.806
  214 (vir)           56.121          -1.320          -2.281         -10.316           62.836
  215 (vir)           56.971          -2.467          -2.247         -10.257           62.515
  216 (vir)           57.028          -2.573          -3.536         -13.700           64.618
  217 (vir)           57.787          -1.941          -2.209         -10.652           64.289
  218 (vir)           59.157          -2.419          -3.246         -12.712           66.205
  219 (vir)           59.985          -2.863          -4.190         -14.589           67.522
  220 (vir)           59.985          -3.010          -4.190         -14.590           67.375
  221 (vir)           60.702          -5.234          -3.589         -14.101           65.980
  222 (vir)           61.080          -2.589          -2.430         -11.079           67.140
  223 (vir)           61.696          -2.641          -2.714         -12.397           68.738
  224 (vir)           61.697          -2.316          -2.713         -12.396           69.064
  225 (vir)           61.753          -3.153          -2.908         -12.588           68.280
  226 (vir)           61.753          -3.057          -2.908         -12.589           68.377
  227 (vir)           63.334          -2.989          -2.833         -12.808           70.319
  228 (vir)           63.334          -2.832          -2.833         -12.809           70.477
  229 (vir)           63.418          -3.402          -4.501         -14.813           70.328
  230 (vir)           63.515          -2.556          -3.704         -13.517           70.771
  231 (vir)           63.515          -2.676          -3.704         -13.517           70.652
  232 (vir)           64.282          -2.001          -3.486         -13.421           72.216
  233 (vir)           64.283          -1.902          -3.485         -13.420           72.315
  234 (vir)           64.616          -2.089          -2.762         -12.813           72.578
  235 (vir)           64.616          -2.244          -2.762         -12.814           72.423
  236 (vir)           64.905          -1.718          -2.299         -11.594           72.483
  237 (vir)           65.267          -2.414          -3.363         -12.631           72.121
  238 (vir)           65.268          -2.587          -3.363         -12.630           71.948
  239 (vir)           65.769          -2.570          -3.635         -13.701           73.266
  240 (vir)           66.948          -2.021          -2.439         -12.150           74.638
  241 (vir)           67.206          -1.953          -3.350         -13.498           75.401
  242 (vir)           67.445          -1.824          -2.855         -10.910           73.675
  243 (vir)           67.907          -2.458          -2.182         -12.251           75.518
  244 (vir)           67.907          -2.503          -2.182         -12.252           75.473
  245 (vir)           69.453          -1.830          -3.322         -13.870           78.171
  246 (vir)           70.862          -2.106          -3.683         -14.819           79.892
  247 (vir)           70.863          -2.060          -3.683         -14.819           79.938
  248 (vir)           70.952          -1.693          -2.606         -12.196           78.849
  249 (vir)           70.953          -2.264          -2.606         -12.196           78.279
  250 (vir)           72.415          -3.301          -4.442         -16.763           81.435
  251 (vir)           72.963          -1.910          -2.275         -12.493           81.270
  252 (vir)           72.963          -1.935          -2.275         -12.493           81.246
  253 (vir)           73.559          -2.315          -2.465         -11.890           80.669
  254 (vir)           74.272          -1.762          -3.448         -13.829           82.891
  255 (vir)           74.272          -1.688          -3.448         -13.829           82.966
  256 (vir)           74.424          -2.647          -3.527         -15.101           83.351
  257 (vir)           74.425          -2.647          -3.527         -15.101           83.352
  258 (vir)           74.740          -2.049          -3.390         -14.366           83.667
  259 (vir)           74.740          -1.999          -3.390         -14.366           83.717
  260 (vir)           76.738          -2.549          -2.668         -12.825           84.347
  261 (vir)           77.517          -1.851          -3.122         -13.871           86.415
  262 (vir)           77.517          -1.983          -3.122         -13.871           86.283
  263 (vir)           77.861          -1.487          -5.053         -18.693           90.015
  264 (vir)           79.889          -1.985          -4.182         -16.447           90.168
  265 (vir)           80.998          -2.093          -2.221         -12.765           89.450
  266 (vir)           80.999          -2.099          -2.221         -12.765           89.444
  267 (vir)           81.000          -2.125          -3.369         -14.278           89.784
  268 (vir)           81.001          -2.134          -3.369         -14.278           89.776
  269 (vir)           83.094          -1.528          -4.736         -16.508           93.338
  270 (vir)           85.668          -2.029          -2.745         -14.128           95.022
  271 (vir)           87.091          -0.668          -3.056         -15.044           98.411
  272 (vir)           87.092          -0.771          -3.056         -15.044           98.309
  273 (vir)           88.443          -1.966          -5.328         -18.464           99.614
  274 (vir)           89.524           0.027          -2.577         -14.408          101.382
  275 (vir)           89.948          -0.131          -3.590         -16.153          102.380
  276 (vir)           89.950          -0.381          -3.590         -16.153          102.131
  277 (vir)           91.663          -2.104          -5.041         -16.933          101.451
  278 (vir)           91.663          -2.207          -5.041         -16.933          101.349
  279 (vir)           92.358          -2.000          -4.149         -16.548          102.757
  280 (vir)           92.358          -2.002          -4.149         -16.548          102.755
  281 (vir)           92.710          -1.477          -2.216         -13.130          102.148
  282 (vir)           93.531          -1.917          -4.229         -16.548          103.933
  283 (vir)           93.532          -1.945          -4.229         -16.548          103.906
  284 (vir)           93.912          -1.310          -2.725         -12.926          102.802
  285 (vir)           97.283          -1.240          -3.363         -15.289          107.969
  286 (vir)           97.284          -1.228          -3.363         -15.289          107.982
  287 (vir)           98.741          -0.462          -3.552         -16.344          111.071
  288 (vir)           99.876          -1.888          -2.550         -12.668          108.105
  289 (vir)          102.052          -1.728          -3.383         -15.622          112.563
  290 (vir)          102.054          -1.680          -3.383         -15.621          112.612
  291 (vir)          104.167          -1.697          -4.454         -17.178          115.194
  292 (vir)          104.168          -1.698          -4.454         -17.178          115.194
  293 (vir)          106.756          -0.933          -3.021         -15.827          118.629
  294 (vir)          107.381          -1.458          -2.739         -14.858          118.041
  295 (vir)          107.817          -1.319          -3.465         -16.363          119.395
  296 (vir)          108.516          -1.482          -3.252         -16.059          119.841
  297 (vir)          108.972          -2.127          -3.275         -16.040          119.610
  298 (vir)          109.755          -1.245          -4.660         -17.898          121.749
  299 (vir)          109.755          -1.258          -4.660         -17.899          121.736
  300 (vir)          110.290          -2.449          -3.226         -15.998          120.613
  301 (vir)          110.290          -2.545          -3.226         -15.998          120.517
  302 (vir)          111.407          -1.521          -3.191         -16.032          122.727
  303 (vir)          111.407          -1.525          -3.191         -16.031          122.722
  304 (vir)          111.627          -1.555          -5.462         -19.259          123.868
  305 (vir)          112.183          -1.722          -3.770         -16.728          123.418
  306 (vir)          112.183          -1.734          -3.770         -16.728          123.408
  307 (vir)          113.218          -1.741          -3.831         -17.043          124.689
  308 (vir)          113.320          -2.406          -3.991         -17.307          124.232
  309 (vir)          113.393          -1.800          -3.631         -16.681          124.643
  310 (vir)          113.394          -1.687          -3.632         -16.681          124.756
  311 (vir)          115.656          -0.898          -2.892         -15.647          127.513
  312 (vir)          117.425          -2.639          -3.985         -17.428          128.228
  313 (vir)          117.426          -2.660          -3.985         -17.427          128.208
  314 (vir)          117.787          -2.479          -3.569         -16.864          128.603
  315 (vir)          117.787          -2.399          -3.569         -16.864          128.684
  316 (vir)          118.342          -1.708          -3.542         -16.429          129.521
  317 (vir)          118.343          -1.632          -3.542         -16.429          129.597
  318 (vir)          118.630          -1.414          -5.749         -20.563          132.030
  319 (vir)          118.936          -1.824          -4.578         -18.040          130.575
  320 (vir)          118.937          -1.894          -4.578         -18.040          130.505
  321 (vir)          120.641          -1.137          -3.078         -15.959          132.386
  322 (vir)          121.849          -0.900          -4.017         -17.788          134.719
  323 (vir)          121.849          -0.872          -4.017         -17.788          134.748
  324 (vir)          122.184          -1.943          -5.420         -19.130          133.952
  325 (vir)          123.905          -0.495          -2.653         -15.714          136.471
  326 (vir)          123.919          -3.258          -3.157         -16.318          133.823
  327 (vir)          124.274          -2.198          -3.563         -16.973          135.486
  328 (vir)          124.275          -2.410          -3.563         -16.973          135.275
  329 (vir)          125.043          -0.268          -2.426         -15.053          137.403
  330 (vir)          126.870          -3.456          -4.149         -17.773          137.038
  331 (vir)          126.871          -3.153          -4.150         -17.773          137.341
  332 (vir)          127.238          -2.734          -3.978         -18.066          138.593
  333 (vir)          128.195          -1.413          -3.841         -17.313          140.254
  334 (vir)          128.196          -1.367          -3.841         -17.311          140.300
  335 (vir)          128.221          -0.698          -3.296         -16.740          140.967
  336 (vir)          128.223          -0.760          -3.297         -16.741          140.907
  337 (vir)          129.621          -1.338          -3.565         -16.945          141.663
  338 (vir)          129.622          -1.299          -3.564         -16.943          141.702
  339 (vir)          129.750          -1.802          -5.332         -19.631          142.248
  340 (vir)          130.557          -0.911          -2.933         -16.078          142.791
  341 (vir)          130.557          -0.968          -2.933         -16.078          142.734
  342 (vir)          131.021          -1.659          -3.479         -16.683          142.566
  343 (vir)          131.293           0.054          -2.256         -15.192          144.283
  344 (vir)          133.613          -2.259          -5.098         -19.412          145.669
  345 (vir)          133.613          -2.259          -5.097         -19.412          145.669
  346 (vir)          134.396          -2.465          -5.641         -20.181          146.472
  347 (vir)          134.638          -1.937          -4.873         -19.312          147.141
  348 (vir)          134.638          -1.964          -4.872         -19.312          147.114
  349 (vir)          134.650          -2.651          -4.005         -17.437          145.432
  350 (vir)          135.820          -0.924          -3.407         -16.988          148.477
  351 (vir)          135.820          -0.922          -3.408         -16.989          148.480
  352 (vir)          137.119          -2.528          -4.550         -18.498          148.539
  353 (vir)          137.197          -0.540          -2.016         -14.578          149.219
  354 (vir)          137.198          -0.552          -2.016         -14.577          149.207
  355 (vir)          137.417          -2.426          -5.558         -20.190          149.623
  356 (vir)          137.417          -2.371          -5.557         -20.189          149.678
  357 (vir)          137.973          -2.246          -5.353         -19.767          150.142
  358 (vir)          137.974          -2.236          -5.352         -19.766          150.152
  359 (vir)          138.222          -0.609          -2.468         -15.565          150.711
  360 (vir)          138.549          -2.226          -5.352         -19.814          150.785
  361 (vir)          139.204          -2.485          -5.201         -20.133          151.651
  362 (vir)          139.205          -2.455          -5.201         -20.133          151.682
  363 (vir)          141.435          -2.551          -4.017         -17.717          152.585
  364 (vir)          141.789          -1.286          -4.397         -18.840          154.945
  365 (vir)          141.789          -1.393          -4.398         -18.840          154.839
  366 (vir)          141.927          -0.858          -2.368         -15.333          154.033
  367 (vir)          141.928          -0.849          -2.369         -15.333          154.043
  368 (vir)          142.000          -0.938          -2.339         -15.580          154.303
  369 (vir)          142.144          -0.710          -2.559         -15.881          154.756
  370 (vir)          142.605          -2.543          -6.010         -21.175          155.228
  371 (vir)          142.885          -1.716          -4.150         -18.202          155.221
  372 (vir)          142.886          -1.762          -4.149         -18.201          155.176
  373 (vir)          144.437          -2.529          -5.705         -21.125          157.328
  374 (vir)          145.145          -1.748          -3.905         -17.925          157.417
  375 (vir)          145.146          -1.758          -3.905         -17.925          157.407
  376 (vir)          145.186          -1.816          -5.317         -20.179          158.232
  377 (vir)          145.963          -1.159          -3.732         -17.829          158.902
  378 (vir)          145.964          -1.162          -3.732         -17.829          158.899
  379 (vir)          146.572          -1.726          -4.001         -18.347          159.192
  380 (vir)          146.572          -1.716          -4.001         -18.348          159.203
  381 (vir)          148.297          -1.907          -4.400         -19.066          161.056
  382 (vir)          148.298          -1.907          -4.400         -19.065          161.056
  383 (vir)          148.609          -1.174          -3.308         -17.253          161.380
  384 (vir)          148.609          -1.213          -3.308         -17.254          161.342
  385 (vir)          150.275          -0.718          -2.564         -16.242          163.235
  386 (vir)          150.414          -2.529          -5.904         -21.828          163.810
  387 (vir)          150.676          -1.258          -3.847         -18.713          164.283
  388 (vir)          151.616          -1.791          -4.264         -19.209          164.770
  389 (vir)          151.617          -1.792          -4.264         -19.210          164.771
  390 (vir)          152.447          -2.206          -5.623         -20.696          165.314
  391 (vir)          153.131          -0.931          -2.806         -16.426          165.821
  392 (vir)          153.763          -0.679          -2.369         -15.634          166.349
  393 (vir)          153.765          -0.673          -2.369         -15.633          166.355
  394 (vir)          154.172          -0.662          -2.093         -15.225          166.641
  395 (vir)          155.262          -1.061          -3.446         -17.695          168.449
  396 (vir)          155.263          -1.056          -3.445         -17.694          168.455
  397 (vir)          155.507          -1.147          -2.908         -16.643          168.095
  398 (vir)          155.509          -1.195          -2.908         -16.644          168.049
  399 (vir)          156.214          -1.088          -4.788         -20.687          171.025
  400 (vir)          156.214          -1.048          -4.788         -20.686          171.064
  401 (vir)          156.473          -1.763          -5.235         -21.302          170.778
  402 (vir)          157.254          -1.017          -2.111         -16.020          170.146
  403 (vir)          157.419          -0.840          -2.095         -16.059          170.543
  404 (vir)          157.818          -1.223          -3.397         -17.882          171.080
  405 (vir)          157.819          -1.215          -3.398         -17.884          171.090
  406 (vir)          160.148          -0.619          -2.275         -15.567          172.821
  407 (vir)          160.148          -0.616          -2.275         -15.567          172.825
  408 (vir)          161.292          -1.169          -3.450         -17.835          174.508
  409 (vir)          161.293          -1.176          -3.450         -17.834          174.501
  410 (vir)          161.900          -1.265          -3.497         -18.184          175.320
  411 (vir)          162.415          -1.021          -3.988         -18.966          176.372
  412 (vir)          163.163          -1.072          -2.879         -17.512          176.723
  413 (vir)          163.166          -1.071          -2.881         -17.512          176.726
  414 (vir)          163.422          -0.930          -3.282         -18.080          177.289
  415 (vir)          163.423          -0.832          -3.282         -18.080          177.388
  416 (vir)          163.522          -3.109          -5.217         -21.071          176.267
  417 (vir)          163.639           0.003          -1.925         -15.428          177.145
  418 (vir)          163.785          -2.111          -8.073         -26.151          179.751
  419 (vir)          164.954          -1.335          -3.662         -18.251          178.209
  420 (vir)          164.955          -1.342          -3.662         -18.250          178.201
  421 (vir)          165.503          -1.005          -1.932         -15.395          177.961
  422 (vir)          166.044          -0.762          -2.419         -16.060          178.922
  423 (vir)          166.116          -0.687          -2.317         -16.281          179.392
  424 (vir)          166.116          -0.684          -2.318         -16.280          179.395
  425 (vir)          166.531          -0.805          -2.768         -16.786          179.744
  426 (vir)          166.586          -1.615          -5.279         -21.325          181.016
  427 (vir)          166.587          -1.613          -5.278         -21.322          181.018
  428 (vir)          167.315          -0.928          -3.757         -18.910          181.540
  429 (vir)          167.316          -0.909          -3.758         -18.910          181.560
  430 (vir)          168.987          -0.447          -4.890         -19.708          183.358
  431 (vir)          169.191          -1.026          -3.020         -17.631          182.775
  432 (vir)          169.193          -0.865          -3.021         -17.631          182.938
  433 (vir)          169.900          -1.063          -4.136         -19.605          184.306
  434 (vir)          169.902          -1.066          -4.135         -19.601          184.303
  435 (vir)          171.057          -1.798          -5.739         -22.366          185.887
  436 (vir)          171.058          -1.773          -5.737         -22.364          185.911
  437 (vir)          171.061          -0.196          -1.442         -14.144          183.568
  438 (vir)          171.706          -2.149          -6.559         -23.699          186.697
  439 (vir)          172.190          -0.882          -3.995         -19.173          186.485
  440 (vir)          172.191          -0.876          -3.995         -19.171          186.491
  441 (vir)          172.335          -0.517          -2.268         -16.319          185.869
  442 (vir)          172.827          -1.180          -3.918         -19.311          187.040
  443 (vir)          172.827          -1.302          -3.918         -19.310          186.917
  444 (vir)          174.612          -0.451          -2.026         -16.337          188.471
  445 (vir)          174.619          -0.808          -3.593         -18.085          188.304
  446 (vir)          174.771          -0.854          -3.988         -19.424          189.353
  447 (vir)          175.918          -0.649          -3.303         -18.520          190.485
  448 (vir)          175.921          -0.632          -3.307         -18.524          190.506
  449 (vir)          176.526          -1.374          -4.637         -20.191          190.707
  450 (vir)          176.527          -1.297          -4.632         -20.182          190.780
  451 (vir)          178.029          -0.466          -4.156         -19.716          193.123
  452 (vir)          178.725          -0.707          -2.029         -16.471          192.461
  453 (vir)          178.726          -0.706          -2.029         -16.471          192.462
  454 (vir)          179.427          -0.895          -3.092         -17.783          193.223
  455 (vir)          179.429          -0.879          -3.092         -17.782          193.240
  456 (vir)          179.785          -1.485          -4.644         -20.215          193.870
  457 (vir)          179.786          -1.374          -4.642         -20.211          193.980
  458 (vir)          180.509          -2.891          -6.744         -24.008          194.882
  459 (vir)          180.509          -3.107          -6.744         -24.009          194.666
  460 (vir)          180.549          -1.525          -7.104         -25.102          197.022
  461 (vir)          180.778          -0.423          -1.826         -15.847          194.375
  462 (vir)          180.780          -0.420          -1.826         -15.846          194.379
  463 (vir)          183.862          -0.443          -2.013         -16.259          197.664
  464 (vir)          183.915          -0.740          -2.506         -16.928          197.598
  465 (vir)          184.149          -0.258          -1.871         -15.988          198.008
  466 (vir)          184.150          -0.259          -1.871         -15.987          198.008
  467 (vir)          185.029          -1.098          -3.925         -19.131          199.137
  468 (vir)          185.842          -0.276          -3.945         -18.726          200.347
  469 (vir)          185.846          -0.282          -3.945         -18.724          200.343
  470 (vir)          188.080          -0.288          -2.350         -17.212          202.655
  471 (vir)          190.077          -2.011          -4.388         -21.022          204.701
  472 (vir)          191.767          -0.866          -2.693         -17.967          206.175
  473 (vir)          191.768          -0.853          -2.693         -17.967          206.189
  474 (vir)          191.993           0.093          -3.393         -18.316          207.010
  475 (vir)          192.006          -0.195          -3.106         -18.851          207.556
  476 (vir)          192.055          -0.860          -2.696         -17.867          206.366
  477 (vir)          193.503          -1.589          -3.756         -19.074          207.232
  478 (vir)          193.504          -1.677          -3.756         -19.073          207.145
  479 (vir)          193.517          -0.223          -1.754         -15.941          207.480
  480 (vir)          193.519          -0.227          -1.754         -15.941          207.478
  481 (vir)          195.766          -0.149          -2.799         -17.212          210.030
  482 (vir)          195.769           0.013          -2.798         -17.210          210.193
  483 (vir)          198.421          -0.792          -2.805         -18.127          212.951
  484 (vir)          198.422          -0.840          -2.805         -18.128          212.905
  485 (vir)          198.870          -1.168          -2.379         -17.077          212.400
  486 (vir)          200.539          -0.474          -2.667         -18.128          215.525
  487 (vir)          200.854          -0.221          -3.772         -18.968          215.830
  488 (vir)          200.855          -0.273          -3.771         -18.967          215.778
  489 (vir)          202.840          -1.844          -5.067         -22.001          217.931
  490 (vir)          205.913          -0.119          -1.610         -16.043          220.227
  491 (vir)          207.015          -0.791          -2.618         -17.926          221.530
  492 (vir)          207.225          -0.818          -2.541         -17.428          221.293
  493 (vir)          207.324          -0.511          -2.687         -17.773          221.899
  494 (vir)          207.326          -0.502          -2.687         -17.770          221.908
  495 (vir)          209.069          -0.392          -2.332         -17.935          224.279
  496 (vir)          209.070          -0.388          -2.332         -17.933          224.282
  497 (vir)          213.198           0.174          -3.623         -18.533          228.281
  498 (vir)          214.527          -0.822          -4.442         -20.891          230.155
  499 (vir)          214.528          -0.747          -4.442         -20.892          230.230
  500 (vir)          216.323          -0.095          -2.522         -18.240          231.945
  501 (vir)          216.325          -0.091          -2.522         -18.239          231.950
  502 (vir)          218.547          -0.297          -1.957         -17.012          233.306
  503 (vir)          218.553          -0.294          -1.957         -17.011          233.313
  504 (vir)          221.557          -0.266          -1.705         -16.460          236.046
  505 (vir)          221.561          -0.288          -1.705         -16.459          236.027
  506 (vir)          223.748          -0.167          -2.165         -17.574          238.990
  507 (vir)          227.615          -0.219          -3.324         -18.752          242.824
  508 (vir)          229.930          -0.150          -2.314         -18.042          245.508
  509 (vir)          229.932          -0.124          -2.314         -18.042          245.536
  510 (vir)          231.805           0.035          -1.472         -15.958          246.326
  511 (vir)          233.064          -0.204          -2.594         -17.968          248.235
  512 (vir)          233.064          -0.279          -2.593         -17.968          248.160
  513 (vir)          235.701          -0.244          -2.137         -17.835          251.154
  514 (vir)          235.704          -0.231          -2.137         -17.834          251.169
  515 (vir)          247.638          -0.758          -5.842         -24.992          266.029
  516 (vir)          249.833           0.105          -2.217         -18.129          265.849
  517 (vir)          250.995          -0.817          -5.627         -24.857          269.408
  518 (vir)          250.996          -0.769          -5.627         -24.855          269.457
  519 (vir)          252.251          -0.056          -2.054         -18.185          268.326
  520 (vir)          253.746          -0.755          -5.506         -24.764          272.249
  521 (vir)          253.749          -0.718          -5.506         -24.762          272.287
  522 (vir)          261.268          -0.724          -4.955         -23.727          279.315
  523 (vir)          268.912          -0.131          -4.616         -22.504          286.669
  524 (vir)          268.920          -0.096          -4.616         -22.503          286.711
  525 (vir)          273.143           0.107          -4.885         -22.771          291.135
  526 (vir)          273.149           0.121          -4.885         -22.771          291.156
  527 (vir)          274.196          -0.128          -4.522         -22.961          292.508
  528 (vir)          283.027           0.078          -4.837         -22.832          301.100
  529 (vir)          304.620           0.740          -3.020         -22.071          324.410
  530 (vir)          304.626           0.742          -3.020         -22.071          324.418
  531 (vir)          304.637           0.732          -3.020         -22.070          324.419
  532 (vir)          304.637           0.733          -3.020         -22.070          324.421
  533 (vir)          304.677           0.730          -3.019         -22.069          324.457
  534 (vir)          304.677           0.732          -3.019         -22.069          324.459
  535 (vir)          304.747           0.720          -3.020         -22.070          324.518
  536 (vir)          304.747           0.713          -3.020         -22.070          324.511
  537 (vir)          304.765           0.765          -3.018         -22.069          324.580
  538 (vir)          304.765           0.771          -3.018         -22.069          324.586
  539 (vir)          304.820           0.731          -3.015         -22.064          324.599
  540 (vir)          305.057           0.223          -2.970         -21.985          324.294
  541 (vir)          305.201           1.804          -3.018         -22.066          326.054
  542 (vir)          305.432           0.211          -2.964         -21.979          324.658
  543 (vir)          305.432           0.215          -2.964         -21.979          324.662
  544 (vir)          305.603           0.230          -2.964         -21.978          324.847
  545 (vir)          306.441           0.177          -2.949         -21.958          325.627
  546 (vir)          306.441           0.179          -2.949         -21.958          325.630
  547 (vir)          306.633           0.055          -2.952         -21.960          325.696
  548 (vir)          306.633           0.053          -2.952         -21.960          325.694
  549 (vir)          307.033           0.250          -2.944         -21.941          326.280
  550 (vir)          307.033           0.226          -2.944         -21.941          326.256
  551 (vir)          307.249           0.636          -2.940         -21.919          326.863
  552 (vir)          307.715           0.178          -2.929         -21.927          326.890
  553 (vir)          310.938          -0.173          -2.935         -22.036          329.866
  554 (vir)          312.595          -0.174          -2.920         -22.021          331.521
  555 (vir)          312.698          -0.149          -2.918         -22.024          331.655
  556 (vir)          312.699          -0.151          -2.918         -22.023          331.654
  557 (vir)          314.873          -0.193          -2.912         -22.013          333.781
  558 (vir)          314.874          -0.199          -2.912         -22.013          333.775
  559 (vir)          316.116          -0.121          -2.875         -21.978          335.098
  560 (vir)          316.118          -0.124          -2.875         -21.976          335.095
  561 (vir)          318.506          -0.211          -2.955         -22.078          337.418
  562 (vir)          318.507          -0.179          -2.955         -22.077          337.450
  563 (vir)          319.660          -0.102          -2.827         -21.914          338.645
  564 (vir)          321.820          -0.215          -3.088         -22.317          340.834
  565 (vir)          323.013          -0.363          -3.006         -22.393          342.037
  566 (vir)          323.018          -0.331          -3.004         -22.415          342.098
  567 (vir)          323.299          -0.419          -3.011         -22.413          342.282
  568 (vir)          323.301          -0.401          -3.011         -22.411          342.300
  569 (vir)          325.283          -0.381          -2.986         -22.385          344.301
  570 (vir)          325.286          -0.349          -2.986         -22.382          344.333
  571 (vir)          325.905          -0.371          -3.403         -23.040          345.172
  572 (vir)          328.512          -0.632          -3.321         -22.924          347.484
  573 (vir)          328.516          -0.611          -3.321         -22.920          347.504
  574 (vir)          328.598          -0.433          -2.935         -22.307          347.537
  575 (vir)          328.868          -0.324          -2.979         -22.420          347.986
  576 (vir)          328.869          -0.201          -2.979         -22.418          348.108
  577 (vir)          331.358          -0.269          -3.257         -22.860          350.692
  578 (vir)          331.361          -0.300          -3.257         -22.857          350.661
  579 (vir)          337.132          -0.559          -3.109         -22.588          356.052
  580 (vir)          338.272          -0.337          -2.930         -22.424          357.430
  581 (vir)          338.273          -0.344          -2.930         -22.423          357.423
  582 (vir)          349.174          -0.902          -2.834         -22.326          367.764
  583 (vir)          390.172          -1.728          -4.675         -27.760          411.529
  584 (vir)          390.473          -1.730          -4.669         -27.751          411.824
  585 (vir)          390.473          -1.729          -4.669         -27.751          411.825
  586 (vir)          390.711          -1.730          -4.665         -27.742          412.058
  587 (vir)          390.739          -1.711          -4.664         -27.742          412.107
  588 (vir)          390.739          -1.710          -4.664         -27.742          412.108
  589 (vir)          391.826          -1.750          -4.645         -27.712          413.142
  590 (vir)          391.832          -1.731          -4.645         -27.712          413.168
  591 (vir)          391.868          -1.749          -4.660         -27.735          413.194
  592 (vir)          391.869          -1.746          -4.660         -27.735          413.198
  593 (vir)          392.242          -1.719          -4.653         -27.718          413.588
  594 (vir)          392.243          -1.726          -4.653         -27.718          413.582
  595 (vir)          396.240          -1.767          -4.417         -27.380          417.436
  596 (vir)          397.537          -1.767          -4.399         -27.354          418.725
  597 (vir)          397.538          -1.767          -4.399         -27.353          418.725
  598 (vir)          397.813          -1.648          -5.893         -29.139          419.411
  599 (vir)          398.990          -1.716          -4.559         -27.532          420.246
  600 (vir)          398.992          -1.717          -4.559         -27.530          420.246
  601 (vir)          399.261          -1.836          -7.178         -30.658          420.905
  602 (vir)          399.861          -1.754          -4.363         -27.297          421.042
  603 (vir)          399.862          -1.753          -4.363         -27.296          421.042
  604 (vir)          401.307          -1.747          -4.386         -27.297          422.472
  605 (vir)          401.309          -1.744          -4.386         -27.295          422.474
  606 (vir)          401.896          -1.624          -8.500         -32.231          424.003
  607 (vir)          401.897          -1.693          -8.501         -32.230          423.934
  608 (vir)          402.387          -1.729          -4.312         -27.206          423.553
  609 (vir)          403.020          -1.523          -8.125         -31.794          425.166
  610 (vir)          403.021          -1.533          -8.124         -31.793          425.157
  611 (vir)          406.541          -1.684          -4.316         -27.173          427.714
  612 (vir)          409.414          -1.851          -7.518         -31.259          431.304
  613 (vir)          413.871          -1.706          -4.049         -26.804          434.920
  614 (vir)          416.174          -1.704          -4.042         -26.816          437.244
  615 (vir)          416.177          -1.704          -4.042         -26.812          437.244
  616 (vir)          419.044          -1.742          -4.151         -27.105          440.256
  617 (vir)          419.071          -1.669          -4.028         -26.810          440.185
  618 (vir)          419.074          -1.669          -4.028         -26.807          440.184
  619 (vir)          421.608          -1.673          -3.967         -26.699          442.666
  620 (vir)          421.744          -1.722          -4.169         -27.147          443.000
  621 (vir)          421.747          -1.716          -4.169         -27.143          443.006
  622 (vir)          423.779          -2.097          -5.926         -30.810          446.567
  623 (vir)          425.283          -2.081          -5.868         -30.710          448.044
  624 (vir)          425.284          -2.081          -5.868         -30.709          448.044
  625 (vir)          425.891          -1.841          -4.529         -27.906          447.428
  626 (vir)          425.892          -1.840          -4.528         -27.905          447.429
  627 (vir)          425.999          -2.055          -5.871         -30.729          448.802
  628 (vir)          426.000          -2.054          -5.871         -30.728          448.803
  629 (vir)          427.648          -2.036          -5.763         -30.507          450.355
  630 (vir)          427.650          -2.046          -5.763         -30.505          450.345
  631 (vir)          428.051          -2.041          -5.838         -30.684          450.856
  632 (vir)          428.224          -2.007          -5.814         -30.631          451.035
  633 (vir)          429.676          -2.021          -5.298         -29.560          451.917
  634 (vir)          429.677          -1.994          -5.297         -29.557          451.943
  635 (vir)          430.365          -2.175          -5.416         -30.088          452.862
  636 (vir)          431.748          -2.132          -5.375         -30.014          454.255
  637 (vir)          431.751          -2.132          -5.375         -30.011          454.255
  638 (vir)          433.104          -1.475          -3.807         -26.403          454.225
  639 (vir)          433.891          -2.215          -5.699         -30.295          456.272
  640 (vir)          434.171          -2.135          -5.338         -29.968          456.667
  641 (vir)          434.174          -2.136          -5.338         -29.965          456.666
  642 (vir)          437.079          -2.147          -5.297         -29.915          459.550
  643 (vir)          437.235          -2.008          -5.247         -29.770          459.751
  644 (vir)          439.491          -2.026          -5.266         -29.805          462.004
  645 (vir)          439.493          -2.025          -5.266         -29.802          462.005
  646 (vir)          441.287          -1.990          -5.193         -29.717          463.820
  647 (vir)          441.290          -1.969          -5.193         -29.714          463.841
  648 (vir)          443.016          -1.497          -7.180         -30.803          465.142
  649 (vir)          447.808          -1.355          -6.199         -29.904          470.159
  650 (vir)          447.810          -1.334          -6.201         -29.903          470.178
  651 (vir)          448.240          -1.683          -5.601         -30.409          471.365
  652 (vir)          449.745          -2.230          -5.164         -29.733          472.083
  653 (vir)          450.800          -1.583          -6.430         -31.154          473.942
  654 (vir)          450.804          -1.595          -6.432         -31.152          473.929
  655 (vir)          451.531          -1.476          -5.312         -29.548          474.292
  656 (vir)          451.537          -1.456          -5.311         -29.542          474.312
  657 (vir)          453.512          -1.483          -7.648         -31.986          476.367
  658 (vir)          453.517          -1.472          -7.647         -31.980          476.378
  659 (vir)          454.652          -1.616          -5.064         -29.448          477.420
  660 (vir)          457.684          -1.420          -8.407         -32.717          480.574
  661 (vir)          739.410          -1.541         -13.193         -46.432          771.108
  662 (vir)          759.022           0.299         -12.917         -46.194          792.597
  663 (vir)          759.026           0.322         -12.917         -46.192          792.624
  664 (vir)          768.833           0.134         -12.742         -46.030          802.255
  665 (vir)          768.835           0.455         -12.742         -46.032          802.580
  666 (vir)          781.267           0.109         -12.555         -45.855          814.676
  667 (vir)         1470.860          -0.756         -20.156         -67.365         1517.313
  668 (vir)         1474.026          -0.816         -20.124         -67.342         1520.427
  669 (vir)         1474.026          -0.812         -20.124         -67.342         1520.432
  670 (vir)         1478.370          -0.852         -20.078         -67.314         1524.753
  671 (vir)         1478.370          -0.925         -20.078         -67.314         1524.680
  672 (vir)         1487.414          -1.454         -19.987         -67.246         1533.219
  673 (vir)         3969.688          -1.121         -14.834         -94.607         4048.340
  674 (vir)         3990.015          -0.658         -14.749         -94.528         4069.136
  675 (vir)         3990.018          -0.658         -14.749         -94.528         4069.140
  676 (vir)         3997.888          -0.695         -14.714         -94.500         4076.979
  677 (vir)         3997.893          -0.698         -14.714         -94.500         4076.980
  678 (vir)         4010.340          -0.592         -14.660         -94.450         4089.538
  679 (vir)         7742.315          -1.848         -24.248        -138.420         7854.638
  680 (vir)         7746.135          -1.855         -24.237        -138.413         7858.457
  681 (vir)         7746.136          -1.855         -24.237        -138.413         7858.457
  682 (vir)         7751.155          -1.856         -24.222        -138.407         7863.483
  683 (vir)         7751.155          -1.858         -24.222        -138.407         7863.482
  684 (vir)         7762.345          -1.879         -24.189        -138.387         7874.665
