 
  kpoint:     0.0000    0.0000    0.0000
 
    n          ϵ_nk^DFT (eV)     Σ^c_nk (eV)     Σ^x_nk (eV)     v_n^xc (eV)   ϵ_nk^G0W0 (eV)
 
    1 (occ)         -660.513           2.631        -150.689         -94.982         -713.589
    2 (occ)         -271.278           4.227         -96.876         -61.534         -302.393
    3 (occ)         -269.047           4.416         -96.907         -61.554         -299.985
    4 (occ)          -30.740           8.914         -38.903         -25.035          -35.695
    5 (occ)          -19.141           5.434         -26.812         -17.709          -22.810
    6 (occ)          -15.062           3.659         -26.121         -18.440          -19.084
    7 (occ)          -13.089           2.961         -24.944         -18.139          -16.932
    8 (occ)          -11.827           2.467         -24.370         -17.886          -15.845
    9 (occ)          -11.120           4.143         -28.710         -20.910          -14.777
   10 (occ)          -10.011           1.343         -21.248         -15.777          -14.139
   11 (occ)           -8.866           2.793         -27.728         -20.716          -13.085
   12 (occ)           -6.528           0.155         -19.225         -15.400          -10.198
   13 (vir)           -0.917          -2.279          -7.593         -12.934            2.145
   14 (vir)            0.543          -1.082          -2.166          -5.389            2.685
   15 (vir)            0.961          -1.087          -2.061          -5.232            3.044
   16 (vir)            1.563          -1.939          -5.183          -9.807            4.248
   17 (vir)            1.922          -0.886          -1.645          -4.506            3.898
   18 (vir)            2.964          -0.982          -1.380          -4.380            4.982
   19 (vir)            3.096          -0.907          -1.311          -4.289            5.167
   20 (vir)            4.279          -1.304          -2.031          -5.616            6.561
   21 (vir)            4.838          -1.469          -1.640          -5.162            6.890
   22 (vir)            5.095          -1.589          -3.586          -7.667            7.586
   23 (vir)            5.942          -2.077          -3.779          -8.230            8.315
   24 (vir)            6.667          -0.988          -1.480          -4.748            8.947
   25 (vir)            7.512          -2.277          -3.532          -8.121            9.825
   26 (vir)            8.679          -1.835          -3.067          -7.801           11.578
   27 (vir)            8.689          -1.756          -2.297          -6.308           10.944
   28 (vir)            9.029          -2.001          -2.536          -6.890           11.382
   29 (vir)            9.982          -2.447          -2.955          -7.893           12.474
   30 (vir)           10.581          -2.522          -4.245          -9.704           13.518
   31 (vir)           11.366          -1.787          -2.186          -6.756           14.148
   32 (vir)           12.233          -1.839          -2.190          -6.705           14.909
   33 (vir)           12.868          -2.109          -2.335          -7.658           16.082
   34 (vir)           12.940          -1.200          -1.938          -5.926           15.727
   35 (vir)           14.708          -3.101          -3.249          -8.957           17.315
   36 (vir)           15.894          -2.032          -1.938          -6.808           18.732
   37 (vir)           16.111          -2.426          -2.270          -7.798           19.213
   38 (vir)           16.417          -2.365          -1.874          -6.947           19.125
   39 (vir)           18.524          -2.756          -2.580          -8.241           21.429
   40 (vir)           19.089          -2.725          -1.655          -7.241           21.951
   41 (vir)           19.170          -3.704          -2.515          -9.104           22.054
   42 (vir)           19.465          -3.261          -3.093          -9.590           22.700
   43 (vir)           19.802          -2.401          -1.299          -6.646           22.747
   44 (vir)           20.002          -2.727          -2.518          -8.246           23.003
   45 (vir)           21.116          -2.323          -1.265          -6.543           24.071
   46 (vir)           21.135          -2.279          -2.322          -7.800           24.333
   47 (vir)           22.529          -2.510          -2.143          -7.821           25.697
   48 (vir)           22.782          -2.437          -1.247          -6.691           25.789
   49 (vir)           23.342          -3.381          -2.059          -7.919           25.822
   50 (vir)           24.041          -2.070          -2.513          -8.344           27.802
   51 (vir)           25.846          -2.349          -1.353          -6.553           28.697
   52 (vir)           26.475          -2.808          -2.942          -8.981           29.706
   53 (vir)           27.530          -2.110          -1.590          -7.284           31.115
   54 (vir)           27.654          -2.505          -1.638          -7.273           30.784
   55 (vir)           28.477          -2.622          -1.540          -7.099           31.413
   56 (vir)           30.805          -3.381          -1.978          -8.415           33.861
   57 (vir)           31.147          -2.132          -0.917          -5.973           34.071
   58 (vir)           32.445          -3.559          -2.543          -9.614           35.958
   59 (vir)           34.338          -2.706          -1.442          -7.132           37.322
   60 (vir)           39.098          -3.308          -4.167         -12.620           44.243
   61 (vir)           40.455          -4.009          -2.071          -9.228           43.604
   62 (vir)           41.011          -1.795          -3.228         -11.222           47.210
   63 (vir)           41.129          -3.471          -3.800         -12.292           46.150
   64 (vir)           42.370          -2.400          -3.605         -11.815           48.181
   65 (vir)           42.892          -2.736          -3.054         -11.004           48.107
   66 (vir)           44.061          -3.079          -3.875         -12.416           49.523
   67 (vir)           44.157          -1.707          -2.825         -10.303           49.927
   68 (vir)           44.474          -2.942          -3.966         -12.202           49.767
   69 (vir)           45.149          -6.381          -3.056         -11.346           47.058
   70 (vir)           46.024          -3.680          -3.072         -11.651           50.923
   71 (vir)           47.096          -9.824          -3.135         -11.480           45.617
   72 (vir)           47.853          -3.541          -2.295         -10.714           52.731
   73 (vir)           48.467          -6.436          -2.985         -11.230           50.275
   74 (vir)           48.656          -2.367          -2.469         -10.820           54.640
   75 (vir)           50.302          -3.726          -2.930         -11.560           55.205
   76 (vir)           50.610          -2.735          -2.323         -10.927           56.479
   77 (vir)           51.094          -1.129          -2.971         -11.617           58.611
   78 (vir)           52.173          -4.205          -2.512         -11.039           56.494
   79 (vir)           52.569          -1.670          -1.747         -10.077           59.229
   80 (vir)           53.229          -0.613          -3.599         -12.764           61.780
   81 (vir)           54.051          -2.694          -2.040         -10.459           59.776
   82 (vir)           54.339          -2.502          -1.363          -9.449           59.924
   83 (vir)           56.040          -2.427          -1.835         -10.213           61.991
   84 (vir)           56.193          -1.404          -1.477          -9.783           63.095
   85 (vir)           56.785          -1.516          -2.642         -11.580           64.207
   86 (vir)           59.428          -2.519          -2.329         -10.901           65.481
   87 (vir)           60.884          -2.428          -1.777         -10.336           67.016
   88 (vir)           62.265          -1.616          -1.766         -10.310           69.194
   89 (vir)           62.353          -2.366          -1.424          -9.818           68.382
   90 (vir)           62.811          -1.612          -2.869         -12.121           70.452
   91 (vir)           64.092          -3.427          -2.371         -11.769           70.063
   92 (vir)           64.717          -1.982          -1.877         -10.581           71.439
   93 (vir)           65.140          -1.738          -1.972         -10.683           72.112
   94 (vir)           65.688          -2.511          -1.855         -10.745           72.068
   95 (vir)           67.114          -1.800          -1.898         -10.640           74.057
   96 (vir)           67.856          -2.254          -1.955         -11.076           74.722
   97 (vir)           67.982          -0.800          -1.368          -9.544           75.359
   98 (vir)           69.384          -0.977          -1.782         -10.514           77.139
   99 (vir)           69.568          -1.255          -2.000         -11.336           77.649
  100 (vir)           70.934          -1.106          -1.378          -9.666           78.116
  101 (vir)           71.696          -1.070          -1.389          -9.788           79.026
  102 (vir)           72.720          -1.725          -2.212         -11.942           80.725
  103 (vir)           73.967          -1.123          -2.592         -12.407           82.658
  104 (vir)           76.077          -0.995          -1.496         -10.468           84.054
  105 (vir)           76.190          -0.688          -1.497          -9.948           83.953
  106 (vir)           81.602          -0.542          -1.926         -11.201           90.335
  107 (vir)           82.376          -0.531          -1.313         -10.426           90.959
  108 (vir)           83.669          -0.836          -2.239         -11.577           92.171
  109 (vir)           86.581          -0.826          -2.864         -13.237           96.127
  110 (vir)           86.864          -0.628          -2.544         -12.570           96.262
  111 (vir)           88.348          -0.370          -2.315         -12.460           98.121
  112 (vir)           89.288          -0.573          -1.939         -12.026           98.801
  113 (vir)           90.036          -0.589          -2.893         -13.711          100.265
  114 (vir)           91.950          -0.139          -2.886         -14.398          103.323
  115 (vir)           93.220           0.493          -1.844         -12.301          104.169
  116 (vir)           93.454           0.407          -2.137         -13.014          104.738
  117 (vir)           96.397          -1.049          -3.709         -15.419          107.058
  118 (vir)           97.534           0.231          -2.332         -13.450          108.882
  119 (vir)           99.803           0.195          -2.468         -13.592          111.122
  120 (vir)          100.051           0.442          -1.968         -12.487          111.012
  121 (vir)          104.020          -0.040          -2.397         -13.351          114.935
  122 (vir)          106.995          -0.074          -2.401         -13.931          118.450
  123 (vir)          107.727          -0.635          -2.878         -14.840          119.054
  124 (vir)          110.903          -1.056          -4.139         -16.662          122.370
  125 (vir)          113.490          -1.500          -3.094         -15.698          124.594
  126 (vir)          114.345          -0.942          -2.715         -14.966          125.655
  127 (vir)          116.943          -0.395          -2.775         -14.587          128.359
  128 (vir)          117.515          -0.904          -3.116         -15.772          129.267
  129 (vir)          120.290          -0.318          -3.708         -16.731          132.996
  130 (vir)          124.331          -0.809          -3.569         -16.749          136.702
  131 (vir)          126.089          -0.708          -3.248         -16.172          138.305
  132 (vir)          130.053          -0.510          -2.822         -15.940          142.661
  133 (vir)          130.692          -0.186          -2.736         -15.580          143.350
  134 (vir)          131.997          -0.433          -2.878         -15.955          144.640
  135 (vir)          132.713          -0.178          -2.273         -14.768          145.030
  136 (vir)          134.576          -1.810          -3.685         -17.117          146.198
  137 (vir)          135.991          -1.782          -4.865         -18.947          148.291
  138 (vir)          136.476          -0.949          -3.241         -16.434          148.720
  139 (vir)          136.595          -0.752          -3.283         -16.723          149.284
  140 (vir)          140.559          -1.457          -4.281         -18.340          153.161
  141 (vir)          140.957          -0.481          -2.654         -15.763          153.585
  142 (vir)          142.812           0.221          -2.116         -14.623          155.539
  143 (vir)          144.925           0.216          -1.800         -14.321          157.662
  144 (vir)          145.538           0.121          -1.926         -14.613          158.346
  145 (vir)          147.516          -0.171          -2.635         -16.000          160.710
  146 (vir)          148.153          -1.110          -4.459         -19.032          161.617
  147 (vir)          149.446           0.118          -2.174         -15.193          162.584
  148 (vir)          149.964           0.267          -1.804         -14.689          163.118
  149 (vir)          151.285          -1.094          -4.300         -18.968          164.859
  150 (vir)          152.934           0.137          -2.057         -15.017          166.032
  151 (vir)          153.544           0.325          -1.887         -15.059          167.039
  152 (vir)          154.473           0.216          -1.755         -14.513          167.447
  153 (vir)          154.526          -0.012          -2.421         -15.619          167.712
  154 (vir)          155.154          -0.238          -2.741         -16.173          168.348
  155 (vir)          158.447          -0.072          -2.140         -15.136          171.371
  156 (vir)          159.182           0.254          -1.814         -14.459          172.081
  157 (vir)          159.753           0.510          -1.269         -12.884          171.878
  158 (vir)          160.848           0.055          -2.064         -14.543          173.383
  159 (vir)          160.937           0.053          -2.156         -15.287          174.120
  160 (vir)          161.984          -0.022          -2.230         -15.523          175.255
  161 (vir)          162.639           0.113          -2.279         -15.578          176.050
  162 (vir)          163.245          -0.580          -3.646         -18.043          177.062
  163 (vir)          164.009           0.240          -1.950         -14.370          176.669
  164 (vir)          164.457           0.056          -2.198         -15.411          177.727
  165 (vir)          164.482           0.104          -1.810         -14.269          177.045
  166 (vir)          166.402           0.232          -2.069         -15.225          179.791
  167 (vir)          167.501           0.216          -1.528         -13.590          179.778
  168 (vir)          168.190          -0.051          -2.618         -16.474          181.994
  169 (vir)          170.288          -0.534          -4.079         -19.352          185.027
  170 (vir)          171.013          -0.321          -3.290         -17.315          184.717
  171 (vir)          171.679          -0.673          -4.062         -19.111          186.055
  172 (vir)          173.500           0.004          -2.508         -16.284          187.279
  173 (vir)          175.430          -0.125          -3.195         -17.315          189.425
  174 (vir)          177.197          -0.450          -3.076         -17.456          191.127
  175 (vir)          177.278           0.316          -1.920         -15.902          191.575
  176 (vir)          178.703           0.045          -2.396         -15.912          192.265
  177 (vir)          181.725           0.075          -2.446         -16.242          195.595
  178 (vir)          182.153           0.385          -1.842         -15.550          196.247
  179 (vir)          183.531           0.335          -1.629         -15.157          197.394
  180 (vir)          184.801           0.529          -1.517         -14.719          198.532
  181 (vir)          184.955           0.237          -2.026         -15.534          198.700
  182 (vir)          187.287           0.326          -2.960         -17.061          201.714
  183 (vir)          188.782           0.038          -3.012         -17.477          203.285
  184 (vir)          193.762           0.189          -2.231         -15.308          207.028
  185 (vir)          194.667           0.227          -1.461         -14.563          207.996
  186 (vir)          196.486           0.527          -1.555         -14.737          210.194
  187 (vir)          197.461           0.535          -2.046         -15.524          211.475
  188 (vir)          198.083           0.437          -1.277         -13.680          210.923
  189 (vir)          199.135           0.290          -1.703         -14.947          212.669
  190 (vir)          199.961           0.598          -1.051         -13.324          212.832
  191 (vir)          201.546           0.566          -1.278         -14.118          214.953
  192 (vir)          202.518           0.589          -1.028         -13.208          215.287
  193 (vir)          204.000           0.519          -0.983         -12.934          216.470
  194 (vir)          205.011           0.594          -0.975         -12.956          217.587
  195 (vir)          206.213           0.269          -2.026         -15.063          219.519
  196 (vir)          206.420           0.506          -1.117         -13.013          218.822
  197 (vir)          209.080           0.204          -2.056         -15.872          223.100
  198 (vir)          211.811           0.509          -1.405         -14.236          225.151
  199 (vir)          212.746           0.386          -1.295         -13.794          225.632
  200 (vir)          213.705           0.621          -0.902         -12.906          226.331
  201 (vir)          214.826           0.638          -1.184         -13.591          227.871
  202 (vir)          216.608           0.443          -1.942         -15.754          230.862
  203 (vir)          218.688           0.816          -0.967         -13.753          232.290
  204 (vir)          219.613           0.512          -1.746         -14.632          233.012
  205 (vir)          220.610           0.594          -1.241         -14.002          233.965
  206 (vir)          221.326           0.711          -0.809         -12.973          234.201
  207 (vir)          223.870           0.474          -2.221         -16.486          238.608
  208 (vir)          224.842           0.461          -1.724         -15.598          239.176
  209 (vir)          225.981           0.341          -1.850         -15.563          240.036
  210 (vir)          226.510           0.606          -0.898         -13.209          239.428
  211 (vir)          229.112           0.646          -1.521         -15.154          243.392
  212 (vir)          229.692           0.647          -0.901         -13.293          242.731
  213 (vir)          233.666           0.620          -1.449         -15.656          248.493
  214 (vir)          236.318           0.674          -1.250         -15.054          250.796
  215 (vir)          237.408           0.779          -0.965         -13.901          251.123
  216 (vir)          237.892           0.412          -1.642         -15.407          252.069
  217 (vir)          244.422           0.382          -1.638         -15.880          259.047
  218 (vir)          246.305           0.467          -1.504         -14.966          260.235
  219 (vir)          248.096          -0.149          -3.383         -19.798          264.362
  220 (vir)          257.430           0.065          -2.444         -18.332          273.384
  221 (vir)          261.359           0.458          -1.536         -16.115          276.396
  222 (vir)          262.271           0.598          -1.413         -15.743          277.199
  223 (vir)          262.664           0.572          -1.052         -14.852          277.037
  224 (vir)          266.630           0.680          -1.000         -14.705          281.015
  225 (vir)          270.855           0.670          -1.371         -15.830          285.985
  226 (vir)          271.597           0.466          -1.755         -17.120          287.427
  227 (vir)          273.398           0.734          -1.041         -14.902          287.993
  228 (vir)          283.149           0.452          -3.973         -21.202          300.830
  229 (vir)          291.309           0.613          -1.309         -16.053          306.665
  230 (vir)          298.792           0.434          -1.714         -17.283          314.795
  231 (vir)          305.624           0.537          -2.909         -21.662          324.914
  232 (vir)          305.723           0.609          -3.012         -22.054          325.373
  233 (vir)          306.593           0.049          -2.072         -18.617          323.187
  234 (vir)          307.307           0.237          -2.938         -21.920          326.525
  235 (vir)          308.715           0.053          -2.504         -20.312          326.576
  236 (vir)          315.838           0.090          -2.864         -21.898          334.961
  237 (vir)          320.440          -0.100          -2.725         -21.013          338.629
  238 (vir)          324.839          -0.056          -2.977         -22.320          344.126
  239 (vir)          329.835          -0.080          -2.642         -20.727          347.841
  240 (vir)          335.659          -0.079          -2.877         -22.048          354.750
  241 (vir)          346.335           0.330          -2.538         -19.659          363.787
  242 (vir)          350.955           0.621          -2.502         -18.976          368.050
  243 (vir)          391.717          -1.593          -4.653         -27.723          413.194
  244 (vir)          392.467          -0.423          -4.638         -27.680          415.086
  245 (vir)          399.364          -1.515          -4.380         -27.312          420.780
  246 (vir)          400.819          -1.361          -7.721         -31.303          423.040
  247 (vir)          402.171          -1.373          -5.231         -28.254          423.821
  248 (vir)          416.724          -1.387          -4.052         -26.823          438.109
  249 (vir)          423.204          -1.234          -3.984         -26.700          444.686
  250 (vir)          425.859          -1.810          -5.884         -30.747          448.913
  251 (vir)          427.597          -1.807          -5.838         -30.667          450.620
  252 (vir)          433.251          -1.440          -5.363         -29.992          456.440
  253 (vir)          440.063          -1.487          -5.313         -29.912          463.174
  254 (vir)          448.228          -1.268          -7.386         -31.082          470.655
  255 (vir)          450.637          -1.573          -5.309         -30.029          473.784
  256 (vir)          761.785          -0.603         -12.844         -46.024          794.361
  257 (vir)          786.863          -0.689         -12.486         -45.683          819.372
  258 (vir)         1473.619          -1.429         -20.137         -67.354         1519.406
  259 (vir)         3991.200          -1.823         -14.764         -94.549         4069.161
  260 (vir)         4017.422          -2.087         -14.658         -94.457         4095.135
  261 (vir)         7745.218          -1.906         -24.241        -138.417         7857.488
