 
  kpoint:     0.0000    0.0000    0.0000
 
    n          ϵ_nk^DFT (eV)     Σ^c_nk (eV)     Σ^x_nk (eV)     v_n^xc (eV)   ϵ_nk^G0W0 (eV)
 
    1 (occ)         -659.911           2.899        -150.681         -94.981         -712.712
    2 (occ)          -29.985           7.276         -39.166         -25.226          -36.650
    3 (occ)          -13.409           2.056         -29.746         -21.788          -19.311
    4 (occ)           -9.567           2.827         -31.426         -22.876          -15.289
    5 (occ)           -9.567           2.827         -31.426         -22.876          -15.289
    6 (vir)           -0.403          -0.712          -2.890          -6.538            2.532
    7 (vir)            6.547          -1.363          -4.188          -9.114           10.110
    8 (vir)            7.601          -0.591          -1.694          -5.271           10.588
    9 (vir)            7.920          -0.605          -3.303          -7.484           11.497
   10 (vir)            7.920          -0.605          -3.303          -7.484           11.497
   11 (vir)           13.939          -0.963          -1.423          -6.055           17.608
   12 (vir)           13.939          -0.963          -1.423          -6.055           17.608
   13 (vir)           18.228          -1.524          -3.119          -8.690           22.275
   14 (vir)           24.321          -1.059          -1.341          -5.832           27.753
   15 (vir)           25.671          -2.669          -3.685         -10.494           29.811
   16 (vir)           34.475          -1.960          -4.384         -12.030           40.160
   17 (vir)           34.475          -1.960          -4.384         -12.030           40.160
   18 (vir)           42.113          -3.460          -4.472         -12.925           47.106
   19 (vir)           42.127          -2.881          -4.870         -13.394           47.770
   20 (vir)           42.127          -2.881          -4.870         -13.394           47.770
   21 (vir)           42.617          -3.031          -4.790         -13.310           48.107
   22 (vir)           42.617          -3.031          -4.790         -13.310           48.107
   23 (vir)           54.404          -1.787          -1.299          -8.575           59.895
   24 (vir)           54.404          -1.787          -1.299          -8.575           59.895
   25 (vir)           58.080          -1.316          -1.113          -8.504           64.156
   26 (vir)           58.080          -1.316          -1.113          -8.504           64.156
   27 (vir)           58.707          -1.031          -2.451         -10.633           65.858
   28 (vir)           66.294          -0.586          -1.938          -9.430           73.200
   29 (vir)           73.068          -2.089          -1.509          -9.649           79.119
   30 (vir)           73.068          -2.089          -1.509          -9.649           79.119
   31 (vir)           83.080          -1.562          -3.477         -13.706           91.748
   32 (vir)          100.285          -4.832          -6.333         -19.074          108.195
   33 (vir)          109.425          -0.078          -3.221         -15.840          121.966
   34 (vir)          109.425          -0.078          -3.221         -15.840          121.966
   35 (vir)          116.356          -2.029          -3.312         -15.957          126.972
   36 (vir)          116.357          -2.029          -3.312         -15.956          126.972
   37 (vir)          129.447          -2.333          -6.128         -20.561          141.547
   38 (vir)          129.447          -2.333          -6.128         -20.561          141.547
   39 (vir)          132.241          -2.472          -6.743         -21.669          144.695
   40 (vir)          132.241          -2.472          -6.743         -21.668          144.695
   41 (vir)          137.269          -1.134          -4.701         -18.860          150.293
   42 (vir)          141.429          -1.893          -5.916         -20.840          154.460
   43 (vir)          144.258          -1.025          -3.202         -16.444          156.475
   44 (vir)          144.258          -1.025          -3.202         -16.444          156.475
   45 (vir)          156.618           0.951          -0.777         -10.657          167.449
   46 (vir)          156.618           0.951          -0.777         -10.657          167.449
   47 (vir)          157.891           0.216          -2.639         -16.137          171.605
   48 (vir)          161.329          -1.977          -8.536         -26.705          177.520
   49 (vir)          161.329          -1.977          -8.536         -26.705          177.520
   50 (vir)          182.641           0.217          -1.199         -12.394          194.052
   51 (vir)          182.642           0.217          -1.199         -12.393          194.052
   52 (vir)          194.382          -0.037          -0.984         -11.692          205.052
   53 (vir)          195.032           0.184          -1.392         -13.323          207.147
   54 (vir)          195.032           0.184          -1.392         -13.323          207.147
   55 (vir)          204.456          -1.271          -4.999         -21.314          219.500
   56 (vir)          207.626           0.858          -0.931         -12.816          220.371
   57 (vir)          207.627           0.858          -0.931         -12.815          220.370
   58 (vir)          207.902           0.474          -1.170         -13.016          220.222
   59 (vir)          207.902           0.474          -1.170         -13.016          220.222
   60 (vir)          244.914          -0.559          -2.822         -18.448          259.981
   61 (vir)          250.983          -0.934          -2.462         -17.521          265.108
   62 (vir)          250.983          -0.934          -2.462         -17.521          265.108
   63 (vir)          306.313          -0.285          -3.022         -22.077          325.083
   64 (vir)          306.313          -0.285          -3.022         -22.077          325.083
   65 (vir)          309.599          -0.004          -2.919         -21.873          328.550
   66 (vir)          309.599          -0.004          -2.919         -21.873          328.550
   67 (vir)          333.365          -0.101          -2.746         -21.709          352.228
   68 (vir)          333.371          -0.101          -2.745         -21.703          352.228
   69 (vir)          333.379          -0.810          -4.112         -22.527          350.984
   70 (vir)          353.382          -0.363          -2.899         -22.532          372.653
   71 (vir)          359.542          -0.977          -3.258         -23.224          378.530
   72 (vir)          359.542          -0.977          -3.258         -23.224          378.530
   73 (vir)          391.589          -0.656          -4.666         -27.738          414.004
   74 (vir)          391.589          -0.656          -4.666         -27.738          414.004
   75 (vir)          397.172          -2.023          -9.212         -33.006          418.942
   76 (vir)          399.016          -1.321          -4.338         -27.157          420.514
   77 (vir)          399.018          -1.321          -4.338         -27.155          420.514
   78 (vir)          412.609          -1.438          -4.094         -26.833          433.909
   79 (vir)          412.609          -1.438          -4.094         -26.833          433.909
   80 (vir)          424.104          -1.934          -5.941         -30.824          447.054
   81 (vir)          424.105          -1.933          -5.941         -30.823          447.055
   82 (vir)          444.633          -1.755          -6.753         -30.617          466.743
   83 (vir)          459.486          -1.718          -4.682         -28.357          481.442
   84 (vir)          459.486          -1.718          -4.682         -28.357          481.442
   85 (vir)          513.199          -1.352          -4.711         -27.972          535.108
   86 (vir)         1469.932          -1.406         -20.165         -67.341         1515.702
   87 (vir)         7740.561          -1.903         -24.249        -138.413         7852.822
