 
  kpoint:     0.0000    0.0000    0.0000
 
    n          ϵ_nk^DFT (eV)     Σ^c_nk (eV)     Σ^x_nk (eV)     v_n^xc (eV)   ϵ_nk^G0W0 (eV)
 
    1 (occ)       -13090.167          -1.717        -645.673        -398.172       -13339.384
    2 (occ)       -13090.167          -1.717        -645.673        -398.172       -13339.384
    3 (occ)        -1682.805          -6.743        -238.784        -145.991        -1782.340
    4 (occ)        -1682.805          -6.744        -238.784        -145.991        -1782.341
    5 (occ)        -1517.265         -13.814        -232.456        -154.689        -1608.845
    6 (occ)        -1517.265         -13.806        -232.456        -154.689        -1608.837
    7 (occ)        -1517.095         -14.161        -232.626        -154.739        -1609.142
    8 (occ)        -1517.095         -14.161        -232.626        -154.739        -1609.142
    9 (occ)        -1517.095         -14.150        -232.626        -154.739        -1609.131
   10 (occ)        -1517.095         -14.150        -232.626        -154.739        -1609.131
   11 (occ)         -229.831          13.035        -103.624         -64.371         -256.048
   12 (occ)         -229.830          14.189        -103.622         -64.371         -254.892
   13 (occ)         -172.167          20.564         -94.946         -62.960         -183.589
   14 (occ)         -172.164          20.616         -94.949         -62.964         -183.533
   15 (occ)         -171.671          21.024         -95.312         -63.054         -182.904
   16 (occ)         -171.671          21.024         -95.312         -63.054         -182.904
   17 (occ)         -171.671          21.288         -95.312         -63.055         -182.640
   18 (occ)         -171.671          21.288         -95.312         -63.055         -182.640
   19 (occ)          -68.786          10.071         -77.811         -58.262          -78.263
   20 (occ)          -68.730          10.055         -77.920         -58.380          -78.215
   21 (occ)          -68.642           9.921         -77.900         -58.339          -78.282
   22 (occ)          -68.642           9.921         -77.900         -58.339          -78.282
   23 (occ)          -68.626           9.768         -77.931         -58.377          -78.413
   24 (occ)          -68.626           9.768         -77.931         -58.377          -78.413
   25 (occ)          -68.271          10.021         -78.068         -58.450          -77.867
   26 (occ)          -68.271          10.021         -78.068         -58.450          -77.867
   27 (occ)          -68.270          10.044         -78.072         -58.454          -77.843
   28 (occ)          -68.270          10.044         -78.072         -58.454          -77.843
   29 (occ)          -21.504           6.229         -26.509         -18.123          -23.661
   30 (occ)          -18.375           5.053         -26.212         -18.879          -20.655
   31 (occ)          -10.891           0.120         -19.286         -15.952          -14.105
   32 (occ)           -8.938           1.435         -19.361         -14.692          -12.172
   33 (occ)           -8.938           1.435         -19.361         -14.692          -12.172
   34 (occ)           -6.829           0.617         -19.536         -15.529          -10.219
   35 (occ)           -6.829           0.617         -19.536         -15.529          -10.219
   36 (vir)           -4.437          -1.699         -10.769         -15.509           -1.396
   37 (vir)            3.030          -1.473          -3.162          -7.204            5.600
   38 (vir)            3.052          -1.256          -2.491          -5.882            5.187
   39 (vir)            3.766          -0.907          -2.246          -5.625            6.237
   40 (vir)            3.766          -0.907          -2.246          -5.625            6.237
   41 (vir)            3.893          -1.649          -2.962          -7.015            6.297
   42 (vir)            4.831          -0.945          -2.387          -5.776            7.275
   43 (vir)            4.831          -0.945          -2.387          -5.776            7.275
   44 (vir)            5.041          -2.202          -6.283         -11.582            8.137
   45 (vir)            5.041          -2.202          -6.283         -11.582            8.137
   46 (vir)            6.031          -2.096          -5.335         -10.572            9.172
   47 (vir)            6.031          -2.096          -5.335         -10.572            9.172
   48 (vir)            8.337          -2.294          -3.531          -8.429           10.941
   49 (vir)            8.589          -2.522          -5.622         -11.207           11.652
   50 (vir)            8.589          -2.522          -5.622         -11.207           11.652
   51 (vir)           10.629          -2.529          -5.339         -11.372           14.134
   52 (vir)           12.547          -4.550          -4.841         -11.255           14.411
   53 (vir)           12.547          -4.550          -4.841         -11.255           14.411
   54 (vir)           17.054          -2.119          -4.383         -10.546           21.099
   55 (vir)           21.906          -5.340          -2.478          -9.854           23.942
   56 (vir)           21.906          -5.340          -2.478          -9.854           23.942
   57 (vir)           22.622          -4.752          -3.316         -10.525           25.078
   58 (vir)           23.472          -6.631          -3.192         -10.903           24.552
   59 (vir)           23.472          -6.631          -3.192         -10.903           24.552
   60 (vir)           24.045          -4.026          -2.337          -9.730           27.412
   61 (vir)           24.045          -4.026          -2.337          -9.730           27.412
   62 (vir)           26.167          -3.443          -5.177         -12.374           29.921
   63 (vir)           26.167          -3.443          -5.177         -12.374           29.921
   64 (vir)           26.208          -1.568          -2.386          -9.986           32.242
   65 (vir)           26.208          -1.568          -2.386          -9.986           32.242
   66 (vir)           26.997          -3.297          -4.973         -12.378           31.105
   67 (vir)           26.997          -3.297          -4.973         -12.378           31.105
   68 (vir)           29.318          -3.084          -3.506         -11.416           34.144
   69 (vir)           29.665          -4.239          -2.779         -10.885           33.532
   70 (vir)           29.665          -4.239          -2.779         -10.885           33.532
   71 (vir)           30.188          -3.032          -6.122         -14.713           35.747
   72 (vir)           35.384          -3.556          -5.623         -14.778           40.983
   73 (vir)           35.384          -3.556          -5.623         -14.778           40.983
   74 (vir)           35.516          -2.428          -6.100         -14.690           41.679
   75 (vir)           35.815          -2.628          -7.615         -17.008           42.581
   76 (vir)           35.815          -2.628          -7.615         -17.008           42.581
   77 (vir)           37.465          -2.710          -6.748         -16.328           44.335
   78 (vir)           37.465          -2.710          -6.748         -16.328           44.335
   79 (vir)           38.104          -2.422          -6.838         -16.124           44.968
   80 (vir)           38.104          -2.422          -6.838         -16.124           44.968
   81 (vir)           39.962          -2.521          -7.556         -16.877           46.763
   82 (vir)           41.618          -2.406          -5.895         -14.387           47.704
   83 (vir)           44.732          -3.035          -3.679         -12.508           50.527
   84 (vir)           44.732          -3.035          -3.679         -12.508           50.527
   85 (vir)           47.577          -2.634          -4.532         -14.150           54.561
   86 (vir)           62.935          -2.922          -4.393         -14.563           70.182
   87 (vir)           63.939           0.348          -2.649         -13.371           75.009
   88 (vir)           63.939           0.348          -2.649         -13.371           75.009
   89 (vir)           64.280          -2.004          -3.403         -14.388           73.262
   90 (vir)           65.099           1.106          -2.189         -12.932           76.948
   91 (vir)           65.099           1.106          -2.189         -12.932           76.948
   92 (vir)           67.924           2.702          -2.340         -13.265           81.551
   93 (vir)           67.924           2.702          -2.340         -13.265           81.551
   94 (vir)           70.291           2.436          -2.204         -13.192           83.715
   95 (vir)           70.291           2.436          -2.204         -13.192           83.715
   96 (vir)           70.747           2.859          -2.199         -13.209           84.616
   97 (vir)           70.747           2.859          -2.199         -13.209           84.616
   98 (vir)           70.750          -3.986          -3.917         -15.465           78.313
   99 (vir)           70.750          -3.986          -3.917         -15.465           78.313
  100 (vir)           70.919           1.420          -3.149         -14.438           83.629
  101 (vir)           70.919           1.420          -3.149         -14.438           83.629
  102 (vir)           70.980          -4.676          -3.897         -15.434           77.841
  103 (vir)           70.980          -4.676          -3.897         -15.434           77.841
  104 (vir)           71.332          -2.205          -3.427         -14.811           80.511
  105 (vir)           71.332          -2.205          -3.427         -14.811           80.511
  106 (vir)           72.815          -3.652          -3.649         -15.158           80.672
  107 (vir)           72.815          -3.652          -3.649         -15.158           80.672
  108 (vir)           73.446           2.646          -2.962         -14.267           87.398
  109 (vir)           73.446           2.646          -2.962         -14.267           87.398
  110 (vir)           73.852          -2.055          -3.946         -15.591           83.442
  111 (vir)           76.865          -1.208          -3.737         -15.482           87.403
  112 (vir)           76.865          -1.208          -3.737         -15.482           87.403
  113 (vir)           81.814          -0.025          -2.380         -13.672           93.081
  114 (vir)           81.814          -0.025          -2.380         -13.672           93.081
  115 (vir)           84.950          -1.842          -6.222         -18.951           95.837
  116 (vir)           97.034          -0.956          -4.122         -15.653          107.608
  117 (vir)           97.150          -1.173          -2.590         -14.201          107.588
  118 (vir)           97.150          -1.173          -2.590         -14.201          107.588
  119 (vir)          102.197           4.190          -9.982         -23.832          120.238
  120 (vir)          102.197           4.190          -9.982         -23.832          120.238
  121 (vir)          104.085          -3.563          -9.421         -23.063          114.163
  122 (vir)          104.085          -3.563          -9.421         -23.063          114.163
  123 (vir)          108.751          -1.799         -10.063         -24.529          121.418
  124 (vir)          112.677           2.065          -8.340         -22.258          128.660
  125 (vir)          129.309           0.042         -14.575         -32.378          147.153
  126 (vir)          129.309           0.042         -14.575         -32.378          147.154
  127 (vir)          130.164          -0.334         -14.242         -31.940          147.528
  128 (vir)          130.164          -0.334         -14.242         -31.940          147.528
  129 (vir)          130.698          -1.581         -14.473         -32.273          146.918
  130 (vir)          130.698          -1.581         -14.473         -32.273          146.917
  131 (vir)          133.557          -0.114         -14.193         -32.031          151.281
  132 (vir)          133.557          -0.114         -14.193         -32.031          151.281
  133 (vir)          136.442          -0.903         -12.671         -29.743          152.611
  134 (vir)          145.329          -1.149         -13.184         -31.194          162.190
  135 (vir)          199.546           1.626         -16.786         -36.043          220.429
  136 (vir)          220.911           1.729         -15.652         -34.990          241.979
  137 (vir)          361.437           1.937         -24.989         -53.861          392.247
  138 (vir)          361.437           1.937         -24.989         -53.861          392.247
  139 (vir)          363.115           1.952         -24.941         -53.828          393.954
  140 (vir)          363.115           1.952         -24.941         -53.828          393.954
  141 (vir)          364.485           1.847         -24.721         -53.711          395.322
  142 (vir)          370.677           1.812         -24.492         -53.525          401.522
  143 (vir)          769.042           1.515         -29.030         -66.455          807.982
  144 (vir)          785.754           1.529         -28.678         -66.226          824.831
  145 (vir)         2551.594           1.758         -44.180        -109.720         2618.892
  146 (vir)         2566.905           1.835         -44.004        -109.625         2634.360
  147 (vir)         8712.710           0.781         -75.125        -197.762         8836.129
  148 (vir)         8727.188           0.802         -75.044        -197.718         8850.664
  149 (vir)        49400.998           0.057        -124.964        -446.128        49722.220
  150 (vir)        49427.735           0.057        -124.934        -446.154        49749.012
