 
  kpoint:     0.0000    0.0000    0.0000
 
    n          ϵ_nk^DFT (eV)     Σ^c_nk (eV)     Σ^x_nk (eV)     v_n^xc (eV)   ϵ_nk^G0W0 (eV)
 
    1 (occ)         -380.620           2.756        -114.642         -72.587         -419.919
    2 (occ)         -270.036           3.406         -96.892         -61.543         -301.979
    3 (occ)         -270.031           3.406         -96.891         -61.543         -301.974
    4 (occ)         -269.712           3.405         -96.898         -61.547         -301.659
    5 (occ)         -269.484           3.405         -96.897         -61.549         -301.427
    6 (occ)         -269.471           3.406         -96.898         -61.549         -301.415
    7 (occ)          -23.514           7.398         -28.763         -18.495          -26.385
    8 (occ)          -20.028           6.199         -26.657         -17.508          -22.978
    9 (occ)          -18.916           5.653         -25.890         -17.154          -21.999
   10 (occ)          -15.602           4.004         -24.281         -17.012          -18.866
   11 (occ)          -15.585           4.084         -24.067         -16.730          -18.838
   12 (occ)          -13.103           3.154         -21.103         -14.896          -16.157
   13 (occ)          -11.857           2.511         -22.926         -17.355          -14.917
   14 (occ)          -11.541           2.364         -21.368         -15.442          -15.102
   15 (occ)          -10.479           1.945         -20.852         -15.509          -13.877
   16 (occ)           -9.928           2.290         -18.617         -14.028          -12.227
   17 (occ)           -9.831           2.040         -21.326         -15.994          -13.123
   18 (occ)           -8.821           1.284         -21.015         -16.207          -12.345
   19 (occ)           -7.305           0.208         -17.323         -14.424           -9.995
   20 (occ)           -6.697          -0.242         -16.031         -13.562           -9.408
   21 (occ)           -5.931           2.039         -22.315         -17.192           -9.015
   22 (vir)           -1.879          -2.673          -9.054         -14.108            0.502
   23 (vir)           -1.515          -2.776          -7.999         -13.187            0.897
   24 (vir)            0.142          -1.326          -2.153          -5.356            2.018
   25 (vir)            0.792          -1.207          -1.753          -4.719            2.551
   26 (vir)            1.074          -1.201          -1.733          -4.685            2.825
   27 (vir)            1.677          -1.242          -1.843          -4.863            3.455
   28 (vir)            1.927          -1.260          -1.918          -4.971            3.719
   29 (vir)            2.110          -4.637          -5.975         -12.298            3.797
   30 (vir)            2.404          -1.507          -2.230          -5.809            4.475
   31 (vir)            2.715          -1.729          -1.752          -5.202            4.436
   32 (vir)            3.073          -1.401          -2.186          -5.463            4.949
   33 (vir)            3.467          -1.165          -1.304          -4.324            5.322
   34 (vir)            3.674          -1.342          -1.295          -4.382            5.418
   35 (vir)            3.957          -1.617          -1.523          -4.856            5.673
   36 (vir)            4.274          -1.432          -1.928          -5.270            6.184
   37 (vir)            4.381          -1.326          -1.749          -4.927            6.234
   38 (vir)            4.930          -1.185          -1.334          -4.276            6.687
   39 (vir)            5.640          -1.560          -1.308          -4.684            7.456
   40 (vir)            6.057          -2.103          -1.558          -5.241            7.637
   41 (vir)            6.124          -2.408          -4.529          -9.235            8.421
   42 (vir)            6.420          -2.175          -3.418          -7.850            8.677
   43 (vir)            6.612          -2.843          -5.460         -10.859            9.168
   44 (vir)            6.968          -2.549          -4.026          -8.808            9.201
   45 (vir)            7.272          -1.454          -1.976          -5.260            9.101
   46 (vir)            7.564          -2.878          -4.759         -10.091           10.018
   47 (vir)            7.675          -2.039          -2.735          -6.832            9.733
   48 (vir)            7.968          -2.364          -3.310          -7.655            9.949
   49 (vir)            8.063          -1.868          -2.565          -6.372           10.003
   50 (vir)            8.187          -2.151          -2.831          -7.011           10.216
   51 (vir)            8.362          -2.789          -3.002          -8.183           10.753
   52 (vir)            9.286          -2.404          -3.427          -8.038           11.493
   53 (vir)            9.477          -1.724          -1.490          -5.435           11.698
   54 (vir)           10.328          -1.587          -1.256          -4.780           12.265
   55 (vir)           10.497          -2.847          -3.658          -8.846           12.838
   56 (vir)           10.917          -2.138          -2.751          -6.904           12.932
   57 (vir)           11.091          -2.000          -2.439          -6.393           13.046
   58 (vir)           11.516          -2.097          -1.989          -6.152           13.581
   59 (vir)           12.011          -1.728          -1.811          -5.594           14.067
   60 (vir)           12.675          -1.787          -1.607          -5.478           14.760
   61 (vir)           12.793          -2.785          -2.925          -7.945           15.027
   62 (vir)           13.082          -2.562          -2.594          -7.270           15.197
   63 (vir)           13.348          -2.758          -2.965          -8.717           16.343
   64 (vir)           13.648          -2.655          -2.224          -7.401           16.170
   65 (vir)           14.127          -4.459          -5.002         -12.008           16.675
   66 (vir)           14.245          -2.773          -2.244          -7.531           16.758
   67 (vir)           14.263          -2.901          -2.944          -8.047           16.465
   68 (vir)           15.703          -4.549          -5.088         -11.963           18.029
   69 (vir)           16.406          -3.450          -2.017          -7.447           18.387
   70 (vir)           16.664          -2.870          -2.387          -7.477           18.884
   71 (vir)           16.810          -3.136          -3.315          -8.901           19.260
   72 (vir)           17.021          -3.157          -2.168          -7.884           19.580
   73 (vir)           17.373          -3.683          -2.927          -8.967           19.729
   74 (vir)           17.759          -4.413          -2.321          -8.640           19.665
   75 (vir)           17.785          -3.724          -3.112          -9.191           20.140
   76 (vir)           18.494          -3.781          -3.112          -9.251           20.852
   77 (vir)           19.377          -4.030          -2.204          -8.534           21.678
   78 (vir)           19.407          -3.044          -2.323          -7.605           21.645
   79 (vir)           19.426          -3.917          -2.007          -7.965           21.467
   80 (vir)           19.523          -3.759          -1.863          -7.735           21.636
   81 (vir)           19.646          -4.843          -2.331          -8.855           21.327
   82 (vir)           19.682          -3.324          -1.972          -7.562           21.948
   83 (vir)           20.482          -3.980          -2.867          -9.143           22.778
   84 (vir)           20.799          -2.968          -2.136          -7.374           23.068
   85 (vir)           21.232          -3.476          -1.602          -7.349           23.502
   86 (vir)           21.262          -3.212          -2.036          -7.473           23.487
   87 (vir)           22.491          -3.526          -2.401          -8.162           24.727
   88 (vir)           22.741          -3.388          -1.587          -7.031           24.796
   89 (vir)           22.806          -4.152          -2.906          -9.253           25.001
   90 (vir)           23.528          -4.168          -2.751          -8.922           25.531
   91 (vir)           23.535          -3.110          -1.172          -6.595           25.849
   92 (vir)           23.805          -2.953          -1.425          -7.041           26.469
   93 (vir)           23.912          -3.999          -2.448          -8.751           26.216
   94 (vir)           24.570          -3.740          -1.472          -7.336           26.694
   95 (vir)           24.924          -3.325          -1.217          -6.835           27.217
   96 (vir)           26.029          -3.508          -1.876          -7.599           28.244
   97 (vir)           26.155          -3.475          -1.873          -7.736           28.544
   98 (vir)           26.353          -4.175          -1.670          -7.297           27.804
   99 (vir)           26.613          -2.805          -1.719          -7.938           30.027
  100 (vir)           26.827          -3.423          -1.851          -7.071           28.624
  101 (vir)           27.527          -2.996          -1.778          -7.405           30.158
  102 (vir)           27.910          -3.532          -1.779          -7.455           30.055
  103 (vir)           28.135          -3.033          -1.626          -7.928           31.405
  104 (vir)           28.981          -4.568          -2.426          -8.750           30.737
  105 (vir)           29.402          -4.286          -2.045          -8.297           31.368
  106 (vir)           29.700          -3.643          -2.206          -8.606           32.457
  107 (vir)           29.972          -2.618          -2.270          -8.878           33.963
  108 (vir)           30.380          -3.153          -1.512          -7.440           33.154
  109 (vir)           30.584          -2.628          -2.007          -8.578           34.527
  110 (vir)           30.622          -3.538          -1.973          -8.345           33.456
  111 (vir)           31.506          -4.124          -2.397          -9.665           34.650
  112 (vir)           31.649          -3.697          -1.962          -8.549           34.538
  113 (vir)           31.709          -3.398          -1.561          -7.683           34.433
  114 (vir)           32.905          -3.372          -1.689          -8.014           35.857
  115 (vir)           33.180          -2.948          -1.111          -6.664           35.786
  116 (vir)           34.503          -3.297          -1.570          -7.870           37.505
  117 (vir)           34.606          -3.713          -2.479          -9.436           37.851
  118 (vir)           36.413          -3.117          -2.017          -8.571           39.849
  119 (vir)           37.569          -2.524          -1.438          -7.519           41.126
  120 (vir)           38.433          -3.585          -2.335          -9.710           42.223
  121 (vir)           38.811          -3.126          -2.266          -9.378           42.797
  122 (vir)           38.951          -4.097          -1.788          -8.493           41.559
  123 (vir)           40.166          -2.993          -1.927          -8.741           43.986
  124 (vir)           40.585          -2.350          -2.360          -9.467           45.342
  125 (vir)           41.188          -3.022          -2.148          -9.442           45.460
  126 (vir)           41.901          -3.602          -2.372          -9.963           45.890
  127 (vir)           41.935          -2.350          -3.195         -11.842           48.232
  128 (vir)           42.328          -2.981          -1.783          -9.346           46.909
  129 (vir)           42.879          -3.337          -2.677         -10.643           47.509
  130 (vir)           43.889          -3.918          -3.272         -12.288           48.987
  131 (vir)           44.023          -3.013          -2.756         -10.826           49.079
  132 (vir)           44.348          -0.995          -2.710         -11.252           51.895
  133 (vir)           45.673          -2.652          -2.280          -9.833           50.574
  134 (vir)           46.348          -2.232          -2.484         -10.742           52.373
  135 (vir)           46.576          -3.726          -2.611         -11.347           51.585
  136 (vir)           46.670          -2.800          -2.297          -9.879           51.452
  137 (vir)           47.024          -1.205          -3.059         -11.140           53.899
  138 (vir)           47.293          -1.477          -2.573         -11.004           54.247
  139 (vir)           47.820          -2.444          -2.120          -9.822           53.078
  140 (vir)           47.870          -2.819          -2.501         -11.248           53.797
  141 (vir)           48.800          -2.443          -2.241         -10.185           54.301
  142 (vir)           49.372          -2.210          -2.365         -10.770           55.566
  143 (vir)           50.073          -2.177          -2.279         -10.422           56.038
  144 (vir)           50.434          -2.034          -2.460         -10.805           56.745
  145 (vir)           50.631          -2.482          -2.321         -11.167           56.994
  146 (vir)           51.064          -1.621          -2.330         -10.288           57.401
  147 (vir)           51.687          -2.925          -2.150         -10.312           56.924
  148 (vir)           51.927          -2.229          -2.436         -10.474           57.735
  149 (vir)           52.194          -2.480          -2.265         -10.699           58.147
  150 (vir)           52.268          -1.799          -2.018         -10.443           58.895
  151 (vir)           52.340          -1.630          -1.639          -9.902           58.973
  152 (vir)           52.657          -2.194          -2.064         -10.647           59.045
  153 (vir)           52.933          -2.522          -2.120         -10.740           59.031
  154 (vir)           54.190          -2.208          -1.961         -10.341           60.362
  155 (vir)           54.875          -2.830          -2.371         -10.705           60.379
  156 (vir)           54.915          -1.764          -2.171         -11.285           62.266
  157 (vir)           55.015          -1.692          -2.290         -10.866           61.899
  158 (vir)           55.571          -1.409          -2.009         -10.762           62.916
  159 (vir)           55.938          -1.388          -1.849         -10.040           62.741
  160 (vir)           56.900          -1.107          -1.993         -10.345           64.145
  161 (vir)           57.057          -0.687          -1.861         -10.494           65.003
  162 (vir)           57.171          -1.947          -2.107         -10.391           63.507
  163 (vir)           57.523          -1.441          -2.537         -11.271           64.816
  164 (vir)           57.570          -2.009          -1.717         -10.303           64.148
  165 (vir)           57.801          -1.715          -2.059         -10.972           64.999
  166 (vir)           58.796          -1.501          -3.112         -12.481           66.664
  167 (vir)           59.502          -0.872          -1.520          -9.973           67.083
  168 (vir)           59.814          -1.232          -1.559         -10.023           67.046
  169 (vir)           60.012         -11.056          -1.910         -10.448           57.494
  170 (vir)           60.565          -1.779          -1.949         -10.397           67.234
  171 (vir)           61.012          -0.913          -1.359          -9.645           68.384
  172 (vir)           61.430          -1.561          -1.891         -10.592           68.569
  173 (vir)           62.118          -1.408          -2.731         -11.834           69.813
  174 (vir)           62.635          -1.075          -1.509          -9.970           70.021
  175 (vir)           62.913          -1.794          -2.305         -11.069           69.883
  176 (vir)           63.956          -1.056          -2.284         -11.732           72.348
  177 (vir)           64.023          -0.976          -2.541         -12.297           72.802
  178 (vir)           64.500          -1.225          -1.977         -10.786           72.084
  179 (vir)           64.599          -1.671          -1.874         -10.581           71.635
  180 (vir)           64.618          -0.726          -1.803         -10.756           72.845
  181 (vir)           65.390          -1.311          -2.118         -10.902           72.864
  182 (vir)           66.386          -1.104          -2.626         -12.715           75.371
  183 (vir)           66.409          -1.545          -2.186         -11.210           73.889
  184 (vir)           67.401          -0.182          -1.263          -9.559           75.515
  185 (vir)           67.444          -0.874          -2.188         -11.295           75.677
  186 (vir)           67.638          -0.260          -1.357          -9.800           75.821
  187 (vir)           68.198          -0.628          -1.654         -10.291           76.207
  188 (vir)           68.340          -2.088          -2.014         -11.061           75.299
  189 (vir)           68.349          -0.955          -2.780         -13.159           77.774
  190 (vir)           68.496          -1.187          -2.085         -10.877           76.101
  191 (vir)           69.446          -1.484          -1.709         -10.152           76.405
  192 (vir)           69.737          -0.283          -1.303          -9.893           78.043
  193 (vir)           69.876          -0.820          -1.993         -10.899           77.962
  194 (vir)           69.978          -0.811          -1.975         -10.897           78.088
  195 (vir)           69.995          -1.119          -3.276         -14.161           79.761
  196 (vir)           71.923          -0.921          -1.636         -10.465           79.831
  197 (vir)           72.234          -0.933          -1.720         -10.490           80.071
  198 (vir)           72.309          -0.918          -2.010         -11.456           80.837
  199 (vir)           73.210          -0.733          -2.113         -11.749           82.113
  200 (vir)           73.674          -0.692          -2.279         -11.917           82.619
  201 (vir)           73.829          -1.221          -2.679         -12.876           82.806
  202 (vir)           74.800          -0.777          -1.721         -10.518           82.819
  203 (vir)           75.391          -0.876          -1.639         -10.256           83.132
  204 (vir)           76.555          -0.579          -2.344         -12.157           85.789
  205 (vir)           76.669          -0.836          -2.846         -13.085           86.071
  206 (vir)           76.771          -0.351          -1.508         -10.603           85.515
  207 (vir)           77.003          -0.891          -1.829         -10.942           85.225
  208 (vir)           77.691          -0.558          -2.111         -11.859           86.882
  209 (vir)           78.376          -0.985          -2.031         -11.878           87.238
  210 (vir)           80.358          -0.465          -1.917         -11.999           89.975
  211 (vir)           80.860          -0.969          -2.268         -12.153           89.777
  212 (vir)           81.014          -0.600          -2.024         -11.598           89.989
  213 (vir)           81.986          -0.578          -2.107         -12.464           91.765
  214 (vir)           82.325          -1.805          -3.105         -13.835           91.250
  215 (vir)           82.454          -1.068          -2.010         -11.459           90.836
  216 (vir)           84.626          -0.712          -2.308         -12.445           94.052
  217 (vir)           84.968          -0.828          -2.592         -13.680           95.228
  218 (vir)           85.186          -0.376          -1.802         -11.831           94.839
  219 (vir)           86.649          -0.586          -2.384         -12.471           96.150
  220 (vir)           87.198          -0.545          -3.014         -14.283           97.922
  221 (vir)           87.905          -0.643          -2.568         -13.801           98.495
  222 (vir)           88.599          -0.626          -2.545         -13.271           98.699
  223 (vir)           89.523          -0.503          -2.112         -12.605           99.512
  224 (vir)           89.598          -0.872          -2.244         -12.410           98.891
  225 (vir)           89.913          -0.462          -2.033         -12.068           99.485
  226 (vir)           90.046          -0.485          -2.288         -12.456           99.729
  227 (vir)           91.072          -0.859          -2.547         -13.185          100.851
  228 (vir)           92.528          -0.657          -2.654         -14.151          103.367
  229 (vir)           92.705          -0.607          -2.299         -12.568          102.368
  230 (vir)           92.813          -0.415          -2.661         -13.543          103.280
  231 (vir)           93.153          -0.457          -2.188         -12.909          103.417
  232 (vir)           93.679           0.005          -2.246         -12.522          103.960
  233 (vir)           94.242          -0.444          -2.429         -12.952          104.321
  234 (vir)           95.711           0.049          -2.562         -14.274          107.472
  235 (vir)           96.042          -0.808          -2.587         -13.806          106.453
  236 (vir)           97.267           0.051          -2.092         -13.298          108.525
  237 (vir)           97.323          -0.139          -1.821         -12.680          108.043
  238 (vir)           98.477          -0.262          -3.038         -14.925          110.102
  239 (vir)           99.562          -0.102          -1.954         -12.736          110.242
  240 (vir)           99.791          -0.216          -3.026         -14.904          111.453
  241 (vir)          102.068          -0.391          -2.855         -14.512          113.334
  242 (vir)          102.910          -0.360          -3.381         -15.374          114.542
  243 (vir)          103.180          -0.977          -3.457         -15.683          114.429
  244 (vir)          103.858           0.119          -1.804         -12.416          114.589
  245 (vir)          104.428          -0.690          -2.268         -13.338          114.808
  246 (vir)          104.853          -0.373          -3.001         -15.040          116.519
  247 (vir)          105.210          -0.261          -2.227         -13.692          116.415
  248 (vir)          106.658          -0.687          -2.534         -13.804          117.241
  249 (vir)          107.360          -0.902          -2.166         -13.960          118.251
  250 (vir)          109.680          -0.569          -2.654         -14.268          120.725
  251 (vir)          110.410          -0.073          -2.596         -14.624          122.365
  252 (vir)          110.412          -0.224          -2.077         -13.504          121.616
  253 (vir)          110.940          -0.441          -2.378         -14.183          122.303
  254 (vir)          112.139           0.068          -1.829         -12.688          123.066
  255 (vir)          113.186          -0.152          -2.232         -13.615          124.417
  256 (vir)          114.550          -0.252          -2.402         -14.092          125.988
  257 (vir)          117.188          -0.356          -4.251         -18.464          131.044
  258 (vir)          118.790          -0.387          -2.143         -14.037          130.297
  259 (vir)          121.767          -0.131          -2.290         -14.273          133.619
  260 (vir)          122.616          -0.509          -1.988         -13.792          133.911
  261 (vir)          124.500          -0.284          -2.581         -15.526          137.160
  262 (vir)          124.653          -0.039          -2.309         -14.923          137.228
  263 (vir)          126.395          -0.285          -2.250         -14.288          138.148
  264 (vir)          127.495           0.065          -2.640         -15.571          140.491
  265 (vir)          127.627          -0.189          -2.116         -14.842          140.164
  266 (vir)          129.311          -0.127          -2.279         -14.822          141.728
  267 (vir)          130.090          -0.058          -3.184         -16.465          143.314
  268 (vir)          130.544          -0.085          -1.847         -14.400          143.011
  269 (vir)          130.943          -0.432          -2.008         -14.598          143.101
  270 (vir)          134.355           0.014          -2.487         -15.449          147.332
  271 (vir)          134.562           0.096          -2.364         -15.183          147.476
  272 (vir)          134.707          -0.126          -1.967         -14.498          147.112
  273 (vir)          135.104          -0.175          -1.831         -14.226          147.324
  274 (vir)          135.796           0.165          -2.144         -14.815          148.631
  275 (vir)          138.354          -0.016          -1.766         -14.199          150.772
  276 (vir)          138.948          -0.042          -2.628         -15.759          152.037
  277 (vir)          139.782           0.265          -2.898         -16.642          153.791
  278 (vir)          139.848          -0.092          -1.739         -14.184          152.201
  279 (vir)          139.982          -0.027          -1.840         -14.385          152.500
  280 (vir)          141.701           0.092          -1.954         -14.690          154.530
  281 (vir)          142.014           0.122          -2.188         -15.085          155.033
  282 (vir)          143.011          -0.096          -1.806         -14.530          155.639
  283 (vir)          143.093           0.079          -2.058         -14.786          155.899
  284 (vir)          144.457          -0.218          -2.314         -15.500          157.425
  285 (vir)          144.478          -0.062          -2.380         -15.665          157.700
  286 (vir)          144.803          -0.036          -1.703         -14.231          157.295
  287 (vir)          146.476           0.143          -2.372         -15.878          160.126
  288 (vir)          146.929          -0.370          -1.704         -14.390          159.244
  289 (vir)          147.161           0.010          -1.568         -13.823          159.425
  290 (vir)          147.685          -0.241          -1.908         -14.906          160.441
  291 (vir)          148.274           0.036          -1.538         -13.950          160.723
  292 (vir)          149.075           0.192          -2.369         -15.710          162.608
  293 (vir)          149.837           0.261          -2.381         -15.337          163.053
  294 (vir)          150.181          -0.230          -1.745         -14.425          162.631
  295 (vir)          150.624          -0.068          -1.726         -14.442          163.272
  296 (vir)          152.068          -0.235          -1.794         -14.721          164.761
  297 (vir)          153.037           0.149          -1.660         -14.202          165.727
  298 (vir)          153.061          -0.283          -1.874         -14.979          165.882
  299 (vir)          154.793           0.495          -2.218         -15.373          168.444
  300 (vir)          155.120           0.080          -1.889         -14.655          167.967
  301 (vir)          155.604          -0.224          -1.900         -15.099          168.580
  302 (vir)          156.387          -0.222          -1.727         -14.655          169.094
  303 (vir)          156.398          -0.304          -2.415         -16.038          169.718
  304 (vir)          156.813           0.381          -2.613         -16.270          170.851
  305 (vir)          158.827          -0.313          -1.720         -14.698          171.492
  306 (vir)          159.207           0.066          -1.710         -14.473          172.036
  307 (vir)          159.626           0.077          -1.834         -14.680          172.548
  308 (vir)          160.528          -0.129          -1.670         -14.584          173.312
  309 (vir)          160.678          -0.072          -1.593         -14.282          173.295
  310 (vir)          160.836          -0.135          -1.963         -15.110          173.848
  311 (vir)          161.324          -0.134          -2.055         -15.270          174.405
  312 (vir)          161.649           0.124          -1.365         -13.457          173.866
  313 (vir)          162.037          -0.215          -2.172         -15.508          175.158
  314 (vir)          162.630           0.148          -1.715         -14.418          175.480
  315 (vir)          162.794          -0.015          -1.327         -13.392          174.843
  316 (vir)          164.192           0.057          -1.420         -13.922          176.751
  317 (vir)          164.361          -0.038          -1.949         -15.088          177.462
  318 (vir)          164.462          -0.258          -1.603         -14.519          177.120
  319 (vir)          164.538           0.029          -1.909         -14.963          177.621
  320 (vir)          164.691           0.195          -1.340         -13.435          176.982
  321 (vir)          164.848          -0.052          -1.632         -14.639          177.803
  322 (vir)          165.563           0.091          -1.467         -13.827          178.013
  323 (vir)          165.639           0.016          -1.294         -13.594          177.955
  324 (vir)          165.995          -0.420          -1.838         -15.059          178.795
  325 (vir)          167.151           0.047          -1.719         -14.505          179.984
  326 (vir)          167.394          -0.165          -1.866         -15.122          180.485
  327 (vir)          167.598          -0.245          -1.909         -15.146          180.591
  328 (vir)          167.799          -0.311          -1.770         -14.886          180.603
  329 (vir)          167.942          -0.280          -1.865         -14.997          180.795
  330 (vir)          168.272          -0.152          -1.738         -14.841          181.223
  331 (vir)          168.358          -0.229          -1.901         -15.149          181.377
  332 (vir)          169.152          -0.006          -1.326         -13.615          181.435
  333 (vir)          169.665          -0.044          -1.901         -15.191          182.911
  334 (vir)          170.731          -0.026          -1.848         -14.777          183.634
  335 (vir)          170.991          -0.056          -1.751         -15.280          184.463
  336 (vir)          171.356           0.027          -1.717         -14.942          184.609
  337 (vir)          172.276          -0.117          -1.785         -14.938          185.311
  338 (vir)          173.040          -0.184          -1.653         -14.744          185.947
  339 (vir)          174.309          -0.123          -1.761         -15.547          187.972
  340 (vir)          174.667          -0.063          -1.534         -14.054          187.125
  341 (vir)          175.247          -0.039          -1.543         -14.277          187.942
  342 (vir)          175.560           0.034          -1.585         -14.512          188.522
  343 (vir)          176.720           0.020          -1.600         -14.684          189.824
  344 (vir)          177.251          -0.056          -1.830         -15.279          190.644
  345 (vir)          177.735          -0.282          -1.891         -15.875          191.438
  346 (vir)          177.966          -0.212          -1.819         -15.772          191.708
  347 (vir)          178.123           0.124          -1.740         -14.871          191.378
  348 (vir)          178.755           0.191          -1.669         -14.913          192.190
  349 (vir)          178.980           0.188          -2.095         -15.805          192.878
  350 (vir)          179.756          -0.254          -1.816         -15.713          193.399
  351 (vir)          180.069           0.220          -2.130         -16.173          194.331
  352 (vir)          180.704           0.101          -2.035         -15.680          194.450
  353 (vir)          181.092          -0.268          -1.806         -15.770          194.789
  354 (vir)          181.811          -0.181          -1.795         -15.634          195.470
  355 (vir)          182.247          -0.082          -1.644         -15.108          195.629
  356 (vir)          183.607           1.072          -1.977         -15.307          198.009
  357 (vir)          183.915           0.092          -2.033         -16.130          198.105
  358 (vir)          187.368          -0.118          -1.722         -15.706          201.234
  359 (vir)          187.863           0.129          -3.019         -17.284          202.257
  360 (vir)          188.110           0.290          -1.827         -15.553          202.125
  361 (vir)          188.252          -0.126          -1.663         -15.479          201.943
  362 (vir)          189.215          -0.036          -1.531         -15.193          202.842
  363 (vir)          190.478           0.094          -2.147         -16.239          204.664
  364 (vir)          190.719           0.080          -2.226         -16.206          204.779
  365 (vir)          191.336          -0.052          -1.656         -15.592          205.220
  366 (vir)          192.666           0.370          -3.710         -18.248          207.575
  367 (vir)          193.211           0.459          -3.050         -17.221          207.841
  368 (vir)          194.558           0.049          -1.622         -15.489          208.474
  369 (vir)          195.385           0.082          -3.227         -17.446          209.687
  370 (vir)          198.191           0.053          -1.923         -15.890          212.211
  371 (vir)          198.423           0.245          -1.049         -13.308          210.927
  372 (vir)          198.963           0.310          -3.166         -17.724          213.832
  373 (vir)          199.206           0.460          -2.414         -16.361          213.614
  374 (vir)          199.232           0.338          -1.168         -13.979          212.381
  375 (vir)          201.282           0.603          -1.697         -15.102          215.289
  376 (vir)          201.567           0.666          -1.717         -14.986          215.501
  377 (vir)          201.877           0.495          -1.132         -13.794          215.035
  378 (vir)          202.314           0.321          -1.070         -13.502          215.067
  379 (vir)          202.577           0.218          -1.994         -15.548          216.348
  380 (vir)          203.859           0.360          -1.031         -13.263          216.452
  381 (vir)          204.254           0.492          -1.579         -14.736          217.903
  382 (vir)          204.759           0.315          -1.625         -14.837          218.286
  383 (vir)          206.083           0.210          -1.141         -13.736          218.888
  384 (vir)          206.389           0.215          -1.726         -15.641          220.519
  385 (vir)          206.623          -0.280          -1.745         -15.578          220.177
  386 (vir)          207.360           0.652          -1.838         -15.420          221.594
  387 (vir)          208.058           0.099          -1.193         -14.127          221.091
  388 (vir)          209.071           0.339          -1.816         -14.939          222.533
  389 (vir)          209.889           0.343          -1.814         -15.112          223.530
  390 (vir)          210.304           0.166          -1.149         -13.708          223.029
  391 (vir)          210.657           0.179          -1.085         -13.771          223.523
  392 (vir)          211.759          -0.571          -2.566         -17.389          226.010
  393 (vir)          213.157           0.656          -2.396         -16.845          228.262
  394 (vir)          213.739           0.232          -1.374         -14.618          227.216
  395 (vir)          213.944           0.007          -1.471         -15.339          227.820
  396 (vir)          214.974           0.252          -0.887         -12.892          227.231
  397 (vir)          215.205          -0.285          -1.836         -15.625          228.710
  398 (vir)          215.490           0.654          -0.937         -13.117          228.324
  399 (vir)          215.527          -0.096          -1.603         -14.986          228.814
  400 (vir)          215.998           0.241          -1.613         -15.411          230.037
  401 (vir)          218.087           0.197          -1.561         -14.673          231.395
  402 (vir)          218.095           0.920          -0.978         -13.765          231.802
  403 (vir)          218.376           0.329          -1.546         -14.670          231.828
  404 (vir)          218.648           0.330          -1.196         -14.376          232.158
  405 (vir)          219.345           0.420          -1.587         -14.126          232.304
  406 (vir)          220.591          -0.140          -1.902         -16.183          234.732
  407 (vir)          221.532           0.431          -1.743         -14.607          234.826
  408 (vir)          222.263           0.070          -1.827         -15.567          236.073
  409 (vir)          223.021          -0.037          -1.693         -16.209          237.501
  410 (vir)          223.266           0.008          -1.460         -15.515          237.329
  411 (vir)          223.375           0.428          -1.302         -14.271          236.771
  412 (vir)          223.574           0.057          -1.366         -14.993          237.258
  413 (vir)          224.108          -0.070          -1.535         -15.702          238.205
  414 (vir)          224.396           0.584          -1.737         -15.079          238.321
  415 (vir)          225.074           0.136          -1.282         -14.703          238.631
  416 (vir)          225.464           0.062          -1.279         -15.001          239.248
  417 (vir)          226.229           0.484          -1.642         -15.420          240.492
  418 (vir)          226.462           0.672          -1.038         -13.747          239.843
  419 (vir)          226.649           0.019          -1.513         -15.675          240.831
  420 (vir)          227.342           0.347          -2.385         -16.837          242.141
  421 (vir)          228.960           1.869          -1.063         -13.941          243.707
  422 (vir)          229.780           0.594          -1.002         -13.776          243.148
  423 (vir)          229.990           0.223          -1.819         -15.974          244.369
  424 (vir)          230.055          -0.163          -2.007         -16.849          244.734
  425 (vir)          231.210           0.052          -1.414         -15.627          245.475
  426 (vir)          231.876          -0.316          -2.571         -17.299          246.288
  427 (vir)          233.405          -0.183          -1.421         -15.239          247.041
  428 (vir)          234.032           0.316          -1.767         -16.049          248.631
  429 (vir)          234.660          -0.275          -1.740         -15.997          248.643
  430 (vir)          235.634           0.105          -1.711         -16.384          250.412
  431 (vir)          235.985           0.597          -1.071         -14.215          249.725
  432 (vir)          236.313           0.203          -1.354         -15.249          250.410
  433 (vir)          239.777          -0.444          -1.722         -16.514          254.125
  434 (vir)          240.205           0.519          -1.175         -14.578          254.127
  435 (vir)          241.776          -0.734          -2.128         -17.397          256.311
  436 (vir)          243.377          -0.110          -1.506         -16.302          258.064
  437 (vir)          245.050          -0.858          -1.843         -17.252          259.601
  438 (vir)          246.182          -1.275          -2.028         -17.453          260.332
  439 (vir)          246.768           0.188          -1.473         -15.568          261.051
  440 (vir)          247.975           0.901          -1.692         -16.246          263.430
  441 (vir)          249.004           0.138          -1.726         -16.471          263.887
  442 (vir)          250.028          -0.515          -2.226         -18.790          266.078
  443 (vir)          250.859          -0.423          -2.053         -18.270          266.654
  444 (vir)          256.257          -0.100          -1.760         -16.767          271.163
  445 (vir)          256.521          -0.063          -1.939         -16.821          271.340
  446 (vir)          258.702           0.478          -1.801         -16.874          274.252
  447 (vir)          260.978          -0.046          -1.930         -17.469          276.471
  448 (vir)          262.091           0.273          -1.050         -14.848          276.162
  449 (vir)          262.228          -0.655          -2.171         -17.868          277.270
  450 (vir)          262.502           0.288          -1.324         -15.659          277.126
  451 (vir)          263.060           0.304          -1.041         -14.816          277.138
  452 (vir)          263.716           0.074          -1.811         -16.987          278.965
  453 (vir)          264.719           0.044          -2.172         -17.722          280.312
  454 (vir)          265.801          -0.233          -1.166         -15.247          279.649
  455 (vir)          266.049           0.415          -1.574         -16.321          281.211
  456 (vir)          270.251          -0.147          -1.356         -15.900          284.648
  457 (vir)          270.344          -0.889          -2.129         -18.369          285.696
  458 (vir)          270.403          -0.231          -2.976         -19.380          286.577
  459 (vir)          270.693          -0.285          -2.842         -19.121          286.688
  460 (vir)          271.211          -0.090          -3.650         -20.696          288.167
  461 (vir)          273.634          -0.272          -2.770         -18.979          289.571
  462 (vir)          275.345          -0.098          -1.997         -17.855          291.105
  463 (vir)          276.332          -0.118          -3.059         -20.188          293.343
  464 (vir)          277.649           0.093          -1.150         -15.330          291.923
  465 (vir)          279.622          -0.284          -2.199         -18.513          295.652
  466 (vir)          282.047           0.095          -4.124         -21.450          299.467
  467 (vir)          285.517          -0.706          -2.431         -20.008          302.388
  468 (vir)          288.160           0.123          -1.925         -17.596          303.953
  469 (vir)          292.432           0.349          -1.581         -16.969          308.169
  470 (vir)          294.654          -0.235          -3.238         -20.114          311.296
  471 (vir)          296.525          -0.185          -2.022         -17.773          312.091
  472 (vir)          313.560          -0.381          -4.891         -23.150          331.437
  473 (vir)          314.689           0.387          -1.639         -17.222          330.659
  474 (vir)          322.449          -0.498          -3.584         -22.347          340.715
  475 (vir)          322.904          -0.288          -2.982         -20.395          340.029
  476 (vir)          330.021          -0.270          -3.258         -20.653          347.146
  477 (vir)          340.641           0.257          -2.273         -18.384          357.009
  478 (vir)          340.851           0.274          -2.475         -18.892          357.542
  479 (vir)          348.228           0.500          -2.318         -18.611          365.021
  480 (vir)          355.086           0.218          -2.174         -18.436          371.566
  481 (vir)          755.846          -1.005         -12.996         -46.240          788.085
  482 (vir)          770.221          -1.009         -12.777         -46.037          802.473
  483 (vir)          773.544          -1.005         -12.718         -45.980          805.801
  484 (vir)          783.362          -1.003         -12.572         -45.836          815.623
  485 (vir)          788.597          -1.002         -12.508         -45.791          820.879
  486 (vir)         1017.583          -1.209         -15.406         -54.173         1055.142
  487 (vir)         3987.106          -1.804         -14.788         -94.575         4065.089
  488 (vir)         4000.912          -1.798         -14.730         -94.524         4078.909
  489 (vir)         4003.659          -1.797         -14.717         -94.513         4081.658
  490 (vir)         4013.371          -1.792         -14.675         -94.473         4091.376
  491 (vir)         4019.086          -1.790         -14.651         -94.451         4097.096
  492 (vir)         5342.087          -1.832         -17.627        -110.452         5433.080
