 
  kpoint:     0.0000    0.0000    0.0000
 
    n          ϵ_nk^DFT (eV)     Σ^c_nk (eV)     Σ^x_nk (eV)     v_n^xc (eV)   ϵ_nk^G0W0 (eV)
 
    1 (occ)        -2740.803          -5.390        -300.467        -187.107        -2859.552
    2 (occ)        -2740.803          -5.391        -300.467        -187.107        -2859.553
    3 (occ)         -251.156           5.321         -97.756         -60.454         -283.138
    4 (occ)         -251.156           5.612         -97.752         -60.454         -282.841
    5 (occ)         -192.058           9.279         -89.569         -61.928         -210.421
    6 (occ)         -192.055           9.409         -89.571         -61.934         -210.283
    7 (occ)         -191.614           9.442         -90.139         -62.101         -210.210
    8 (occ)         -191.614           9.442         -90.139         -62.101         -210.210
    9 (occ)         -191.614           9.230         -90.140         -62.102         -210.422
   10 (occ)         -191.614           9.230         -90.140         -62.102         -210.422
   11 (occ)          -23.461           6.738         -27.928         -18.479          -26.172
   12 (occ)          -19.099           5.430         -27.371         -19.052          -21.988
   13 (occ)          -11.985           0.406         -20.878         -16.923          -15.533
   14 (occ)           -9.987           1.599         -21.033         -15.692          -13.729
   15 (occ)           -9.987           1.599         -21.033         -15.692          -13.729
   16 (occ)           -7.287           0.721         -21.121         -16.594          -11.094
   17 (occ)           -7.287           0.721         -21.121         -16.594          -11.094
   18 (vir)           -4.210          -2.242         -10.822         -16.363           -0.911
   19 (vir)            3.174          -1.843          -3.259          -7.858            5.931
   20 (vir)            3.210          -1.251          -2.150          -5.545            5.354
   21 (vir)            3.900          -1.148          -2.316          -6.089            6.525
   22 (vir)            3.900          -1.148          -2.316          -6.089            6.525
   23 (vir)            4.720          -1.702          -2.822          -7.001            7.197
   24 (vir)            5.166          -2.398          -5.853         -11.599            8.514
   25 (vir)            5.166          -2.398          -5.853         -11.599            8.514
   26 (vir)            5.336          -1.025          -2.210          -5.707            7.807
   27 (vir)            5.336          -1.025          -2.210          -5.707            7.807
   28 (vir)            5.804          -2.311          -5.024         -10.801            9.270
   29 (vir)            5.804          -2.311          -5.024         -10.801            9.270
   30 (vir)            8.796          -2.942          -5.353         -11.723           12.224
   31 (vir)            8.796          -2.942          -5.353         -11.723           12.224
   32 (vir)           10.351          -3.065          -3.769          -9.519           13.035
   33 (vir)           11.180          -3.102          -4.679         -11.405           14.803
   34 (vir)           13.103          -5.291          -4.592         -12.123           15.343
   35 (vir)           13.103          -5.291          -4.592         -12.123           15.343
   36 (vir)           17.391          -3.506          -3.761         -10.022           20.146
   37 (vir)           25.930          -3.384          -2.982         -10.573           30.136
   38 (vir)           26.677          -3.724          -4.713         -12.057           30.297
   39 (vir)           26.677          -3.724          -4.713         -12.057           30.297
   40 (vir)           26.857          -3.721          -3.325         -11.587           31.398
   41 (vir)           26.857          -3.721          -3.325         -11.587           31.398
   42 (vir)           27.907          -4.533          -4.793         -14.260           32.841
   43 (vir)           27.907          -4.533          -4.793         -14.260           32.841
   44 (vir)           28.744          -3.570          -4.154         -11.614           32.635
   45 (vir)           28.744          -3.570          -4.154         -11.614           32.635
   46 (vir)           29.429          -3.982          -3.908         -12.051           33.590
   47 (vir)           29.572          -4.140          -4.278         -13.476           34.630
   48 (vir)           29.572          -4.140          -4.278         -13.476           34.630
   49 (vir)           29.722          -0.384          -2.411         -10.432           37.360
   50 (vir)           29.722          -0.384          -2.411         -10.432           37.360
   51 (vir)           30.440          -4.299          -4.462         -14.245           35.924
   52 (vir)           31.748          -4.747          -3.785         -12.798           36.015
   53 (vir)           31.748          -4.747          -3.785         -12.798           36.015
   54 (vir)           32.109          -0.753          -2.339         -10.423           39.440
   55 (vir)           32.109          -0.753          -2.339         -10.423           39.440
   56 (vir)           35.149          -2.646          -2.692         -10.225           40.035
   57 (vir)           35.272          -1.227          -2.357         -10.675           42.363
   58 (vir)           35.272          -1.227          -2.357         -10.675           42.363
   59 (vir)           36.367          -1.843          -3.304         -12.874           44.094
   60 (vir)           36.367          -1.843          -3.304         -12.874           44.094
   61 (vir)           41.578          -1.131          -2.202         -10.962           49.207
   62 (vir)           41.578          -1.131          -2.202         -10.962           49.207
   63 (vir)           46.077          -2.156          -3.917         -12.115           52.118
   64 (vir)           47.251          -3.797          -7.021         -17.016           53.448
   65 (vir)           52.836          -1.026          -3.287         -13.219           61.743
   66 (vir)           53.725          -0.142          -1.858         -10.873           62.597
   67 (vir)           53.725          -0.142          -1.858         -10.873           62.597
   68 (vir)           70.928          -1.885          -4.703         -15.479           79.819
   69 (vir)           78.603          -1.449          -4.848         -17.572           89.878
   70 (vir)           78.603          -1.449          -4.848         -17.572           89.878
   71 (vir)           81.952         -10.256          -5.217         -18.137           84.616
   72 (vir)           81.952         -10.255          -5.217         -18.137           84.617
   73 (vir)           82.647          -4.068          -5.779         -19.167           91.968
   74 (vir)           84.717          -7.762          -5.616         -18.744           90.082
   75 (vir)           84.717          -7.764          -5.616         -18.744           90.081
   76 (vir)           87.334           0.333          -5.162         -18.134          100.640
   77 (vir)           87.334           0.333          -5.162         -18.134          100.640
   78 (vir)           87.996           0.730          -2.632         -14.755          100.849
   79 (vir)           87.997           0.730          -2.632         -14.755          100.849
   80 (vir)           88.962          -0.250          -3.657         -16.124          101.179
   81 (vir)           89.766          -0.820          -3.497         -15.920          101.369
   82 (vir)           89.766          -0.820          -3.497         -15.920          101.369
   83 (vir)           90.956           0.944          -2.170         -14.225          103.954
   84 (vir)           90.956           0.944          -2.170         -14.225          103.954
   85 (vir)           93.999           1.490          -2.206         -14.414          107.697
   86 (vir)           93.999           1.490          -2.206         -14.414          107.697
   87 (vir)           94.218          -4.654          -4.576         -17.192          102.179
   88 (vir)           94.697           4.503          -2.199         -14.435          111.435
   89 (vir)           94.697           4.503          -2.199         -14.435          111.435
   90 (vir)           96.700           2.102          -2.127         -14.434          111.109
   91 (vir)           96.700           2.102          -2.127         -14.434          111.109
   92 (vir)          100.791           0.739          -2.563         -15.602          114.569
   93 (vir)          100.791           0.739          -2.563         -15.602          114.569
   94 (vir)          101.062          -0.052          -6.028         -19.863          114.844
   95 (vir)          101.118          -1.940          -8.888         -23.158          113.449
   96 (vir)          101.118          -1.940          -8.888         -23.158          113.449
   97 (vir)          101.500          -0.624          -7.226         -21.407          115.056
   98 (vir)          101.649          -1.493          -8.371         -22.554          114.339
   99 (vir)          101.649          -1.493          -8.371         -22.554          114.339
  100 (vir)          102.036           1.667          -3.128         -16.727          117.303
  101 (vir)          102.036           1.667          -3.128         -16.727          117.303
  102 (vir)          102.146           1.295          -2.948         -16.491          116.983
  103 (vir)          102.147           1.295          -2.948         -16.490          116.983
  104 (vir)          104.058           3.276          -3.028         -16.556          120.862
  105 (vir)          104.058           3.276          -3.028         -16.556          120.862
  106 (vir)          107.876           0.415          -4.092         -17.951          122.150
  107 (vir)          107.876           0.415          -4.092         -17.951          122.150
  108 (vir)          111.694           0.920          -2.839         -16.329          126.104
  109 (vir)          111.694           0.920          -2.839         -16.329          126.104
  110 (vir)          112.418           1.234          -2.223         -15.138          126.567
  111 (vir)          112.418           1.234          -2.223         -15.138          126.567
  112 (vir)          115.002          -0.871          -3.459         -16.672          127.344
  113 (vir)          130.603           0.431          -2.035         -14.951          143.950
  114 (vir)          130.603           0.431          -2.035         -14.951          143.950
  115 (vir)          133.721           1.007          -3.022         -16.412          148.117
  116 (vir)          146.104           7.640          -6.151         -21.657          169.250
  117 (vir)          215.084           2.488         -12.702         -30.728          235.598
  118 (vir)          232.858           2.936         -12.247         -30.616          254.163
  119 (vir)          282.208          -0.887         -14.956         -37.608          303.972
  120 (vir)          282.208          -0.887         -14.956         -37.608          303.972
  121 (vir)          282.314          -2.475         -15.082         -37.761          302.517
  122 (vir)          282.315          -2.476         -15.082         -37.761          302.517
  123 (vir)          283.759          -4.201         -15.016         -37.685          302.227
  124 (vir)          283.759          -4.201         -15.016         -37.685          302.227
  125 (vir)          286.426           4.496         -14.732         -37.400          313.590
  126 (vir)          288.150          -0.357         -14.647         -37.260          310.407
  127 (vir)          288.150          -0.357         -14.647         -37.260          310.407
  128 (vir)          304.509          -0.241         -13.663         -35.904          326.509
  129 (vir)          762.591           1.608         -21.130         -55.525          798.594
  130 (vir)          779.487           1.668         -20.841         -55.287          815.602
  131 (vir)         1123.293           2.881         -37.702         -90.602         1179.073
  132 (vir)         1123.293           2.881         -37.702         -90.602         1179.073
  133 (vir)         1123.426           3.687         -37.680         -90.569         1180.003
  134 (vir)         1123.426           3.687         -37.680         -90.569         1180.003
  135 (vir)         1123.978           2.945         -37.270         -90.323         1179.976
  136 (vir)         1124.633           2.809         -37.108         -90.086         1180.420
  137 (vir)         2648.512           2.255         -35.562        -100.824         2716.029
  138 (vir)         2664.311           2.350         -35.436        -100.744         2731.970
  139 (vir)        14244.114           0.342         -55.496        -224.066        14413.026
  140 (vir)        14270.794           0.344         -55.443        -224.092        14439.788
