 
  kpoint:     0.0000    0.0000    0.0000
 
    n          ϵ_nk^DFT (eV)     Σ^c_nk (eV)     Σ^x_nk (eV)     v_n^xc (eV)   ϵ_nk^G0W0 (eV)
 
    1 (occ)         -511.086          -3.031        -132.568         -83.740         -562.945
    2 (occ)         -270.474          -4.600         -96.907         -61.549         -310.432
    3 (occ)         -269.232          -2.602         -96.894         -61.544         -307.183
    4 (occ)         -269.184          -3.001         -96.892         -61.545         -307.532
    5 (occ)         -269.182          -2.888         -96.894         -61.550         -307.414
    6 (occ)         -268.986          -2.633         -96.890         -61.547         -306.962
    7 (occ)         -268.765          -3.243         -96.926         -61.564         -307.371
    8 (occ)          -26.675           7.475         -33.026         -21.325          -30.901
    9 (occ)          -21.325           6.192         -26.910         -17.276          -24.767
   10 (occ)          -18.722           5.630         -26.113         -17.335          -21.869
   11 (occ)          -18.280           5.421         -25.974         -17.311          -21.522
   12 (occ)          -15.603           4.030         -24.298         -17.001          -18.870
   13 (occ)          -14.799           3.960         -24.223         -17.084          -17.979
   14 (occ)          -13.630           2.941         -23.095         -16.786          -16.999
   15 (occ)          -12.202           2.975         -22.060         -15.949          -15.339
   16 (occ)          -11.502           2.849         -22.938         -17.015          -14.576
   17 (occ)          -10.826           2.318         -21.479         -15.886          -14.102
   18 (occ)          -10.249           2.037         -20.816         -15.519          -13.510
   19 (occ)          -10.184           3.401         -21.016         -15.404          -12.395
   20 (occ)           -9.357           2.683         -24.094         -18.180          -12.587
   21 (occ)           -8.668           1.530         -21.351         -16.475          -12.013
   22 (occ)           -8.192           2.613         -20.330         -15.457          -10.451
   23 (occ)           -8.162           1.544         -21.790         -16.855          -11.552
   24 (occ)           -6.349           0.054         -16.309         -13.610           -8.994
   25 (occ)           -5.617           0.354         -18.688         -15.588           -8.363
   26 (vir)           -1.332          -2.593          -8.212         -13.092            0.955
   27 (vir)           -0.672          -2.722          -8.576         -13.570            1.601
   28 (vir)           -0.153          -1.469          -2.754          -6.182            1.806
   29 (vir)            0.368          -1.447          -2.539          -5.901            2.283
   30 (vir)            0.948          -1.230          -1.740          -4.686            2.663
   31 (vir)            1.284          -1.392          -2.152          -5.349            3.089
   32 (vir)            1.815          -1.289          -1.943          -4.953            3.536
   33 (vir)            2.300          -1.709          -2.646          -6.277            4.222
   34 (vir)            2.505          -1.349          -1.814          -4.930            4.273
   35 (vir)            2.600          -3.241          -3.575          -8.344            4.127
   36 (vir)            3.113          -2.724          -3.329          -7.793            4.852
   37 (vir)            3.582          -1.467          -1.935          -5.278            5.459
   38 (vir)            3.769          -1.437          -1.409          -4.543            5.465
   39 (vir)            3.933          -1.801          -2.957          -6.742            5.916
   40 (vir)            4.145          -1.949          -2.373          -6.082            5.905
   41 (vir)            4.194          -1.443          -1.720          -4.925            5.957
   42 (vir)            4.214          -1.437          -1.613          -4.789            5.953
   43 (vir)            4.673          -1.340          -1.842          -5.038            6.529
   44 (vir)            5.461          -2.581          -5.122          -9.895            7.654
   45 (vir)            5.584          -1.799          -1.544          -5.054            7.294
   46 (vir)            5.713          -1.667          -1.407          -4.792            7.431
   47 (vir)            6.025          -2.220          -2.809          -6.862            7.858
   48 (vir)            6.495          -2.224          -3.594          -7.958            8.635
   49 (vir)            6.903          -2.385          -4.007          -8.708            9.220
   50 (vir)            7.102          -2.717          -4.070          -8.907            9.222
   51 (vir)            7.152          -2.531          -3.731          -8.343            9.234
   52 (vir)            7.422          -2.062          -1.836          -5.827            9.351
   53 (vir)            7.545          -1.934          -2.632          -6.516            9.495
   54 (vir)            7.926          -2.235          -2.822          -7.290           10.159
   55 (vir)            7.939          -2.707          -3.944          -8.785           10.073
   56 (vir)            8.071          -1.296          -1.575          -4.615            9.814
   57 (vir)            8.273          -2.523          -3.461          -8.028           10.317
   58 (vir)            8.427          -2.601          -3.711          -8.452           10.567
   59 (vir)            8.725          -2.708          -3.674          -8.543           10.886
   60 (vir)            9.333          -2.080          -2.487          -6.656           11.422
   61 (vir)           10.107          -2.022          -2.273          -6.486           12.297
   62 (vir)           10.291          -1.785          -2.309          -6.171           12.367
   63 (vir)           10.330          -3.097          -2.619          -7.074           11.688
   64 (vir)           10.529          -2.140          -2.124          -6.546           12.811
   65 (vir)           10.874          -2.437          -2.892          -7.179           12.723
   66 (vir)           11.306          -2.455          -2.863          -7.338           13.326
   67 (vir)           11.625          -1.882          -2.005          -5.844           13.581
   68 (vir)           11.954          -2.585          -2.635          -7.863           14.596
   69 (vir)           12.130          -1.894          -2.002          -5.976           14.210
   70 (vir)           12.578          -1.809          -1.776          -5.717           14.710
   71 (vir)           12.776          -2.030          -2.079          -6.299           14.966
   72 (vir)           13.031          -2.573          -2.496          -7.152           15.114
   73 (vir)           13.439          -2.613          -2.529          -7.284           15.581
   74 (vir)           13.674          -2.691          -2.260          -7.448           16.172
   75 (vir)           14.493          -2.596          -2.953          -7.997           16.942
   76 (vir)           14.533          -2.803          -2.412          -7.734           17.053
   77 (vir)           14.760          -2.695          -2.685          -7.632           17.013
   78 (vir)           15.206          -2.734          -2.413          -7.953           18.012
   79 (vir)           15.247          -3.684          -3.920         -10.068           17.710
   80 (vir)           15.762          -4.147          -5.007         -12.147           18.755
   81 (vir)           17.016          -2.676          -1.920          -7.198           19.618
   82 (vir)           17.451          -3.151          -2.268          -8.100           20.132
   83 (vir)           17.480          -4.179          -2.925          -8.899           19.275
   84 (vir)           17.677          -3.589          -3.682          -9.906           20.312
   85 (vir)           18.124          -2.694          -2.885          -8.734           21.279
   86 (vir)           18.385          -3.715          -3.773          -9.949           20.847
   87 (vir)           18.564          -3.893          -2.574          -8.932           21.029
   88 (vir)           19.195          -3.793          -3.167          -9.378           21.612
   89 (vir)           19.336          -3.471          -2.389          -8.309           21.785
   90 (vir)           19.496          -3.724          -2.232          -8.438           21.977
   91 (vir)           19.591          -3.746          -2.204          -8.405           22.047
   92 (vir)           19.846          -3.647          -1.995          -8.023           22.228
   93 (vir)           19.933          -3.947          -2.347          -8.922           22.562
   94 (vir)           20.460          -3.318          -1.857          -7.592           22.878
   95 (vir)           20.710          -3.049          -2.265          -7.993           23.389
   96 (vir)           21.213          -3.005          -2.222          -7.655           23.641
   97 (vir)           21.671          -2.445          -2.007          -7.441           24.660
   98 (vir)           22.304          -2.938          -2.383          -8.250           25.234
   99 (vir)           22.445          -3.501          -2.083          -8.275           25.136
  100 (vir)           22.501          -2.898          -2.496          -8.233           25.339
  101 (vir)           22.823          -2.758          -2.072          -7.581           25.574
  102 (vir)           22.923          -3.760          -2.563          -8.868           25.469
  103 (vir)           23.257          -4.043          -3.017          -9.619           25.816
  104 (vir)           23.579          -2.997          -1.320          -6.887           26.149
  105 (vir)           23.714          -3.981          -2.875          -9.372           26.230
  106 (vir)           23.792          -2.883          -1.243          -6.821           26.486
  107 (vir)           24.478          -2.933          -1.351          -6.958           27.152
  108 (vir)           24.718          -3.435          -2.298          -8.244           27.229
  109 (vir)           25.673          -3.125          -2.588          -8.585           28.545
  110 (vir)           25.904          -3.267          -1.560          -7.546           28.624
  111 (vir)           25.985          -2.878          -2.182          -7.570           28.495
  112 (vir)           26.212          -3.036          -1.795          -7.440           28.821
  113 (vir)           26.778          -2.581          -1.922          -7.584           29.859
  114 (vir)           26.825          -3.254          -1.820          -8.114           29.865
  115 (vir)           27.213          -2.711          -1.879          -7.503           30.125
  116 (vir)           27.686          -3.461          -2.051          -8.694           30.869
  117 (vir)           27.701          -3.085          -1.850          -7.451           30.218
  118 (vir)           28.255          -3.254          -1.962          -7.926           30.965
  119 (vir)           28.352          -4.236          -2.034          -8.238           30.320
  120 (vir)           28.890          -3.152          -2.269          -8.839           32.308
  121 (vir)           29.783          -3.276          -2.081          -8.419           32.846
  122 (vir)           30.016          -3.144          -1.936          -8.252           33.187
  123 (vir)           30.227          -3.190          -1.571          -7.541           33.007
  124 (vir)           30.557          -3.031          -1.982          -8.550           34.095
  125 (vir)           31.023          -4.938          -2.055          -8.611           32.640
  126 (vir)           31.302          -2.845          -1.372          -7.262           34.347
  127 (vir)           31.588          -3.586          -1.815          -8.042           34.229
  128 (vir)           32.112          -3.602          -2.100          -8.581           34.992
  129 (vir)           32.529          -3.582          -1.914          -7.909           34.941
  130 (vir)           33.384          -3.471          -1.805          -8.276           36.385
  131 (vir)           33.672          -3.004          -1.231          -6.879           36.316
  132 (vir)           34.679          -3.423          -1.344          -7.360           37.272
  133 (vir)           34.856          -3.555          -3.622         -11.267           38.946
  134 (vir)           35.914          -3.524          -1.656          -7.866           38.600
  135 (vir)           36.872          -3.088          -1.828          -7.846           39.801
  136 (vir)           36.988          -3.453          -2.057          -8.452           39.930
  137 (vir)           38.033          -3.529          -3.208         -10.926           42.222
  138 (vir)           38.329          -3.490          -1.492          -7.555           40.902
  139 (vir)           38.890          -3.398          -2.415          -9.611           42.688
  140 (vir)           39.274          -4.166          -2.531          -9.788           42.364
  141 (vir)           39.923          -4.194          -2.625         -10.103           43.207
  142 (vir)           40.378          -3.485          -2.254          -9.857           44.496
  143 (vir)           40.389          -3.687          -2.310          -9.787           44.179
  144 (vir)           40.981          -3.845          -3.355         -11.628           45.409
  145 (vir)           41.266          -4.734          -2.361          -9.939           44.110
  146 (vir)           41.468          -3.807          -2.190          -9.500           44.971
  147 (vir)           41.724          -4.873          -2.420         -10.079           44.510
  148 (vir)           42.518          -4.408          -2.645         -10.366           45.831
  149 (vir)           42.988          -3.531          -2.579         -10.683           47.561
  150 (vir)           43.240          -5.119          -3.052         -11.532           46.600
  151 (vir)           44.485          -3.059          -2.326          -9.963           49.064
  152 (vir)           44.925          -4.877          -3.352         -12.518           49.214
  153 (vir)           45.702          -3.489          -2.391         -10.647           50.470
  154 (vir)           45.904          -3.306          -2.697         -10.568           50.470
  155 (vir)           46.120          -3.464          -2.423         -10.664           50.897
  156 (vir)           46.403          -3.955          -2.712         -11.290           51.026
  157 (vir)           46.511          -3.576          -2.257         -10.115           50.793
  158 (vir)           46.729          -3.903          -2.664         -11.125           51.288
  159 (vir)           47.487          -3.947          -2.163          -9.843           51.219
  160 (vir)           48.005          -4.148          -2.809         -11.142           52.189
  161 (vir)           48.713          -3.297          -2.325         -10.578           53.668
  162 (vir)           48.762           1.358          -2.495         -10.865           58.490
  163 (vir)           49.063          -3.085          -2.269         -10.401           54.110
  164 (vir)           49.536          -3.783          -2.301         -10.335           53.787
  165 (vir)           50.424          -4.534          -2.054          -9.719           53.555
  166 (vir)           50.902          -3.594          -2.190         -10.684           55.802
  167 (vir)           51.227          -3.305          -2.366         -10.413           55.970
  168 (vir)           51.489          -4.022          -2.379         -11.200           56.288
  169 (vir)           51.521          -4.123          -1.508          -8.756           54.645
  170 (vir)           51.973          -2.771          -2.203         -10.571           57.570
  171 (vir)           52.032          -3.487          -2.181         -10.784           57.149
  172 (vir)           52.207          -2.588          -2.159         -10.542           58.003
  173 (vir)           52.420          -3.227          -2.328         -10.842           57.708
  174 (vir)           52.537          -3.057          -1.974          -9.755           57.261
  175 (vir)           53.239          -3.934          -2.020         -10.832           58.117
  176 (vir)           53.427          -3.326          -1.812         -10.317           58.607
  177 (vir)           53.656          -6.162          -2.397         -10.918           56.015
  178 (vir)           54.225          -3.421          -1.824         -10.417           59.398
  179 (vir)           54.552          -4.031          -2.597         -11.250           59.173
  180 (vir)           55.680          -4.629          -2.403         -10.914           59.562
  181 (vir)           56.031          -4.259          -2.465         -11.062           60.368
  182 (vir)           56.238          -3.463          -2.021         -10.872           61.627
  183 (vir)           56.391          -2.906          -2.413         -10.997           62.069
  184 (vir)           57.163          -4.434          -2.104         -10.274           60.899
  185 (vir)           57.228          -4.865          -1.880         -10.173           60.655
  186 (vir)           57.612          -5.590          -2.294         -10.675           60.403
  187 (vir)           57.627          -3.451          -1.921         -10.728           62.983
  188 (vir)           58.358          -3.749          -1.725          -9.615           62.500
  189 (vir)           59.400          -1.823          -2.100         -10.733           66.211
  190 (vir)           59.453          -2.688          -1.396          -9.566           64.935
  191 (vir)           59.724          -2.746          -1.461          -9.798           65.315
  192 (vir)           59.887          -3.417          -2.212         -11.000           65.259
  193 (vir)           59.921          -2.097          -1.508          -9.890           66.207
  194 (vir)           60.382          -3.310          -2.047         -10.560           65.584
  195 (vir)           60.653          -2.194          -1.893         -10.818           67.384
  196 (vir)           61.188          -2.953          -2.090         -10.604           66.749
  197 (vir)           61.289          -3.737          -2.224         -10.659           65.988
  198 (vir)           61.667          -2.702          -1.608         -10.038           67.396
  199 (vir)           62.146          -3.539          -2.129         -11.083           67.561
  200 (vir)           62.890          -3.396          -2.057         -11.287           68.725
  201 (vir)           62.975          -4.003          -2.046         -10.718           67.643
  202 (vir)           63.122          -2.560          -1.870         -10.468           69.159
  203 (vir)           63.963          -2.877          -2.334         -11.823           70.575
  204 (vir)           64.144          -4.834          -2.343         -10.886           67.854
  205 (vir)           64.643          -2.668          -2.221         -11.620           71.374
  206 (vir)           64.799          -4.293          -2.307         -11.308           69.506
  207 (vir)           65.059          -2.048          -2.451         -12.174           72.734
  208 (vir)           65.148          -5.117          -2.109         -10.977           68.900
  209 (vir)           65.444          -2.728          -1.653         -10.612           71.675
  210 (vir)           65.706          -7.299          -2.204         -11.025           67.227
  211 (vir)           65.812          -3.187          -1.841         -10.863           71.647
  212 (vir)           67.124          -3.627          -2.121         -11.021           72.396
  213 (vir)           67.256          -3.208          -1.298          -9.718           72.468
  214 (vir)           67.721          -4.925          -2.303         -11.136           71.629
  215 (vir)           67.976          -0.073          -2.320         -11.288           76.872
  216 (vir)           68.018          -3.505          -2.930         -13.267           74.850
  217 (vir)           68.625           1.380          -2.013         -10.889           78.881
  218 (vir)           68.938          -3.225          -2.471         -12.316           75.558
  219 (vir)           69.058          -2.369          -2.034         -11.028           75.684
  220 (vir)           69.463           0.191          -2.323         -11.339           78.669
  221 (vir)           69.723          -2.904          -1.885         -11.047           75.981
  222 (vir)           70.109           0.589          -1.766         -10.396           79.327
  223 (vir)           70.570          -0.983          -1.829         -10.439           78.196
  224 (vir)           70.684          -3.970          -2.917         -13.126           76.923
  225 (vir)           70.818           0.511          -2.112         -11.138           80.354
  226 (vir)           71.227          -1.185          -1.461         -10.062           78.643
  227 (vir)           71.774          -1.278          -1.868         -10.635           79.264
  228 (vir)           71.922           0.682          -1.991         -11.023           81.636
  229 (vir)           72.700          -3.218          -2.204         -11.471           78.749
  230 (vir)           73.118          -0.053          -1.906         -10.902           82.061
  231 (vir)           73.161          -1.567          -1.868         -10.905           80.631
  232 (vir)           73.987           1.562          -1.879         -10.827           84.496
  233 (vir)           74.519          -2.030          -1.173          -9.738           81.054
  234 (vir)           74.620           1.090          -2.133         -11.573           85.150
  235 (vir)           74.905          -3.195          -2.182         -11.891           81.419
  236 (vir)           75.185           1.374          -1.850         -10.911           85.619
  237 (vir)           75.593          -1.195          -1.857         -10.942           83.483
  238 (vir)           76.388          -0.418          -1.841         -10.968           85.097
  239 (vir)           77.028          -0.322          -2.187         -11.748           86.267
  240 (vir)           77.221          -2.770          -1.693         -11.281           84.038
  241 (vir)           78.448          -0.547          -2.015         -11.219           87.106
  242 (vir)           79.023          -3.095          -2.395         -12.032           85.565
  243 (vir)           79.308          -2.832          -1.836         -11.809           86.449
  244 (vir)           80.049          -0.835          -2.049         -11.759           88.924
  245 (vir)           80.430           1.863          -1.772         -11.133           91.654
  246 (vir)           81.984          -0.263          -2.707         -12.706           91.721
  247 (vir)           82.513          -3.040          -1.935         -12.188           89.727
  248 (vir)           82.538           0.576          -3.158         -14.290           94.246
  249 (vir)           83.361           0.579          -1.684         -10.862           93.119
  250 (vir)           83.730           1.181          -2.084         -11.788           94.615
  251 (vir)           84.661          -3.282          -1.915         -12.294           91.758
  252 (vir)           85.077          -1.602          -2.553         -12.840           93.762
  253 (vir)           85.581          -3.132          -1.748         -11.658           92.359
  254 (vir)           85.608          -2.281          -2.801         -13.282           93.808
  255 (vir)           86.780           2.809          -2.240         -12.129           99.478
  256 (vir)           87.867          -2.787          -2.144         -12.535           95.471
  257 (vir)           89.226          -1.094          -2.429         -12.711           98.413
  258 (vir)           89.745          -3.893          -3.045         -14.244           97.051
  259 (vir)           89.929          -3.173          -2.899         -14.538           98.395
  260 (vir)           90.387           1.158          -2.168         -12.191          101.569
  261 (vir)           91.725          -2.301          -2.340         -12.860           99.944
  262 (vir)           91.733          -2.205          -2.613         -13.821          100.736
  263 (vir)           92.024          -0.776          -2.494         -12.964          101.717
  264 (vir)           92.452          -0.942          -2.569         -13.172          102.114
  265 (vir)           92.682           4.384          -2.472         -13.050          107.644
  266 (vir)           93.323          -0.135          -2.381         -12.809          103.616
  267 (vir)           93.639           2.577          -2.400         -12.834          106.650
  268 (vir)           93.873          -3.669          -2.442         -13.801          101.563
  269 (vir)           94.928          -3.129          -2.565         -14.051          103.285
  270 (vir)           95.464          -1.701          -2.421         -13.405          104.748
  271 (vir)           96.281          -1.960          -2.720         -13.836          105.438
  272 (vir)           96.727          -3.909          -2.079         -13.190          103.929
  273 (vir)           97.067           1.619          -2.599         -13.793          109.880
  274 (vir)           97.876          -4.450          -2.052         -12.953          104.327
  275 (vir)           98.162          -1.945          -2.184         -13.483          107.516
  276 (vir)          100.041          -1.192          -3.156         -14.812          110.505
  277 (vir)          101.686          -0.852          -2.966         -14.803          112.670
  278 (vir)          102.558           4.897          -3.174         -15.285          119.565
  279 (vir)          102.717          -2.719          -2.932         -14.548          111.615
  280 (vir)          103.389          -3.174          -2.110         -13.053          111.159
  281 (vir)          104.433          -0.190          -2.636         -14.546          116.153
  282 (vir)          105.113          -3.349          -3.131         -14.986          113.620
  283 (vir)          107.231          -0.402          -2.810         -14.302          118.321
  284 (vir)          107.495          -3.655          -3.027         -15.068          115.881
  285 (vir)          108.027          -0.072          -2.574         -13.971          119.352
  286 (vir)          108.585           1.701          -2.609         -14.201          121.878
  287 (vir)          109.408           0.228          -2.604         -13.958          120.989
  288 (vir)          109.917           2.563          -1.754         -12.739          123.465
  289 (vir)          110.463          -3.856          -2.491         -14.324          118.441
  290 (vir)          110.534           3.421          -2.660         -14.471          125.767
  291 (vir)          111.495          -0.053          -2.366         -13.882          122.958
  292 (vir)          113.703          -3.628          -3.069         -15.140          122.146
  293 (vir)          113.802          -2.582          -2.701         -14.631          123.149
  294 (vir)          115.156           1.545          -2.625         -14.597          128.673
  295 (vir)          116.261          -0.394          -2.653         -14.499          127.713
  296 (vir)          117.493           0.268          -2.457         -14.237          129.540
  297 (vir)          118.173          -1.745          -3.203         -15.616          128.841
  298 (vir)          119.165          -3.669          -2.900         -15.265          127.859
  299 (vir)          119.775           0.456          -2.210         -14.001          132.021
  300 (vir)          120.140          -4.308          -2.231         -14.269          127.869
  301 (vir)          122.639           1.834          -2.702         -15.281          137.051
  302 (vir)          122.733          -4.026          -2.108         -13.828          130.427
  303 (vir)          123.344           0.596          -2.330         -14.951          136.560
  304 (vir)          124.990           0.803          -2.443         -14.851          138.201
  305 (vir)          126.091           0.522          -2.849         -15.749          139.513
  306 (vir)          126.481          -3.094          -2.183         -14.906          136.110
  307 (vir)          127.288           2.118          -1.984         -13.682          141.105
  308 (vir)          128.814           0.640          -2.472         -15.113          142.094
  309 (vir)          129.536          -0.746          -2.356         -14.961          141.395
  310 (vir)          130.389          -2.481          -2.097         -14.747          140.558
  311 (vir)          130.934           1.455          -2.816         -15.750          145.322
  312 (vir)          131.199          -3.653          -1.905         -14.516          140.157
  313 (vir)          132.714          -2.620          -2.769         -15.761          143.086
  314 (vir)          133.871           0.967          -2.687         -15.600          147.751
  315 (vir)          134.008          -0.742          -2.144         -14.799          145.921
  316 (vir)          134.148           1.094          -2.233         -14.826          147.834
  317 (vir)          134.516          -2.747          -2.085         -14.710          144.394
  318 (vir)          135.416          -2.088          -3.045         -16.364          146.647
  319 (vir)          135.728           1.739          -2.758         -16.045          150.753
  320 (vir)          135.843          -2.283          -2.038         -14.590          146.112
  321 (vir)          137.528           1.587          -2.340         -15.322          152.097
  322 (vir)          137.711          -2.447          -3.458         -17.271          149.077
  323 (vir)          138.533           0.427          -3.008         -16.441          152.393
  324 (vir)          139.557          -1.781          -2.129         -14.881          150.528
  325 (vir)          139.876           1.018          -2.707         -16.076          154.263
  326 (vir)          140.417           3.809          -2.958         -16.596          157.865
  327 (vir)          141.277          -2.730          -1.821         -14.437          151.163
  328 (vir)          141.301           0.075          -2.415         -15.383          154.343
  329 (vir)          142.543          -6.993          -2.426         -15.565          148.689
  330 (vir)          143.090          -1.644          -1.707         -14.146          153.885
  331 (vir)          143.545          -2.802          -1.938         -14.675          153.481
  332 (vir)          143.772          -1.483          -1.716         -14.178          154.751
  333 (vir)          144.544          -1.868          -1.955         -14.703          155.424
  334 (vir)          145.857           1.451          -2.310         -15.461          160.459
  335 (vir)          146.534          -8.385          -2.091         -15.000          151.059
  336 (vir)          146.829          -3.445          -2.221         -15.676          156.840
  337 (vir)          147.487           0.062          -1.598         -13.840          159.790
  338 (vir)          147.826           3.267          -2.672         -16.260          164.682
  339 (vir)          147.888          -2.301          -1.558         -13.770          157.799
  340 (vir)          148.107           0.551          -1.552         -13.788          160.893
  341 (vir)          148.841          -0.870          -2.463         -15.433          160.941
  342 (vir)          151.062          -3.002          -1.538         -14.002          160.525
  343 (vir)          152.028           1.330          -2.809         -16.506          167.055
  344 (vir)          152.307          -1.829          -1.776         -14.702          163.404
  345 (vir)          152.534           0.849          -2.365         -15.617          166.635
  346 (vir)          152.617          -2.490          -1.997         -15.072          163.202
  347 (vir)          152.995          -1.323          -1.758         -14.647          164.561
  348 (vir)          153.414          -0.888          -2.267         -15.514          165.773
  349 (vir)          155.261           1.829          -1.980         -14.867          169.977
  350 (vir)          155.268           0.841          -1.748         -14.349          168.710
  351 (vir)          155.772           0.409          -1.865         -14.439          168.755
  352 (vir)          156.591           0.366          -1.586         -14.035          169.406
  353 (vir)          156.682          -0.803          -1.864         -14.412          168.426
  354 (vir)          157.446          -4.486          -1.897         -15.207          166.269
  355 (vir)          157.466          -0.595          -1.831         -14.289          169.330
  356 (vir)          158.048         -12.122          -2.143         -15.112          158.895
  357 (vir)          158.718          -3.086          -1.737         -14.674          168.569
  358 (vir)          158.880          -2.688          -2.077         -15.367          169.482
  359 (vir)          159.246           0.647          -1.886         -14.709          172.716
  360 (vir)          160.165           2.847          -1.972         -14.913          175.953
  361 (vir)          160.604          -2.373          -1.628         -14.431          171.035
  362 (vir)          160.943          -2.746          -1.655         -14.347          170.888
  363 (vir)          161.325          -0.646          -2.179         -15.517          174.017
  364 (vir)          161.549          -2.035          -1.455         -13.657          171.716
  365 (vir)          161.767          -0.987          -1.396         -13.539          172.923
  366 (vir)          162.447           0.676          -2.252         -15.813          176.684
  367 (vir)          162.938          -0.905          -1.152         -12.727          173.607
  368 (vir)          163.464          -5.170          -1.911         -14.973          171.356
  369 (vir)          163.651          -1.878          -1.467         -14.051          174.356
  370 (vir)          164.162          -1.688          -1.522         -14.248          175.199
  371 (vir)          164.264           0.101          -1.817         -14.539          177.088
  372 (vir)          164.672           3.152          -2.109         -15.673          181.388
  373 (vir)          164.892           1.618          -1.799         -14.498          179.209
  374 (vir)          165.638           0.902          -1.322         -13.682          178.900
  375 (vir)          165.843          -4.322          -1.911         -15.086          174.695
  376 (vir)          166.685          -0.771          -2.001         -15.222          179.135
  377 (vir)          166.871          -1.911          -1.924         -15.022          178.058
  378 (vir)          167.276          -2.711          -1.974         -14.993          177.585
  379 (vir)          167.777          -2.966          -1.829         -14.962          177.944
  380 (vir)          167.879          -0.757          -1.432         -13.952          179.641
  381 (vir)          168.107           1.650          -1.900         -15.149          183.006
  382 (vir)          168.528           2.806          -1.692         -14.527          184.168
  383 (vir)          168.770          -0.276          -1.579         -14.523          181.438
  384 (vir)          169.047           1.096          -1.912         -15.255          183.486
  385 (vir)          169.342          -1.296          -1.662         -14.730          181.113
  386 (vir)          170.138          -0.038          -1.732         -14.714          183.081
  387 (vir)          170.455          -0.409          -1.873         -15.423          183.595
  388 (vir)          170.667          -1.073          -1.739         -14.826          182.682
  389 (vir)          171.220          -0.621          -1.652         -14.944          183.891
  390 (vir)          171.446          -1.268          -1.856         -15.273          183.594
  391 (vir)          171.951           0.973          -1.643         -14.503          185.785
  392 (vir)          173.397          -1.431          -1.782         -15.018          185.203
  393 (vir)          174.116          -3.516          -1.845         -15.280          184.037
  394 (vir)          174.148          -5.706          -1.606         -14.511          181.346
  395 (vir)          174.869          -3.056          -1.894         -15.869          185.788
  396 (vir)          175.193          -0.545          -1.595         -14.217          187.271
  397 (vir)          175.683          -0.466          -1.559         -14.319          187.977
  398 (vir)          176.107          -1.828          -1.745         -14.783          187.318
  399 (vir)          176.648          -3.179          -1.678         -15.004          186.796
  400 (vir)          177.361          -2.663          -1.600         -14.681          187.779
  401 (vir)          177.688           0.046          -1.644         -14.594          190.683
  402 (vir)          177.876          -4.128          -1.683         -14.771          186.836
  403 (vir)          178.810           2.117          -1.855         -15.376          194.449
  404 (vir)          179.096          -2.032          -1.811         -15.210          190.463
  405 (vir)          179.418          -1.601          -1.728         -15.194          191.283
  406 (vir)          179.714          -1.145          -1.661         -14.823          191.731
  407 (vir)          180.122          -1.933          -1.865         -15.787          192.111
  408 (vir)          180.414          -3.223          -1.640         -14.535          190.087
  409 (vir)          180.647          -0.493          -1.885         -15.894          194.164
  410 (vir)          181.016          -3.437          -2.049         -15.673          191.202
  411 (vir)          181.403          -1.329          -1.822         -15.765          194.017
  412 (vir)          182.499          -0.428          -1.487         -14.470          195.054
  413 (vir)          182.960          -0.764          -1.891         -15.655          195.959
  414 (vir)          184.613          -5.394          -1.938         -16.026          193.307
  415 (vir)          184.993          -5.116          -2.907         -17.036          194.005
  416 (vir)          185.893          -0.826          -2.685         -16.827          199.209
  417 (vir)          186.937          -6.751          -1.836         -15.918          194.269
  418 (vir)          187.051           5.731          -3.086         -17.395          207.091
  419 (vir)          187.587          -4.591          -1.680         -15.549          196.866
  420 (vir)          188.799          -1.114          -1.449         -14.861          201.098
  421 (vir)          189.020          -0.535          -2.036         -15.652          202.101
  422 (vir)          189.570           0.621          -1.875         -15.536          203.852
  423 (vir)          189.977           2.258          -1.987         -15.740          205.989
  424 (vir)          190.968          -1.751          -1.490         -14.993          202.720
  425 (vir)          192.096           0.006          -1.880         -15.303          205.525
  426 (vir)          193.010          -2.525          -1.516         -14.271          203.240
  427 (vir)          193.226          -0.845          -1.560         -15.295          206.117
  428 (vir)          194.014           0.747          -2.546         -16.723          208.938
  429 (vir)          194.032          -1.157          -1.612         -15.290          206.552
  430 (vir)          195.001           1.008          -2.685         -16.782          210.106
  431 (vir)          195.035          -1.194          -1.440         -14.877          207.278
  432 (vir)          196.059           2.654          -1.796         -14.250          211.166
  433 (vir)          196.749           1.076          -2.310         -16.075          211.590
  434 (vir)          197.781           2.452          -2.464         -16.425          214.194
  435 (vir)          198.199           1.143          -2.701         -16.683          213.324
  436 (vir)          199.187           0.101          -2.358         -16.220          213.151
  437 (vir)          199.862           1.687          -2.815         -16.832          215.565
  438 (vir)          199.902           2.053          -1.046         -13.288          214.198
  439 (vir)          200.086           1.690          -3.355         -17.830          216.251
  440 (vir)          200.413          -1.125          -1.143         -13.865          212.010
  441 (vir)          200.761           4.028          -2.192         -16.476          219.073
  442 (vir)          201.438           0.120          -2.334         -15.882          215.106
  443 (vir)          202.369           0.661          -2.184         -15.843          216.690
  444 (vir)          202.593           0.198          -1.899         -15.283          216.176
  445 (vir)          202.879           0.397          -1.073         -13.520          215.722
  446 (vir)          203.963          -0.641          -0.995         -13.149          215.476
  447 (vir)          204.463           0.400          -1.683         -14.698          217.878
  448 (vir)          206.170           2.009          -1.692         -15.294          221.781
  449 (vir)          206.825          -2.128          -1.078         -13.566          217.186
  450 (vir)          207.578           0.979          -2.030         -15.877          222.405
  451 (vir)          207.622          -0.068          -1.196         -13.830          220.189
  452 (vir)          208.782           4.447          -1.759         -14.982          226.451
  453 (vir)          209.361           2.667          -1.287         -14.040          224.781
  454 (vir)          210.170           1.585          -1.458         -14.148          224.446
  455 (vir)          210.559           1.031          -2.328         -16.293          225.555
  456 (vir)          211.375           4.098          -0.992         -13.258          227.739
  457 (vir)          211.509           1.235          -1.489         -14.523          225.777
  458 (vir)          212.213          -0.159          -2.012         -15.987          226.028
  459 (vir)          213.216           3.615          -0.981         -13.297          229.147
  460 (vir)          213.225           1.196          -1.967         -15.602          228.057
  461 (vir)          213.899           1.466          -2.050         -16.080          229.393
  462 (vir)          214.098           4.232          -0.821         -12.613          230.123
  463 (vir)          214.698          -2.670          -0.929         -13.069          224.168
  464 (vir)          214.736           0.335          -1.649         -15.160          228.581
  465 (vir)          217.221          -0.027          -1.366         -14.263          230.090
  466 (vir)          218.097           0.606          -1.450         -14.544          231.797
  467 (vir)          218.544           4.866          -0.962         -13.685          236.133
  468 (vir)          218.577           3.706          -1.630         -15.052          235.705
  469 (vir)          219.542          -3.402          -0.799         -12.630          227.972
  470 (vir)          219.607           0.832          -1.508         -14.261          233.192
  471 (vir)          219.767           2.426          -1.697         -14.724          235.219
  472 (vir)          220.742           3.872          -0.960         -13.745          237.399
  473 (vir)          221.007           0.143          -1.506         -14.712          234.357
  474 (vir)          221.952           1.367          -1.587         -14.847          236.580
  475 (vir)          222.303           3.871          -1.559         -15.736          240.351
  476 (vir)          222.657           1.891          -1.283         -14.194          237.459
  477 (vir)          223.134           5.318          -1.463         -15.604          242.593
  478 (vir)          223.505           1.038          -1.217         -13.725          237.051
  479 (vir)          223.939           2.367          -1.595         -16.016          240.726
  480 (vir)          224.103           0.428          -1.792         -15.819          238.558
  481 (vir)          224.658           4.434          -1.491         -15.733          243.334
  482 (vir)          225.693           0.145          -1.703         -14.738          238.873
  483 (vir)          225.906           2.522          -0.939         -13.424          240.913
  484 (vir)          226.144          -1.726          -1.281         -14.344          237.480
  485 (vir)          226.311           2.027          -1.536         -15.805          242.608
  486 (vir)          226.526          -0.107          -2.425         -17.118          241.112
  487 (vir)          227.686          -0.148          -1.432         -14.786          240.892
  488 (vir)          228.035           1.639          -1.280         -15.010          243.404
  489 (vir)          229.514           0.482          -0.962         -13.565          242.599
  490 (vir)          229.648           1.801          -1.917         -15.722          245.254
  491 (vir)          230.499           3.332          -1.623         -16.058          248.267
  492 (vir)          230.758           4.847          -1.709         -15.642          249.538
  493 (vir)          231.166           6.315          -1.847         -15.478          251.112
  494 (vir)          232.151           1.772          -1.997         -16.321          248.246
  495 (vir)          233.216           2.355          -1.137         -14.174          248.609
  496 (vir)          233.914          -0.087          -1.466         -15.194          247.554
  497 (vir)          234.043          -6.579          -1.518         -15.507          241.454
  498 (vir)          235.302           3.624          -1.193         -14.776          252.509
  499 (vir)          235.413           2.524          -1.519         -15.962          252.380
  500 (vir)          235.575           1.223          -1.593         -15.349          250.554
  501 (vir)          236.305          -1.185          -1.688         -15.888          249.320
  502 (vir)          237.238           4.370          -1.219         -14.866          255.254
  503 (vir)          239.176           4.203          -2.251         -17.314          258.442
  504 (vir)          240.467          -1.917          -1.947         -16.590          253.192
  505 (vir)          240.582           1.748          -1.194         -14.577          255.714
  506 (vir)          241.364           0.922          -1.151         -14.809          255.944
  507 (vir)          242.659           0.755          -1.272         -15.212          257.353
  508 (vir)          243.638           0.766          -1.985         -16.917          259.336
  509 (vir)          244.705           1.654          -1.825         -16.462          260.997
  510 (vir)          246.154           0.818          -1.358         -15.321          260.934
  511 (vir)          250.781          -0.769          -1.787         -16.814          265.038
  512 (vir)          253.359           0.268          -1.466         -15.737          267.898
  513 (vir)          253.674           5.608          -2.151         -18.480          275.611
  514 (vir)          256.615           2.510          -1.468         -15.783          273.440
  515 (vir)          257.158           0.257          -1.618         -16.352          272.149
  516 (vir)          258.851           0.380          -2.518         -18.948          275.660
  517 (vir)          261.239           3.019          -1.745         -16.690          279.203
  518 (vir)          262.461           0.293          -1.842         -17.009          277.921
  519 (vir)          262.583          -0.092          -2.058         -17.439          277.873
  520 (vir)          262.682           3.716          -1.069         -14.923          280.252
  521 (vir)          263.674           1.395          -1.036         -14.806          278.839
  522 (vir)          264.810           1.668          -1.931         -17.100          281.647
  523 (vir)          265.294           4.138          -1.796         -17.366          285.002
  524 (vir)          265.520           1.727          -1.456         -15.909          281.700
  525 (vir)          266.695           3.744          -1.572         -16.100          284.967
  526 (vir)          268.370           2.107          -1.676         -16.992          285.794
  527 (vir)          270.332          -0.115          -3.056         -19.463          286.624
  528 (vir)          270.687           3.955          -1.033         -14.871          288.480
  529 (vir)          271.470           0.744          -2.939         -19.237          288.512
  530 (vir)          272.471          -4.007          -3.023         -19.506          284.946
  531 (vir)          273.518           0.429          -2.108         -17.681          289.520
  532 (vir)          275.818          -0.704          -3.287         -20.246          292.074
  533 (vir)          276.815           2.597          -1.440         -16.412          294.384
  534 (vir)          277.632           1.320          -3.648         -20.862          296.166
  535 (vir)          279.176           1.387          -3.147         -20.220          297.637
  536 (vir)          279.826           4.930          -1.747         -17.528          300.537
  537 (vir)          284.315          -1.549          -3.314         -20.377          299.830
  538 (vir)          285.875           1.601          -2.676         -19.056          303.856
  539 (vir)          289.493           4.252          -1.803         -17.527          309.468
  540 (vir)          291.313           1.820          -1.687         -17.270          308.716
  541 (vir)          292.962          11.505          -2.808         -20.752          322.411
  542 (vir)          293.666          -4.695          -2.154         -18.621          305.439
  543 (vir)          296.218           0.278          -2.048         -17.461          311.909
  544 (vir)          300.075           6.019          -3.864         -21.370          323.600
  545 (vir)          305.917          10.340          -3.394         -22.973          335.837
  546 (vir)          309.211           2.974          -2.232         -19.364          329.317
  547 (vir)          311.685           6.948          -3.359         -22.377          337.651
  548 (vir)          314.415          -2.102          -2.645         -20.297          329.966
  549 (vir)          314.832           9.898          -3.292         -22.901          344.339
  550 (vir)          320.442           8.898          -3.244         -22.837          348.931
  551 (vir)          324.294           8.391          -3.279         -22.360          351.766
  552 (vir)          325.903           2.810          -2.238         -18.217          344.693
  553 (vir)          329.847           2.385          -2.338         -19.782          349.676
  554 (vir)          330.500           3.253          -3.270         -22.605          353.088
  555 (vir)          336.775           4.763          -4.119         -25.179          362.598
  556 (vir)          341.823           2.011          -2.632         -19.406          360.607
  557 (vir)          342.503           1.380          -2.846         -20.014          361.052
  558 (vir)          344.805          -1.183          -3.523         -22.012          362.110
  559 (vir)          349.092           1.988          -2.323         -18.653          367.410
  560 (vir)          356.264           3.121          -2.387         -19.122          376.120
  561 (vir)          358.336          10.391          -3.874         -24.148          389.001
  562 (vir)          373.529           4.915          -3.042         -22.655          398.056
  563 (vir)          381.813          -0.857          -3.881         -24.198          401.273
  564 (vir)          390.063           3.117          -6.258         -27.883          414.806
  565 (vir)          450.557           0.484          -4.153         -24.438          471.326
  566 (vir)          752.381           1.022         -13.063         -46.330          786.670
  567 (vir)          767.725           1.082         -12.842         -46.152          802.117
  568 (vir)          772.736           1.087         -12.759         -46.046          807.109
  569 (vir)          782.094           1.310         -12.603         -45.890          816.689
  570 (vir)          785.280           1.001         -12.566         -45.857          819.573
  571 (vir)          794.635           1.155         -12.449         -45.780          829.120
  572 (vir)         1308.760           1.751         -17.899         -62.175         1354.787
  573 (vir)         3983.753           1.299         -14.802         -94.587         4064.837
  574 (vir)         3998.495           1.331         -14.741         -94.535         4079.620
  575 (vir)         4003.780           1.333         -14.719         -94.516         4084.910
  576 (vir)         4012.131           1.350         -14.681         -94.479         4093.279
  577 (vir)         4015.784           1.353         -14.668         -94.470         4096.939
  578 (vir)         4026.010           1.368         -14.627         -94.435         4107.186
  579 (vir)         6876.822           1.313         -20.566        -126.310         6983.880
