 
  kpoint:     0.0000    0.0000    0.0000
 
    n          ϵ_nk^DFT (eV)     Σ^c_nk (eV)     Σ^x_nk (eV)     v_n^xc (eV)   ϵ_nk^G0W0 (eV)
 
    1 (occ)        -1779.465          -4.015        -243.567        -152.244        -1874.804
    2 (occ)        -1779.465          -4.015        -243.567        -152.244        -1874.804
    3 (occ)         -137.371           2.984         -75.670         -47.130         -162.927
    4 (occ)         -137.369           3.105         -75.670         -47.133         -162.801
    5 (occ)          -94.099           8.069         -67.596         -47.162         -106.465
    6 (occ)          -94.086           8.162         -67.612         -47.176         -106.359
    7 (occ)          -94.086           8.163         -67.612         -47.176         -106.359
    8 (occ)          -94.084           8.147         -67.614         -47.179         -106.372
    9 (occ)          -94.084           8.147         -67.614         -47.179         -106.372
   10 (occ)          -94.082           8.233         -67.622         -47.190         -106.281
   11 (occ)          -14.041           3.782         -19.084         -12.683          -16.660
   12 (occ)          -12.423           2.923         -18.683         -12.825          -15.358
   13 (occ)           -8.883           1.165         -16.291         -11.827          -12.182
   14 (occ)           -8.882           1.165         -16.290         -11.827          -12.181
   15 (occ)           -8.241           0.969         -16.527         -12.206          -11.592
   16 (occ)           -8.240           0.969         -16.525         -12.205          -11.592
   17 (occ)           -7.286           0.278         -15.351         -12.073          -10.287
   18 (vir)           -0.631          -2.053          -4.332          -8.690            1.673
   19 (vir)           -0.631          -2.053          -4.332          -8.689            1.673
   20 (vir)           -0.453          -1.582          -3.338          -6.903            1.531
   21 (vir)           -0.233          -1.482          -2.634          -6.179            1.830
   22 (vir)            0.357          -1.605          -2.382          -6.138            2.509
   23 (vir)            0.358          -1.605          -2.381          -6.138            2.509
   24 (vir)            0.994          -1.926          -3.244          -7.421            3.245
   25 (vir)            1.593          -1.063          -1.512          -4.248            3.265
   26 (vir)            1.765          -1.013          -1.292          -4.005            3.465
   27 (vir)            1.765          -1.013          -1.292          -4.005            3.465
   28 (vir)            2.637          -1.148          -1.551          -4.478            4.416
   29 (vir)            2.637          -1.148          -1.551          -4.478            4.416
   30 (vir)            2.942          -1.628          -2.834          -6.167            4.647
   31 (vir)            3.127          -2.036          -2.506          -6.878            5.463
   32 (vir)            3.127          -2.036          -2.505          -6.877            5.463
   33 (vir)            4.898          -2.493          -2.663          -7.027            6.769
   34 (vir)            5.364          -1.454          -1.282          -4.481            7.109
   35 (vir)            5.365          -1.454          -1.282          -4.481            7.109
   36 (vir)            5.655          -1.279          -1.197          -4.190            7.369
   37 (vir)            5.655          -1.279          -1.197          -4.190            7.369
   38 (vir)            5.993          -1.602          -1.194          -4.485            7.682
   39 (vir)            6.829          -2.764          -2.391          -7.263            8.937
   40 (vir)            6.829          -2.764          -2.391          -7.263            8.937
   41 (vir)            6.978          -1.750          -2.046          -5.678            8.860
   42 (vir)            7.469          -1.945          -1.326          -4.866            9.065
   43 (vir)            8.505          -2.405          -2.267          -6.629           10.462
   44 (vir)            8.734          -2.416          -1.434          -5.692           10.576
   45 (vir)            8.735          -2.416          -1.434          -5.691           10.576
   46 (vir)            9.638          -2.283          -2.028          -6.025           11.352
   47 (vir)           11.198          -2.443          -1.449          -5.968           13.273
   48 (vir)           11.198          -2.443          -1.449          -5.967           13.274
   49 (vir)           12.352          -2.793          -1.795          -7.326           15.089
   50 (vir)           12.987          -2.697          -1.991          -6.871           15.170
   51 (vir)           13.187          -2.734          -1.793          -7.375           16.035
   52 (vir)           13.925          -3.306          -2.945          -8.714           16.388
   53 (vir)           13.926          -3.306          -2.945          -8.714           16.388
   54 (vir)           13.990          -3.164          -2.858          -8.466           16.434
   55 (vir)           13.990          -3.164          -2.858          -8.466           16.434
   56 (vir)           15.709          -2.647          -1.599          -6.540           18.002
   57 (vir)           15.710          -2.647          -1.600          -6.540           18.002
   58 (vir)           16.174          -3.216          -1.882          -7.962           19.037
   59 (vir)           16.174          -3.216          -1.882          -7.962           19.038
   60 (vir)           16.612          -2.766          -1.555          -7.247           19.539
   61 (vir)           16.890          -2.825          -1.693          -7.323           19.695
   62 (vir)           16.890          -2.825          -1.693          -7.323           19.694
   63 (vir)           16.904          -2.609          -1.661          -7.455           20.088
   64 (vir)           16.904          -2.608          -1.661          -7.455           20.089
   65 (vir)           17.006          -3.034          -2.071          -7.777           19.677
   66 (vir)           18.329          -2.953          -1.809          -7.631           21.197
   67 (vir)           18.329          -2.954          -1.809          -7.631           21.197
   68 (vir)           18.440          -2.018          -1.658          -7.067           21.830
   69 (vir)           19.488          -3.325          -2.792          -9.212           22.584
   70 (vir)           20.486          -2.019          -1.439          -6.624           23.653
   71 (vir)           20.834          -2.414          -1.437          -6.853           23.836
   72 (vir)           20.835          -2.418          -1.438          -6.854           23.833
   73 (vir)           21.107          -2.011          -0.678          -5.806           24.225
   74 (vir)           22.113          -2.061          -1.191          -7.040           25.901
   75 (vir)           22.113          -2.061          -1.191          -7.040           25.901
   76 (vir)           22.336          -2.403          -1.410          -7.174           25.698
   77 (vir)           22.862          -2.183          -1.321          -7.051           26.409
   78 (vir)           22.863          -2.183          -1.322          -7.051           26.409
   79 (vir)           24.215          -1.065          -2.448          -8.248           28.949
   80 (vir)           25.387          -1.781          -1.079          -6.597           29.124
   81 (vir)           25.387          -1.781          -1.078          -6.596           29.124
   82 (vir)           26.291          -1.560          -1.134          -6.800           30.396
   83 (vir)           26.291          -1.561          -1.134          -6.799           30.395
   84 (vir)           27.068          -0.236          -3.052          -9.480           33.260
   85 (vir)           27.091          -1.797          -1.252          -7.429           31.471
   86 (vir)           27.091          -1.797          -1.252          -7.430           31.471
   87 (vir)           27.152          -1.603          -1.560          -7.642           31.632
   88 (vir)           27.991          -1.459          -0.804          -6.563           32.291
   89 (vir)           29.168          -2.100          -1.370          -7.712           33.411
   90 (vir)           29.169          -2.100          -1.369          -7.712           33.411
   91 (vir)           29.660          -1.797          -1.519          -7.602           33.946
   92 (vir)           30.575          -2.223          -1.696          -8.312           34.968
   93 (vir)           32.623          -2.432          -2.352          -9.216           37.055
   94 (vir)           32.626          -2.445          -2.352          -9.215           37.044
   95 (vir)           32.806          -2.460          -2.636          -9.952           37.662
   96 (vir)           32.809          -2.462          -2.637          -9.954           37.664
   97 (vir)           33.128          -2.419          -1.922          -8.563           37.351
   98 (vir)           34.300          -1.693          -1.323          -7.824           39.107
   99 (vir)           34.354          -2.197          -1.716          -8.914           39.355
  100 (vir)           34.355          -2.203          -1.717          -8.916           39.352
  101 (vir)           36.004          -1.585          -1.103          -7.580           40.896
  102 (vir)           36.005          -1.591          -1.103          -7.579           40.890
  103 (vir)           37.197          -1.800          -2.080          -9.024           42.341
  104 (vir)           42.020          -1.072          -2.027          -8.852           47.773
  105 (vir)           44.148          -2.085          -2.407         -11.139           50.795
  106 (vir)           44.149          -2.083          -2.404         -11.135           50.797
  107 (vir)           44.235          -1.853          -2.210         -10.769           50.940
  108 (vir)           44.235          -1.854          -2.210         -10.769           50.939
  109 (vir)           44.273          -2.080          -2.809         -11.804           51.188
  110 (vir)           44.273          -2.079          -2.805         -11.799           51.188
  111 (vir)           44.625          -1.986          -1.957         -10.705           51.386
  112 (vir)           46.411          -1.792          -1.780         -10.382           53.222
  113 (vir)           48.002          -2.040          -2.523         -11.350           54.789
  114 (vir)           48.003          -2.039          -2.523         -11.350           54.791
  115 (vir)           49.159          -1.928          -2.705         -11.335           55.862
  116 (vir)           49.162          -1.915          -2.705         -11.335           55.878
  117 (vir)           49.813          -2.123          -2.611         -11.628           56.707
  118 (vir)           50.996          -1.553          -1.658         -10.118           57.903
  119 (vir)           50.997          -1.553          -1.658         -10.118           57.904
  120 (vir)           51.492          -1.895          -1.895         -10.658           58.359
  121 (vir)           52.899          -1.647          -1.422          -9.814           59.645
  122 (vir)           52.900          -1.644          -1.422          -9.814           59.649
  123 (vir)           53.286          -1.857          -2.123         -11.111           60.417
  124 (vir)           53.612          -1.710          -1.579          -9.880           60.203
  125 (vir)           53.612          -1.705          -1.579          -9.879           60.207
  126 (vir)           54.306          -1.098          -0.976          -8.865           61.097
  127 (vir)           55.927          -2.250          -2.282         -10.699           62.094
  128 (vir)           56.148          -1.364          -1.222          -9.433           62.995
  129 (vir)           56.148          -1.364          -1.222          -9.433           62.994
  130 (vir)           56.257          -1.472          -1.449         -10.050           63.386
  131 (vir)           57.417          -1.529          -1.270          -9.748           64.367
  132 (vir)           57.418          -1.528          -1.269          -9.748           64.368
  133 (vir)           57.642          -1.627          -1.502         -10.055           64.569
  134 (vir)           58.880          -1.367          -1.055          -9.392           65.850
  135 (vir)           58.903          -1.228          -0.939          -8.741           65.476
  136 (vir)           59.106          -1.878          -1.851         -10.612           65.989
  137 (vir)           59.106          -1.871          -1.851         -10.612           65.996
  138 (vir)           60.542          -1.598          -1.391         -10.128           67.681
  139 (vir)           60.543          -1.598          -1.391         -10.128           67.682
  140 (vir)           61.405          -1.409          -1.120          -9.704           68.580
  141 (vir)           62.021          -1.282          -1.050          -9.228           68.917
  142 (vir)           62.021          -1.283          -1.050          -9.229           68.917
  143 (vir)           62.145          -1.179          -1.006          -9.009           68.969
  144 (vir)           62.432          -1.435          -1.438          -9.526           69.085
  145 (vir)           63.026          -1.106          -1.170          -9.323           70.072
  146 (vir)           63.027          -1.106          -1.170          -9.323           70.074
  147 (vir)           63.447          -1.546          -1.199          -9.694           70.397
  148 (vir)           63.449          -1.546          -1.199          -9.694           70.398
  149 (vir)           64.554          -1.369          -1.763         -10.521           71.942
  150 (vir)           65.558          -1.519          -1.231          -9.773           72.581
  151 (vir)           65.559          -1.519          -1.231          -9.773           72.583
  152 (vir)           66.274          -1.862          -2.527         -11.865           73.750
  153 (vir)           66.611          -1.626          -2.099         -11.159           74.045
  154 (vir)           67.980          -0.459          -0.894          -9.211           75.837
  155 (vir)           68.423          -0.585          -1.438         -10.170           76.569
  156 (vir)           68.425          -0.584          -1.436         -10.168           76.572
  157 (vir)           68.960          -1.087          -1.129          -9.838           76.582
  158 (vir)           68.963          -1.086          -1.128          -9.837           76.586
  159 (vir)           69.510          -2.780          -2.255         -11.485           75.960
  160 (vir)           72.062          -1.283          -3.155         -12.797           80.421
  161 (vir)           72.066          -1.280          -3.156         -12.798           80.428
  162 (vir)           72.452          -1.017          -2.126         -11.339           80.648
  163 (vir)           72.661          -0.349          -0.934          -9.356           80.735
  164 (vir)           72.663          -0.349          -0.933          -9.355           80.736
  165 (vir)           73.514          -0.320          -0.804          -9.161           81.552
  166 (vir)           74.179          -1.108          -3.758         -13.970           83.283
  167 (vir)           74.185          -1.108          -3.758         -13.969           83.288
  168 (vir)           74.513          -1.145          -1.295         -10.029           82.101
  169 (vir)           74.641          -0.470          -1.094          -9.751           82.828
  170 (vir)           74.641          -0.470          -1.094          -9.751           82.828
  171 (vir)           77.485           2.738          -3.750         -13.587           90.061
  172 (vir)           78.811          -0.446          -0.945          -9.614           87.035
  173 (vir)           78.812          -0.448          -0.945          -9.614           87.033
  174 (vir)           79.959          -0.482          -1.158         -10.393           88.712
  175 (vir)           79.960          -0.482          -1.158         -10.393           88.714
  176 (vir)           82.579          -0.369          -0.963          -9.714           90.961
  177 (vir)           83.648          -0.142          -0.873          -9.342           91.976
  178 (vir)           83.653          -0.143          -0.873          -9.342           91.979
  179 (vir)           84.525          -0.227          -0.936          -9.641           93.004
  180 (vir)           84.529          -0.226          -0.936          -9.641           93.008
  181 (vir)           86.253          -1.428          -1.064          -9.310           93.072
  182 (vir)           86.597          -0.984          -1.527         -11.156           95.243
  183 (vir)           88.630          -0.261          -1.449         -10.896           97.816
  184 (vir)           88.634          -0.262          -1.450         -10.898           97.820
  185 (vir)           89.324          -0.347          -1.652         -10.608           97.933
  186 (vir)           89.328          -0.342          -1.652         -10.610           97.943
  187 (vir)           89.982          -1.681          -1.139          -9.529           96.691
  188 (vir)           91.041           5.500          -2.150         -12.436          106.828
  189 (vir)           91.990          -0.184          -1.315         -10.099          100.590
  190 (vir)           91.992          -0.174          -1.316         -10.100          100.602
  191 (vir)           93.034           0.377          -1.018         -10.435          102.828
  192 (vir)           93.039           0.389          -1.019         -10.436          102.845
  193 (vir)           93.614           0.494          -1.043         -10.624          103.689
  194 (vir)           97.906           0.755          -0.989         -10.533          108.205
  195 (vir)           98.583          -1.424          -3.632         -14.994          108.521
  196 (vir)           98.585          -1.427          -3.632         -14.993          108.519
  197 (vir)           99.167          -3.680          -3.325         -14.103          106.265
  198 (vir)          101.816          -1.116          -3.090         -13.977          111.587
  199 (vir)          101.819          -1.114          -3.090         -13.976          111.592
  200 (vir)          108.942          -1.540          -4.947         -17.420          119.874
  201 (vir)          128.386           0.363          -6.207         -19.648          142.191
  202 (vir)          130.036          -0.060          -6.065         -19.220          143.130
  203 (vir)          142.722           1.188          -7.588         -22.227          158.548
  204 (vir)          142.722           1.188          -7.589         -22.227          158.548
  205 (vir)          143.340           1.213          -7.237         -21.809          159.125
  206 (vir)          143.341           1.212          -7.237         -21.809          159.124
  207 (vir)          145.677           1.454          -6.005         -20.693          161.819
  208 (vir)          145.679           1.459          -6.005         -20.693          161.826
  209 (vir)          149.914           1.793          -5.431         -19.554          165.830
  210 (vir)          149.915           1.798          -5.430         -19.553          165.836
  211 (vir)          151.153           1.488          -5.411         -19.053          166.282
  212 (vir)          151.551           0.956          -6.606         -20.664          166.565
  213 (vir)          154.822         -13.017          -0.684         -11.110          152.231
  214 (vir)          154.872         -12.853          -0.682         -11.105          152.443
  215 (vir)          155.745          -9.878          -0.720         -11.247          156.394
  216 (vir)          155.745          -9.871          -0.720         -11.247          156.401
  217 (vir)          155.994         -15.100          -0.802         -11.336          151.428
  218 (vir)          155.995         -15.098          -0.802         -11.336          151.431
  219 (vir)          157.173           2.540          -0.957         -11.761          170.518
  220 (vir)          157.174           2.536          -0.957         -11.763          170.516
  221 (vir)          157.326          -7.760          -0.787         -11.308          160.086
  222 (vir)          157.327          -7.761          -0.787         -11.308          160.086
  223 (vir)          158.141           3.813          -0.833         -11.411          172.533
  224 (vir)          159.708           0.171          -1.695         -12.970          171.154
  225 (vir)          161.077           2.514          -0.736         -11.416          174.271
  226 (vir)          162.792           1.158          -2.255         -14.688          176.383
  227 (vir)          162.938           1.392          -1.911         -13.664          176.083
  228 (vir)          163.199           3.872          -0.731         -11.481          177.821
  229 (vir)          163.269           1.621          -1.550         -13.009          176.349
  230 (vir)          164.200           2.364          -1.405         -12.721          177.880
  231 (vir)          164.292           3.620          -0.909         -11.786          178.788
  232 (vir)          164.294           3.619          -0.909         -11.786          178.790
  233 (vir)          164.884           2.166          -1.824         -13.350          178.576
  234 (vir)          164.884           2.166          -1.831         -13.363          178.583
  235 (vir)          166.169           3.270          -3.082         -16.096          182.453
  236 (vir)          166.188           3.300          -3.082         -16.095          182.501
  237 (vir)          166.959           4.347          -2.467         -15.279          184.117
  238 (vir)          166.975           4.461          -2.475         -15.293          184.254
  239 (vir)          171.749           3.615          -1.110         -12.311          186.565
  240 (vir)          171.749           3.636          -1.110         -12.312          186.587
  241 (vir)          172.209           4.608          -2.024         -13.983          188.776
  242 (vir)          172.212           4.622          -2.025         -13.985          188.793
  243 (vir)          174.032          -0.737          -1.187         -12.849          184.958
  244 (vir)          174.033          -0.962          -1.187         -12.849          184.733
  245 (vir)          175.237          -1.201          -1.016         -12.642          185.661
  246 (vir)          175.237          -1.125          -1.017         -12.642          185.737
  247 (vir)          175.841           1.494          -2.384         -14.735          189.687
  248 (vir)          179.340           1.314          -2.497         -15.221          193.379
  249 (vir)          179.764          -0.105          -1.001         -12.835          191.493
  250 (vir)          180.974           0.241          -0.988         -12.824          193.052
  251 (vir)          181.208          -1.669          -2.967         -15.717          192.288
  252 (vir)          181.212          -1.676          -2.967         -15.717          192.286
  253 (vir)          182.340          -0.977          -2.114         -14.320          193.569
  254 (vir)          182.345          -0.976          -2.115         -14.321          193.576
  255 (vir)          186.492           0.385          -3.247         -16.716          200.345
  256 (vir)          186.496           0.385          -3.247         -16.715          200.349
  257 (vir)          187.428           4.256          -2.207         -15.449          204.926
  258 (vir)          188.138           0.393          -3.208         -16.561          201.884
  259 (vir)          188.139           0.392          -3.208         -16.561          201.884
  260 (vir)          189.601          -0.027          -2.823         -16.231          202.983
  261 (vir)          209.173           2.502          -1.123         -14.407          224.959
  262 (vir)          209.364           2.656          -1.091         -14.301          225.230
  263 (vir)          209.368           2.656          -1.091         -14.301          225.235
  264 (vir)          210.514           2.685          -1.088         -14.210          226.322
  265 (vir)          210.514           2.685          -1.088         -14.210          226.322
  266 (vir)          210.876           2.702          -1.123         -14.400          226.855
  267 (vir)          212.805           2.908          -1.014         -14.070          228.769
  268 (vir)          212.810           2.908          -1.014         -14.070          228.775
  269 (vir)          213.277           3.689          -0.861         -13.340          229.446
  270 (vir)          213.626           2.772          -1.034         -14.071          229.435
  271 (vir)          213.626           2.773          -1.034         -14.070          229.435
  272 (vir)          214.500           3.733          -0.837         -13.284          230.680
  273 (vir)          215.321           3.359          -0.963         -13.992          231.709
  274 (vir)          217.622           3.104          -0.925         -13.470          233.270
  275 (vir)          217.624           3.104          -0.925         -13.470          233.272
  276 (vir)          217.764           3.177          -0.887         -13.498          233.551
  277 (vir)          217.768           3.176          -0.888         -13.499          233.556
  278 (vir)          218.178           3.254          -0.944         -13.882          234.371
  279 (vir)          218.313           3.189          -0.843         -13.216          233.875
  280 (vir)          218.314           3.190          -0.843         -13.216          233.877
  281 (vir)          219.363           3.326          -0.832         -13.177          235.033
  282 (vir)          219.887           3.356          -0.818         -13.170          235.596
  283 (vir)          220.022           3.290          -0.810         -13.094          235.596
  284 (vir)          220.024           3.290          -0.810         -13.094          235.598
  285 (vir)          228.976           2.882          -0.777         -12.932          244.012
  286 (vir)          230.341           2.954          -0.832         -13.171          245.635
  287 (vir)          230.342           2.955          -0.832         -13.171          245.636
  288 (vir)          231.739           2.954          -0.800         -13.100          246.993
  289 (vir)          231.740           2.954          -0.800         -13.100          246.994
  290 (vir)          232.818           3.280          -0.842         -13.271          248.527
  291 (vir)          234.439           2.797          -0.817         -13.147          249.567
  292 (vir)          234.769           2.689          -0.768         -12.974          249.665
  293 (vir)          235.211           2.916          -0.830         -13.204          250.501
  294 (vir)          235.214           2.915          -0.830         -13.204          250.503
  295 (vir)          235.372           3.000          -0.800         -13.143          250.715
  296 (vir)          235.373           3.000          -0.800         -13.144          250.716
  297 (vir)          239.118           2.938          -0.938         -13.480          254.599
  298 (vir)          239.124           2.938          -0.938         -13.480          254.604
  299 (vir)          240.329           2.626          -0.847         -13.250          255.358
  300 (vir)          240.392           2.627          -0.816         -13.176          255.379
  301 (vir)          240.468           2.706          -1.042         -13.748          255.881
  302 (vir)          240.475           2.706          -1.042         -13.748          255.888
  303 (vir)          249.636           1.323          -1.866         -15.866          264.959
  304 (vir)          249.644           1.346          -1.867         -15.862          264.986
  305 (vir)          249.677           1.476          -1.888         -16.113          265.378
  306 (vir)          250.403           1.391          -1.744         -15.622          265.672
  307 (vir)          250.409           1.400          -1.744         -15.622          265.686
  308 (vir)          250.460           1.253          -1.802         -15.968          265.880
  309 (vir)          315.764           1.567         -16.903         -42.706          343.134
  310 (vir)          333.424           1.818         -16.313         -41.992          360.921
  311 (vir)          333.442           1.820         -16.312         -41.991          360.941
  312 (vir)          334.398           1.888         -16.320         -42.012          361.978
  313 (vir)          334.415           1.889         -16.320         -42.011          361.996
  314 (vir)          339.052           1.781         -16.625         -42.687          366.894
  315 (vir)          448.296           1.824         -15.401         -41.496          476.214
  316 (vir)          453.244           1.831         -15.292         -41.410          481.193
  317 (vir)         1569.154           1.628         -27.603         -77.713         1620.891
  318 (vir)         1573.416           1.649         -27.555         -77.679         1625.189
  319 (vir)         8576.196           0.155         -45.611        -177.241         8707.981
  320 (vir)         8582.935           0.155         -45.594        -177.252         8714.747
