 
  kpoint:     0.0000    0.0000    0.0000
 
    n          ϵ_nk^DFT (eV)     Σ^c_nk (eV)     Σ^x_nk (eV)     v_n^xc (eV)   ϵ_nk^G0W0 (eV)
 
    1 (occ)         -509.901          -2.924        -132.580         -83.740         -561.666
    2 (occ)         -509.787          -2.931        -132.582         -83.740         -561.560
    3 (occ)         -382.681           0.761        -114.615         -72.597         -423.938
    4 (occ)         -382.243           0.765        -114.626         -72.598         -423.506
    5 (occ)         -272.991          -1.788         -96.860         -61.527         -310.113
    6 (occ)         -272.127           0.374         -96.868         -61.529         -307.093
    7 (occ)         -271.154           0.909         -96.885         -61.542         -305.588
    8 (occ)         -269.955          -0.923         -96.885         -61.545         -306.218
    9 (occ)         -269.350          -2.807         -96.863         -61.540         -307.480
   10 (occ)          -26.997           7.716         -31.772         -20.309          -30.744
   11 (occ)          -26.110           7.828         -33.043         -21.459          -29.866
   12 (occ)          -24.543           7.027         -30.577         -20.053          -28.041
   13 (occ)          -23.197           6.468         -29.661         -19.637          -26.752
   14 (occ)          -20.406           5.764         -26.508         -17.432          -23.717
   15 (occ)          -17.846           4.533         -25.171         -17.234          -21.250
   16 (occ)          -16.934           3.899         -24.116         -16.775          -20.376
   17 (occ)          -16.540           3.661         -25.410         -18.276          -20.014
   18 (occ)          -14.241           2.932         -23.610         -17.316          -17.603
   19 (occ)          -14.023           2.872         -23.396         -17.261          -17.286
   20 (occ)          -12.920           2.293         -22.414         -16.694          -16.348
   21 (occ)          -11.962           3.308         -20.889         -15.172          -14.372
   22 (occ)          -11.586           2.861         -23.840         -17.699          -14.867
   23 (occ)          -10.749           3.484         -26.086         -19.459          -13.893
   24 (occ)          -10.549           1.998         -19.937         -14.711          -13.777
   25 (occ)          -10.404           3.058         -24.571         -18.248          -13.670
   26 (occ)           -9.995           1.952         -22.167         -17.109          -13.100
   27 (occ)           -9.805           2.369         -21.083         -16.056          -12.464
   28 (occ)           -9.495           1.914         -21.109         -15.929          -12.761
   29 (occ)           -8.887           2.068         -20.615         -15.991          -11.442
   30 (occ)           -7.036           1.818         -22.965         -18.506           -9.676
   31 (occ)           -6.963           3.144         -25.601         -19.537           -9.883
   32 (occ)           -6.208           2.984         -25.689         -19.807           -9.105
   33 (occ)           -6.037           0.377         -19.237         -16.199           -8.698
   34 (vir)           -2.253          -2.675          -9.995         -14.976            0.053
   35 (vir)           -0.985          -3.230         -10.706         -16.309            1.388
   36 (vir)           -0.604          -1.537          -2.590          -5.962            1.232
   37 (vir)            0.177          -1.374          -2.191          -5.349            1.960
   38 (vir)            0.358          -1.503          -2.549          -5.893            2.199
   39 (vir)            1.015          -1.553          -2.641          -6.088            2.909
   40 (vir)            1.310          -3.133          -6.078         -11.249            3.349
   41 (vir)            1.537          -1.350          -1.809          -4.928            3.306
   42 (vir)            1.920          -1.606          -2.414          -5.973            3.872
   43 (vir)            2.017          -2.212          -2.825          -6.843            3.823
   44 (vir)            2.253          -2.003          -2.936          -6.880            4.194
   45 (vir)            2.404          -1.617          -2.461          -5.980            4.306
   46 (vir)            2.686          -1.844          -3.072          -6.952            4.722
   47 (vir)            2.964          -1.806          -2.885          -6.647            4.920
   48 (vir)            3.028          -1.333          -1.577          -4.629            4.747
   49 (vir)            3.825          -2.621          -5.043          -9.883            6.043
   50 (vir)            3.924          -1.655          -2.392          -5.935            5.813
   51 (vir)            4.197          -2.133          -3.677          -7.858            6.246
   52 (vir)            4.370          -1.641          -1.753          -5.189            6.166
   53 (vir)            4.447          -1.998          -3.483          -7.482            6.449
   54 (vir)            4.707          -1.398          -1.305          -4.456            6.461
   55 (vir)            4.800          -3.125          -5.742         -11.170            7.103
   56 (vir)            5.177          -3.549          -7.234         -13.216            7.610
   57 (vir)            5.700          -2.744          -4.706          -9.670            7.921
   58 (vir)            5.967          -1.677          -1.492          -4.996            7.795
   59 (vir)            5.976          -2.154          -3.105          -7.240            7.957
   60 (vir)            6.350          -2.829          -4.331          -9.322            8.513
   61 (vir)            6.503          -2.326          -3.880          -8.359            8.657
   62 (vir)            6.760          -1.627          -1.987          -5.467            8.614
   63 (vir)            7.098          -2.024          -2.119          -6.166            9.120
   64 (vir)            7.202          -2.700          -4.323          -9.122            9.302
   65 (vir)            7.487          -2.201          -2.807          -7.035            9.515
   66 (vir)            7.803          -2.541          -3.642          -8.276            9.896
   67 (vir)            8.027          -2.746          -4.040          -8.999           10.240
   68 (vir)            8.062          -2.251          -2.799          -7.183           10.194
   69 (vir)            8.173          -2.509          -2.886          -7.638           10.416
   70 (vir)            8.291          -2.181          -2.783          -6.983           10.310
   71 (vir)            8.800          -1.994          -1.943          -6.011           10.874
   72 (vir)            8.997          -2.741          -3.614          -8.584           11.225
   73 (vir)            9.302          -2.085          -2.642          -6.850           11.425
   74 (vir)            9.549          -2.289          -2.547          -6.955           11.668
   75 (vir)           10.125          -2.389          -2.987          -7.530           12.279
   76 (vir)           10.261          -2.810          -3.493          -8.554           12.511
   77 (vir)           10.591          -2.532          -2.971          -7.759           12.846
   78 (vir)           10.785          -1.967          -1.971          -6.105           12.952
   79 (vir)           10.851          -2.103          -2.227          -6.391           12.912
   80 (vir)           11.175          -1.919          -1.664          -5.668           13.260
   81 (vir)           11.365          -2.826          -2.910          -7.621           13.250
   82 (vir)           11.508          -2.149          -2.609          -6.990           13.740
   83 (vir)           11.872          -2.621          -2.922          -8.239           14.568
   84 (vir)           12.078          -3.712          -4.406         -10.411           14.371
   85 (vir)           12.593          -2.968          -2.901          -8.027           14.752
   86 (vir)           12.835          -3.420          -3.895          -9.695           15.216
   87 (vir)           13.350          -2.612          -2.625          -7.482           15.595
   88 (vir)           13.487          -2.159          -2.000          -6.308           15.635
   89 (vir)           13.918          -2.911          -2.444          -7.784           16.346
   90 (vir)           14.142          -2.789          -2.489          -7.827           16.691
   91 (vir)           14.229          -3.296          -3.861          -9.544           16.615
   92 (vir)           14.464          -2.989          -3.034          -8.446           16.887
   93 (vir)           14.692          -3.089          -3.673          -9.092           17.021
   94 (vir)           15.199          -3.713          -3.896         -10.028           17.617
   95 (vir)           15.794          -2.765          -2.130          -7.445           18.344
   96 (vir)           15.833          -3.642          -4.189         -10.306           18.307
   97 (vir)           16.065          -3.044          -2.486          -8.078           18.612
   98 (vir)           16.597          -2.850          -1.825          -7.228           19.150
   99 (vir)           16.622          -3.767          -3.878         -10.121           19.099
  100 (vir)           16.721          -2.510          -2.638          -7.799           19.371
  101 (vir)           17.298          -2.568          -2.312          -7.342           19.759
  102 (vir)           17.987          -3.439          -2.544          -8.184           20.187
  103 (vir)           18.103          -3.156          -2.002          -7.532           20.477
  104 (vir)           18.491          -3.298          -1.998          -7.684           20.879
  105 (vir)           18.978          -3.882          -3.630         -10.059           21.526
  106 (vir)           19.017          -3.428          -2.123          -7.995           21.461
  107 (vir)           19.390          -2.832          -3.126          -8.933           22.366
  108 (vir)           19.732          -3.272          -2.386          -8.420           22.495
  109 (vir)           19.763          -3.551          -2.814          -8.847           22.245
  110 (vir)           20.128          -3.150          -2.035          -7.730           22.674
  111 (vir)           20.623          -3.192          -1.912          -7.591           23.111
  112 (vir)           20.761          -2.936          -2.134          -7.523           23.214
  113 (vir)           20.948          -3.967          -2.455          -8.978           23.505
  114 (vir)           21.053          -3.045          -2.087          -7.691           23.613
  115 (vir)           21.296          -3.246          -2.013          -7.620           23.657
  116 (vir)           21.788          -2.912          -2.750          -8.620           24.747
  117 (vir)           22.325          -3.035          -2.652          -8.425           25.063
  118 (vir)           22.569          -2.753          -2.348          -7.987           25.455
  119 (vir)           22.916          -3.549          -2.296          -8.572           25.643
  120 (vir)           23.001          -3.237          -2.554          -8.546           25.756
  121 (vir)           23.232          -3.520          -2.035          -8.146           25.823
  122 (vir)           23.274          -3.581          -2.629          -8.803           25.867
  123 (vir)           23.844          -3.106          -2.371          -8.188           26.555
  124 (vir)           24.316          -3.286          -1.741          -7.665           26.954
  125 (vir)           24.536          -3.317          -2.509          -8.576           27.286
  126 (vir)           24.601          -3.234          -2.147          -7.929           27.149
  127 (vir)           24.882          -3.046          -2.389          -8.380           27.827
  128 (vir)           25.144          -2.234          -2.105          -7.901           28.705
  129 (vir)           25.561          -3.163          -2.047          -8.154           28.506
  130 (vir)           25.577          -3.135          -2.441          -8.490           28.490
  131 (vir)           26.271          -3.138          -2.274          -8.509           29.368
  132 (vir)           26.438          -3.032          -2.214          -7.954           29.146
  133 (vir)           26.930          -3.497          -2.809          -9.545           30.170
  134 (vir)           27.239          -3.081          -2.387          -8.296           30.067
  135 (vir)           27.422          -2.540          -2.016          -8.037           30.904
  136 (vir)           28.036          -3.930          -3.322         -10.680           31.464
  137 (vir)           28.220          -3.163          -1.963          -7.876           30.971
  138 (vir)           28.401          -2.987          -2.085          -8.034           31.363
  139 (vir)           28.502          -2.955          -1.809          -7.824           31.562
  140 (vir)           28.787          -3.072          -1.930          -8.058           31.843
  141 (vir)           29.003          -3.743          -2.941          -9.902           32.221
  142 (vir)           29.096          -2.985          -1.566          -7.184           31.729
  143 (vir)           29.828          -3.050          -2.304          -8.612           33.086
  144 (vir)           29.993          -3.375          -2.639          -9.390           33.368
  145 (vir)           30.319          -3.191          -1.869          -7.973           33.232
  146 (vir)           30.886          -3.577          -2.553          -9.620           34.376
  147 (vir)           31.814          -1.109          -1.828          -7.723           36.600
  148 (vir)           32.185          -3.275          -2.173          -8.675           35.412
  149 (vir)           32.703          -3.449          -2.212          -9.081           36.123
  150 (vir)           33.004          -3.345          -2.221          -8.893           36.330
  151 (vir)           33.418          -3.271          -1.803          -7.834           36.179
  152 (vir)           34.117          -3.957          -2.200          -8.668           36.628
  153 (vir)           34.388          -2.972          -2.198          -8.728           37.946
  154 (vir)           35.102          -2.726          -2.495          -9.688           39.569
  155 (vir)           35.371          -3.698          -2.850         -10.338           39.161
  156 (vir)           36.030          -3.407          -2.073          -8.460           39.010
  157 (vir)           36.057          -3.339          -2.116          -8.870           39.471
  158 (vir)           36.096          -3.700          -2.983         -10.524           39.937
  159 (vir)           36.625          -3.624          -3.472         -11.026           40.555
  160 (vir)           36.695          -3.656          -2.286          -9.222           39.975
  161 (vir)           37.503          -3.710          -2.544          -9.759           41.009
  162 (vir)           37.704          -3.630          -3.288         -10.872           41.659
  163 (vir)           37.970          -3.545          -3.491         -11.175           42.109
  164 (vir)           38.318          -3.724          -3.288         -11.147           42.454
  165 (vir)           38.478          -3.034          -2.099          -9.159           42.504
  166 (vir)           38.806          -3.416          -2.687          -9.932           42.635
  167 (vir)           38.975          -3.966          -2.839         -10.544           42.714
  168 (vir)           39.732          -3.724          -2.737         -10.531           43.802
  169 (vir)           39.876          -3.590          -2.954         -10.211           43.543
  170 (vir)           39.919          -3.730          -3.287         -11.009           43.911
  171 (vir)           40.161          -4.711          -3.469         -12.061           44.042
  172 (vir)           41.263          -3.630          -2.453          -9.789           44.969
  173 (vir)           41.367          -4.104          -3.445         -12.050           45.867
  174 (vir)           41.654          -3.625          -2.879         -10.605           45.755
  175 (vir)           42.906          -3.666          -3.005         -11.074           47.309
  176 (vir)           43.306          -4.074          -2.951         -11.125           47.406
  177 (vir)           44.032          -4.451          -2.705         -10.806           47.682
  178 (vir)           44.393          -3.830          -2.643         -10.277           48.197
  179 (vir)           44.776          -4.132          -3.119         -11.823           49.348
  180 (vir)           45.818          -3.772          -2.475         -11.079           50.650
  181 (vir)           46.175          -3.837          -2.684         -11.061           50.715
  182 (vir)           46.546          -3.262          -2.313         -10.125           51.097
  183 (vir)           46.640          -3.255          -2.116         -10.084           51.353
  184 (vir)           47.357          -3.694          -2.796         -11.380           52.247
  185 (vir)           47.523          -3.477          -2.283         -10.678           52.442
  186 (vir)           47.915          -4.554          -2.501         -10.621           51.481
  187 (vir)           47.938          -3.579          -2.411         -10.789           52.736
  188 (vir)           48.620          -0.421          -2.612         -10.967           56.552
  189 (vir)           48.632          -3.280          -2.184         -10.554           53.723
  190 (vir)           48.987          -3.756          -2.514         -11.050           53.767
  191 (vir)           49.579          -4.238          -2.761         -11.335           53.915
  192 (vir)           49.669          -2.753          -2.249         -10.713           55.380
  193 (vir)           49.830          -4.482          -2.437         -10.749           53.659
  194 (vir)           50.118          -3.170          -2.376         -11.124           55.696
  195 (vir)           50.623          -3.767          -2.727         -11.279           55.408
  196 (vir)           51.062          -4.147          -2.644         -11.115           55.385
  197 (vir)           51.299          -3.809          -2.804         -11.275           55.961
  198 (vir)           51.531          -3.126          -2.253         -10.770           56.923
  199 (vir)           51.597          -3.176          -2.725         -11.172           56.869
  200 (vir)           52.187          -3.464          -2.207         -10.969           57.485
  201 (vir)           52.480          -5.571          -2.602         -10.982           55.289
  202 (vir)           52.733          -3.458          -2.530         -11.288           58.033
  203 (vir)           53.054          -4.189          -2.381         -11.375           57.858
  204 (vir)           53.326          -3.557          -2.845         -11.531           58.455
  205 (vir)           53.427          -3.742          -2.239         -11.112           58.557
  206 (vir)           53.570          -1.314          -2.270         -10.709           60.695
  207 (vir)           54.228          -3.591          -2.372         -10.940           59.206
  208 (vir)           54.326          -3.813          -1.937         -10.261           58.838
  209 (vir)           54.855          -3.261          -2.211         -11.041           60.424
  210 (vir)           54.981          -3.761          -2.162         -10.656           59.715
  211 (vir)           55.069          -3.569          -2.369         -11.369           60.500
  212 (vir)           55.198          -2.581          -2.660         -11.511           61.468
  213 (vir)           56.252          -4.358          -2.271         -10.687           60.309
  214 (vir)           56.338          -4.884          -2.651         -11.473           60.276
  215 (vir)           56.529          -3.261          -1.943         -10.346           61.671
  216 (vir)           56.963          -3.239          -2.712         -11.609           62.620
  217 (vir)           57.367          -2.995          -1.502          -9.725           62.595
  218 (vir)           57.454          -4.476          -2.453         -11.326           61.851
  219 (vir)           58.350          -4.398          -2.448         -11.218           62.722
  220 (vir)           58.753          -3.296          -2.033         -10.905           64.328
  221 (vir)           58.911          -4.594          -2.389         -11.090           63.017
  222 (vir)           59.294          -2.596          -1.717         -10.310           65.291
  223 (vir)           59.332          -3.420          -2.328         -11.274           64.858
  224 (vir)           59.680          -3.428          -1.636          -9.980           64.595
  225 (vir)           59.916          -3.841          -2.508         -11.437           65.004
  226 (vir)           60.639          -3.236          -1.814         -10.426           66.015
  227 (vir)           60.957          -2.780          -2.237         -11.080           67.020
  228 (vir)           61.397          -3.311          -2.227         -11.194           67.053
  229 (vir)           61.399          -3.398          -2.170         -11.170           67.000
  230 (vir)           62.166          -4.436          -2.432         -11.154           66.453
  231 (vir)           62.451          -3.076          -1.850         -10.559           68.084
  232 (vir)           62.558          -2.530          -2.386         -11.511           69.152
  233 (vir)           63.047          -4.838          -2.916         -12.546           67.839
  234 (vir)           63.496          -2.477          -1.959         -10.888           69.949
  235 (vir)           63.530          -3.915          -2.685         -11.682           68.612
  236 (vir)           64.111          -2.760          -2.052         -11.051           70.351
  237 (vir)           64.510          -3.772          -2.656         -12.124           70.205
  238 (vir)           64.831          -1.672          -2.567         -11.899           72.491
  239 (vir)           65.099          -4.587          -2.324         -11.339           69.527
  240 (vir)           65.150          -2.623          -1.776         -10.660           71.410
  241 (vir)           65.773          -3.139          -1.465          -9.713           70.882
  242 (vir)           66.612          -2.465          -2.099         -11.092           73.139
  243 (vir)           67.117          -2.461          -2.196         -11.044           73.505
  244 (vir)           67.190          -1.985          -2.079         -11.016           74.143
  245 (vir)           67.296          -3.102          -2.273         -11.940           73.860
  246 (vir)           67.943          -4.202          -2.407         -11.658           72.992
  247 (vir)           68.146          -2.527          -1.572         -10.051           74.098
  248 (vir)           68.281          -4.259          -2.366         -11.551           73.207
  249 (vir)           68.515          -2.960          -1.839         -10.742           74.457
  250 (vir)           69.075          -4.147          -2.183         -11.425           74.170
  251 (vir)           70.087          -3.285          -2.526         -12.544           76.820
  252 (vir)           70.154          -2.997          -2.084         -11.020           76.093
  253 (vir)           70.361          -3.680          -2.397         -11.740           76.024
  254 (vir)           70.880          -2.545          -2.399         -11.891           77.828
  255 (vir)           71.272          -3.968          -2.518         -12.328           77.114
  256 (vir)           71.485          -2.693          -2.308         -11.521           78.005
  257 (vir)           71.675          -3.319          -2.455         -12.316           78.218
  258 (vir)           71.823          -2.689          -2.287         -11.558           78.405
  259 (vir)           71.875          -3.277          -1.989         -11.064           77.673
  260 (vir)           72.454          -1.501          -2.139         -11.357           80.171
  261 (vir)           72.778          -0.698          -1.992         -11.071           81.160
  262 (vir)           73.168          -3.090          -2.084         -11.764           79.757
  263 (vir)           74.205          -4.664          -2.338         -11.911           79.114
  264 (vir)           74.266          -3.398          -1.699         -10.729           79.898
  265 (vir)           74.615          -3.523          -2.344         -11.893           80.641
  266 (vir)           75.018          -5.133          -2.184         -11.597           79.298
  267 (vir)           75.249          -4.465          -2.486         -12.228           80.526
  268 (vir)           75.563          -4.255          -2.335         -11.740           80.713
  269 (vir)           76.180          -3.506          -2.286         -11.757           82.145
  270 (vir)           76.911           4.831          -2.471         -12.091           91.362
  271 (vir)           77.030          -3.028          -2.033         -11.564           83.534
  272 (vir)           77.303          -2.461          -1.795         -11.100           84.147
  273 (vir)           77.616          -6.487          -2.173         -11.207           80.163
  274 (vir)           78.244          -0.351          -2.033         -11.482           87.341
  275 (vir)           78.664          -3.211          -2.358         -12.554           85.648
  276 (vir)           78.847          -3.637          -2.163         -12.247           85.294
  277 (vir)           79.659          -2.455          -2.467         -12.482           87.219
  278 (vir)           80.088          -3.897          -2.472         -12.163           85.883
  279 (vir)           80.449          -2.930          -2.742         -13.644           88.422
  280 (vir)           81.077          -3.824          -2.729         -12.918           87.442
  281 (vir)           81.130          -3.546          -2.548         -13.246           88.282
  282 (vir)           81.399          -3.291          -2.223         -11.892           87.777
  283 (vir)           82.386          -3.369          -2.563         -13.060           89.513
  284 (vir)           82.395          -3.589          -2.444         -12.566           88.928
  285 (vir)           82.674          -2.822          -2.521         -12.753           90.084
  286 (vir)           82.944          -2.506          -1.936         -11.421           89.923
  287 (vir)           84.052          -2.428          -2.318         -12.801           92.106
  288 (vir)           84.419          -4.698          -2.358         -12.158           89.521
  289 (vir)           85.017          -3.502          -2.450         -12.570           91.636
  290 (vir)           85.557          -2.890          -2.273         -12.691           93.085
  291 (vir)           85.862          -2.479          -2.665         -13.360           94.078
  292 (vir)           86.282          -2.812          -2.518         -13.540           94.492
  293 (vir)           87.224          -5.683          -2.102         -12.135           91.574
  294 (vir)           87.360          -4.628          -2.246         -12.339           92.826
  295 (vir)           87.607          -2.854          -2.205         -12.739           95.287
  296 (vir)           88.584          -3.655          -2.524         -13.065           95.469
  297 (vir)           88.921          -3.850          -2.669         -13.823           96.225
  298 (vir)           89.256          -2.137          -2.555         -13.154           97.717
  299 (vir)           89.620          -2.617          -2.420         -13.021           97.604
  300 (vir)           90.284          -2.996          -2.349         -12.989           97.928
  301 (vir)           90.368          -4.231          -2.624         -13.224           96.737
  302 (vir)           90.844          -2.076          -2.682         -13.470           99.555
  303 (vir)           91.076          -2.580          -2.323         -13.235           99.408
  304 (vir)           91.168          -2.710          -2.644         -13.407           99.220
  305 (vir)           91.304          -1.146          -2.654         -13.596          101.100
  306 (vir)           92.095          -3.340          -2.408         -12.800           99.146
  307 (vir)           92.966          -3.553          -2.884         -13.976          100.505
  308 (vir)           94.001          -3.042          -2.679         -13.949          102.230
  309 (vir)           94.424          -3.507          -2.870         -14.511          102.558
  310 (vir)           94.431          -2.113          -3.003         -14.450          103.764
  311 (vir)           94.633          -2.900          -3.252         -14.557          103.038
  312 (vir)           95.138          -4.147          -2.804         -14.503          102.690
  313 (vir)           95.662           0.598          -2.578         -13.429          107.111
  314 (vir)           95.810          -1.567          -2.933         -14.284          105.593
  315 (vir)           96.587          -3.313          -2.414         -13.579          104.439
  316 (vir)           96.798          -1.339          -2.408         -13.276          106.328
  317 (vir)           97.170          -1.870          -2.609         -13.682          106.373
  318 (vir)           98.343          -3.912          -3.323         -14.773          105.882
  319 (vir)           98.967          -3.604          -3.152         -14.753          106.964
  320 (vir)          100.541          -3.214          -2.621         -14.321          109.027
  321 (vir)          100.899           0.462          -2.307         -13.013          112.067
  322 (vir)          101.644          -3.505          -2.988         -14.675          109.826
  323 (vir)          101.913          -3.454          -2.866         -14.706          110.299
  324 (vir)          102.197          -2.205          -4.391         -17.178          112.780
  325 (vir)          102.867           3.794          -1.663         -11.921          116.919
  326 (vir)          103.304          -3.710          -2.716         -14.661          111.539
  327 (vir)          103.395          -3.389          -3.071         -14.921          111.855
  328 (vir)          103.649          -1.465          -3.019         -14.638          113.803
  329 (vir)          104.912          -3.356          -1.937         -12.444          112.063
  330 (vir)          106.026          -2.914          -3.340         -15.566          115.338
  331 (vir)          106.324          -3.528          -4.157         -16.978          115.618
  332 (vir)          106.670          -3.364          -3.561         -16.006          115.750
  333 (vir)          107.328         -10.395          -3.367         -15.698          109.264
  334 (vir)          107.391          -3.635          -4.071         -16.886          116.571
  335 (vir)          107.866          -3.556          -2.850         -14.956          116.416
  336 (vir)          107.986          -2.313          -3.756         -16.110          118.027
  337 (vir)          108.860          -2.968          -3.436         -15.896          118.351
  338 (vir)          109.240          -3.516          -3.806         -16.786          118.705
  339 (vir)          110.245          -2.849          -2.974         -15.426          119.847
  340 (vir)          110.507         -12.225          -3.559         -16.402          111.124
  341 (vir)          111.262          -1.845          -3.197         -15.526          121.746
  342 (vir)          112.422          -0.262          -2.264         -13.985          123.882
  343 (vir)          112.485           1.863          -3.280         -15.793          126.861
  344 (vir)          112.774          -5.460          -2.875         -14.958          119.398
  345 (vir)          114.452          -2.824          -2.448         -14.419          123.599
  346 (vir)          114.824          -3.294          -3.962         -17.150          124.719
  347 (vir)          115.081          -3.531          -3.359         -16.088          124.278
  348 (vir)          115.316          -2.275          -2.636         -14.755          125.160
  349 (vir)          116.209          -1.832          -3.938         -17.346          127.785
  350 (vir)          116.283          -4.239          -3.442         -16.140          124.742
  351 (vir)          117.205          -2.736          -4.516         -18.617          128.570
  352 (vir)          117.613         -13.144          -3.522         -16.493          117.440
  353 (vir)          118.317          -4.134          -2.809         -15.391          126.765
  354 (vir)          118.954          -3.724          -3.477         -16.441          128.194
  355 (vir)          121.088          -6.445          -2.901         -15.516          127.257
  356 (vir)          121.772          -1.338          -3.410         -16.327          133.351
  357 (vir)          122.308           0.173          -3.245         -16.038          135.274
  358 (vir)          122.785          -1.357          -3.925         -17.364          134.868
  359 (vir)          123.116          -3.197          -2.577         -14.906          132.249
  360 (vir)          124.373          -0.056          -4.139         -17.853          138.032
  361 (vir)          125.925          -2.417          -3.201         -16.257          136.564
  362 (vir)          126.363           0.880          -3.757         -16.482          139.968
  363 (vir)          127.805           1.986          -3.125         -16.022          142.688
  364 (vir)          128.172          -5.083          -3.092         -16.014          136.012
  365 (vir)          129.313          -1.389          -3.664         -16.945          141.205
  366 (vir)          130.523           3.651          -3.058         -16.245          147.360
  367 (vir)          131.129          -2.844          -2.839         -15.690          141.136
  368 (vir)          131.257          -4.108          -3.181         -16.862          140.831
  369 (vir)          132.619           0.197          -3.588         -17.168          146.396
  370 (vir)          133.218          -5.489          -3.026         -16.140          140.843
  371 (vir)          133.949          -3.973          -1.965         -14.521          142.532
  372 (vir)          134.623          -0.895          -2.735         -15.760          146.754
  373 (vir)          135.208          -3.315          -3.974         -18.430          146.348
  374 (vir)          136.053          -4.737          -4.424         -19.267          146.157
  375 (vir)          136.130          -1.369          -3.040         -16.530          148.251
  376 (vir)          137.240          -4.421          -2.659         -15.752          145.911
  377 (vir)          137.626          -3.592          -2.365         -15.437          147.106
  378 (vir)          138.206          -0.600          -2.957         -16.383          151.032
  379 (vir)          140.143          -0.579          -2.387         -15.387          152.564
  380 (vir)          140.678          -4.086          -3.000         -16.593          150.184
  381 (vir)          140.711           2.991          -3.209         -17.004          157.497
  382 (vir)          141.729          -1.537          -3.169         -17.037          154.061
  383 (vir)          142.005          -5.041          -1.933         -14.683          149.715
  384 (vir)          143.064          -3.186          -3.201         -17.202          153.878
  385 (vir)          143.132          -3.650          -1.966         -14.774          152.289
  386 (vir)          143.141          -2.290          -2.565         -15.874          154.159
  387 (vir)          143.730          -8.564          -1.717         -14.181          147.630
  388 (vir)          144.685          -4.672          -2.803         -16.369          153.579
  389 (vir)          144.711          -4.130          -1.937         -14.623          153.267
  390 (vir)          145.104          -2.676          -1.698         -14.316          155.047
  391 (vir)          145.502           1.569          -2.510         -15.853          160.414
  392 (vir)          146.702          -2.570          -2.273         -15.479          157.337
  393 (vir)          147.573          -4.056          -1.854         -14.532          156.196
  394 (vir)          147.971          -1.869          -2.336         -15.479          159.244
  395 (vir)          149.017           2.079          -2.533         -15.826          164.389
  396 (vir)          149.269          -3.519          -2.348         -15.832          159.233
  397 (vir)          149.697          -1.980          -2.034         -14.940          160.624
  398 (vir)          149.897          -1.824          -1.838         -14.678          160.913
  399 (vir)          150.139         -10.052          -2.422         -15.819          153.485
  400 (vir)          150.423          -2.127          -1.740         -14.170          160.725
  401 (vir)          151.421          -2.125          -3.250         -17.296          163.342
  402 (vir)          152.096          -6.130          -1.998         -14.904          158.871
  403 (vir)          152.601          -1.278          -1.677         -14.350          163.996
  404 (vir)          153.143          -4.273          -2.425         -15.780          162.225
  405 (vir)          153.389          -1.922          -1.464         -13.437          163.440
  406 (vir)          154.238          -0.025          -2.218         -15.338          167.333
  407 (vir)          154.407          -2.208          -1.692         -14.416          164.923
  408 (vir)          155.218          -4.912          -1.875         -14.962          163.394
  409 (vir)          155.536          -5.564          -2.019         -15.088          163.041
  410 (vir)          156.630          -4.691          -1.378         -13.274          163.835
  411 (vir)          156.641          -4.667          -2.108         -15.173          165.038
  412 (vir)          156.784           8.837          -2.159         -15.456          178.918
  413 (vir)          156.954          -5.674          -1.884         -15.084          164.481
  414 (vir)          158.012           5.632          -2.126         -15.324          176.842
  415 (vir)          158.470          -0.419          -1.982         -14.708          170.778
  416 (vir)          158.781          -5.969          -1.754         -14.673          165.732
  417 (vir)          159.017          -4.203          -2.229         -15.213          167.798
  418 (vir)          159.185          -7.022          -0.905         -11.853          163.111
  419 (vir)          159.204          -1.363          -1.625         -14.237          170.454
  420 (vir)          159.457           3.021          -1.474         -13.236          174.241
  421 (vir)          160.933           1.715          -1.685         -14.637          175.599
  422 (vir)          161.020          -4.976          -2.355         -15.673          169.363
  423 (vir)          161.162          -4.852          -1.638         -14.466          169.138
  424 (vir)          162.238          -1.962          -2.253         -15.690          173.714
  425 (vir)          162.419          -2.068          -1.626         -14.311          173.036
  426 (vir)          162.824          -7.166          -2.564         -16.277          169.370
  427 (vir)          163.846           7.727          -2.166         -15.642          185.048
  428 (vir)          164.055          -3.346          -1.673         -14.589          173.625
  429 (vir)          164.362          -5.296          -1.721         -14.781          172.127
  430 (vir)          164.498          -2.499          -2.156         -15.609          175.452
  431 (vir)          164.896           4.166          -2.386         -15.955          182.630
  432 (vir)          165.224          -6.648          -2.627         -16.477          172.426
  433 (vir)          165.295          -5.013          -1.730         -14.779          173.331
  434 (vir)          165.711          -0.403          -2.621         -16.565          179.251
  435 (vir)          166.934           4.859          -1.860         -14.997          184.929
  436 (vir)          166.983          -6.217          -1.671         -14.654          173.750
  437 (vir)          167.114          -0.805          -2.059         -15.172          179.422
  438 (vir)          167.687          -5.177          -1.638         -14.556          175.428
  439 (vir)          167.960          -6.532          -1.980         -15.140          174.588
  440 (vir)          168.481          -4.387          -1.570         -14.336          176.861
  441 (vir)          168.728          -3.464          -1.814         -14.413          177.862
  442 (vir)          169.320          -1.719          -2.025         -15.763          181.340
  443 (vir)          169.633          -3.214          -1.890         -14.831          179.361
  444 (vir)          170.315          -0.383          -1.478         -14.144          182.599
  445 (vir)          170.352          -5.387          -1.907         -15.208          178.266
  446 (vir)          171.068           0.508          -1.902         -15.369          185.043
  447 (vir)          171.197          -2.099          -1.701         -14.912          182.309
  448 (vir)          171.392          -4.391          -2.280         -15.805          180.526
  449 (vir)          172.218          -4.214          -1.897         -15.394          181.501
  450 (vir)          172.787          -5.360          -2.128         -15.644          180.942
  451 (vir)          173.807          -5.444          -1.680         -14.754          181.436
  452 (vir)          174.249          -4.111          -1.680         -14.495          182.953
  453 (vir)          174.688           0.373          -1.870         -15.116          188.307
  454 (vir)          175.243           2.327          -2.037         -15.537          191.070
  455 (vir)          175.944         -10.723          -2.075         -15.808          178.954
  456 (vir)          176.577          -2.743          -1.796         -15.500          187.538
  457 (vir)          176.670          -0.100          -2.131         -15.735          190.175
  458 (vir)          176.944          -4.592          -1.802         -15.523          186.072
  459 (vir)          177.718         -10.642          -2.060         -15.685          180.700
  460 (vir)          177.774           0.830          -1.931         -15.934          192.607
  461 (vir)          179.343          -0.553          -2.549         -16.798          193.040
  462 (vir)          179.533           5.269          -2.538         -16.372          198.635
  463 (vir)          179.785           1.070          -1.721         -15.391          194.526
  464 (vir)          181.221         -16.095          -2.338         -16.445          179.233
  465 (vir)          181.271           0.079          -1.880         -15.777          195.247
  466 (vir)          181.850           1.156          -2.105         -15.955          196.857
  467 (vir)          182.043          -0.185          -1.750         -15.443          195.551
  468 (vir)          183.064           4.210          -2.098         -15.868          201.043
  469 (vir)          183.566          -8.596          -1.542         -14.699          188.128
  470 (vir)          183.875           4.016          -2.691         -16.994          202.194
  471 (vir)          184.770           4.478          -2.315         -16.346          203.280
  472 (vir)          185.970           1.800          -1.759         -15.576          201.587
  473 (vir)          186.162          -0.213          -2.543         -16.699          200.105
  474 (vir)          186.679          -2.427          -1.641         -14.913          197.524
  475 (vir)          187.663          -9.409          -2.313         -16.944          192.885
  476 (vir)          188.256          -1.737          -1.611         -14.973          199.882
  477 (vir)          188.282           3.633          -2.887         -17.173          206.201
  478 (vir)          189.414           1.010          -2.376         -16.620          204.669
  479 (vir)          189.690          -0.882          -2.725         -17.157          203.240
  480 (vir)          189.715          -4.587          -1.575         -14.605          198.158
  481 (vir)          190.591         -16.253          -2.764         -17.617          189.190
  482 (vir)          191.908           2.185          -2.758         -17.154          208.490
  483 (vir)          191.916         -13.301          -1.313         -14.021          191.324
  484 (vir)          192.141           0.479          -2.621         -16.995          206.995
  485 (vir)          192.676           2.117          -1.756         -15.458          208.495
  486 (vir)          192.842           2.099          -2.048         -15.958          208.850
  487 (vir)          193.594           3.056          -2.402         -16.033          210.280
  488 (vir)          194.428           4.652          -2.374         -16.325          213.031
  489 (vir)          195.268         -13.848          -1.715         -15.117          194.821
  490 (vir)          195.333           2.116          -1.354         -14.297          210.392
  491 (vir)          197.075          -1.671          -1.392         -14.125          208.137
  492 (vir)          197.256           2.897          -3.122         -17.284          214.315
  493 (vir)          197.476           2.075          -1.846         -15.740          213.444
  494 (vir)          198.992           3.188          -1.353         -14.486          215.314
  495 (vir)          199.099           3.110          -1.835         -14.986          215.361
  496 (vir)          199.362           1.606          -1.893         -15.419          214.494
  497 (vir)          200.121           3.189          -1.695         -15.488          217.103
  498 (vir)          201.000           1.017          -2.155         -15.766          215.628
  499 (vir)          201.092          -2.891          -1.746         -15.595          212.051
  500 (vir)          201.552           0.841          -1.636         -14.757          215.514
  501 (vir)          202.284           2.388          -1.092         -13.445          217.025
  502 (vir)          202.318           1.407          -2.133         -15.904          217.497
  503 (vir)          203.120         -15.033          -1.834         -15.149          201.401
  504 (vir)          204.049         -15.596          -1.882         -15.600          202.171
  505 (vir)          204.426           2.534          -1.949         -15.633          220.645
  506 (vir)          205.097          -3.725          -1.907         -15.576          215.040
  507 (vir)          205.337           5.827          -1.106         -13.591          223.649
  508 (vir)          205.522           0.695          -1.190         -13.285          218.312
  509 (vir)          205.715           5.184          -1.282         -14.240          223.856
  510 (vir)          206.342           0.468          -1.772         -15.081          220.119
  511 (vir)          207.403           1.239          -1.914         -16.059          222.787
  512 (vir)          207.805           1.121          -2.355         -16.802          223.374
  513 (vir)          207.837           4.078          -0.957         -13.214          224.173
  514 (vir)          209.020           0.876          -1.644         -14.406          222.659
  515 (vir)          209.110           5.417          -1.129         -13.673          227.070
  516 (vir)          210.072           1.900          -1.245         -14.159          224.886
  517 (vir)          210.172           2.427          -1.615         -14.968          225.951
  518 (vir)          210.638           1.161          -1.647         -15.046          225.198
  519 (vir)          211.210           1.493          -1.019         -13.348          225.031
  520 (vir)          212.092           1.585          -1.879         -15.663          227.461
  521 (vir)          212.793           1.439          -1.545         -15.307          227.994
  522 (vir)          213.133          -1.065          -2.074         -15.698          225.692
  523 (vir)          213.491           1.455          -2.307         -16.931          229.571
  524 (vir)          213.911           1.770          -0.914         -12.802          227.569
  525 (vir)          214.135           3.837          -1.844         -15.748          231.875
  526 (vir)          215.274         -12.763          -1.772         -15.263          216.002
  527 (vir)          215.327          -1.007          -1.564         -15.392          228.149
  528 (vir)          216.175           0.601          -1.811         -15.265          230.231
  529 (vir)          217.421           1.771          -1.820         -15.479          232.852
  530 (vir)          217.604          -1.761          -1.586         -15.507          229.763
  531 (vir)          217.929           1.952          -1.630         -15.308          233.558
  532 (vir)          217.963           3.358          -1.807         -16.389          235.903
  533 (vir)          218.138           1.955          -1.990         -16.442          234.544
  534 (vir)          219.167          -5.912          -1.313         -14.108          226.050
  535 (vir)          219.521           0.932          -1.630         -15.883          234.706
  536 (vir)          220.687          -0.183          -1.524         -14.793          233.774
  537 (vir)          220.904           0.758          -1.702         -15.382          235.341
  538 (vir)          221.337           2.455          -1.622         -15.786          237.956
  539 (vir)          222.305           1.039          -1.477         -14.966          236.832
  540 (vir)          222.935           1.348          -2.019         -16.455          238.719
  541 (vir)          223.469          -2.323          -1.594         -15.727          235.279
  542 (vir)          223.635           2.125          -1.910         -16.068          239.917
  543 (vir)          224.580           2.921          -1.188         -14.291          240.604
  544 (vir)          224.989           1.172          -1.491         -14.940          239.609
  545 (vir)          225.129          -0.018          -0.982         -13.642          237.772
  546 (vir)          225.256           0.383          -1.223         -14.412          238.829
  547 (vir)          225.566           1.231          -1.478         -15.189          240.508
  548 (vir)          226.386           2.952          -1.541         -15.158          242.956
  549 (vir)          226.690           1.520          -1.499         -15.294          242.005
  550 (vir)          226.958          -0.153          -1.093         -13.800          239.513
  551 (vir)          227.221           1.190          -1.897         -15.529          242.043
  552 (vir)          228.846           2.349          -1.672         -15.224          244.747
  553 (vir)          229.421          -1.376          -1.478         -15.481          242.049
  554 (vir)          229.568           1.319          -1.580         -15.190          244.496
  555 (vir)          230.742           0.366          -2.153         -16.366          245.321
  556 (vir)          231.197           3.143          -1.749         -15.680          248.272
  557 (vir)          231.217           0.592          -1.291         -15.097          245.615
  558 (vir)          232.203           3.461          -2.141         -16.920          250.443
  559 (vir)          232.505           3.037          -1.235         -14.625          248.931
  560 (vir)          232.599           7.436          -2.069         -17.000          254.965
  561 (vir)          233.965           4.320          -2.159         -17.293          253.418
  562 (vir)          234.262           7.116          -1.995         -16.600          255.982
  563 (vir)          236.145           1.669          -1.999         -16.425          252.240
  564 (vir)          236.147           3.545          -1.665         -16.410          254.437
  565 (vir)          237.383           0.303          -1.721         -15.748          251.713
  566 (vir)          237.878           4.633          -2.159         -18.034          258.386
  567 (vir)          238.189           3.341          -2.346         -18.807          257.990
  568 (vir)          238.542           4.567          -2.229         -18.368          259.248
  569 (vir)          238.802           2.124          -2.378         -18.845          257.393
  570 (vir)          238.932           5.299          -2.286         -18.557          260.502
  571 (vir)          239.256           7.344          -1.230         -14.592          259.963
  572 (vir)          239.930           1.308          -1.706         -16.206          255.737
  573 (vir)          240.420           4.380          -1.064         -14.136          257.871
  574 (vir)          241.196           3.314          -1.682         -16.594          259.421
  575 (vir)          241.551           1.452          -1.219         -14.406          256.191
  576 (vir)          242.353           5.728          -1.911         -17.319          263.489
  577 (vir)          242.666           5.574          -1.995         -17.049          263.295
  578 (vir)          242.828          -1.603          -1.464         -15.463          255.224
  579 (vir)          243.650           6.505          -1.753         -16.775          265.177
  580 (vir)          244.128           1.299          -1.642         -16.247          260.031
  581 (vir)          244.478           6.251          -2.148         -18.189          266.770
  582 (vir)          244.977           5.453          -1.732         -16.755          265.453
  583 (vir)          245.795          -2.208          -2.401         -18.838          260.024
  584 (vir)          245.848          -0.863          -2.163         -18.159          260.981
  585 (vir)          246.121           7.318          -2.347         -18.978          270.070
  586 (vir)          247.750           4.792          -2.310         -18.934          269.166
  587 (vir)          247.837           6.744          -2.052         -18.128          270.657
  588 (vir)          248.772          -6.841          -2.275         -17.772          257.428
  589 (vir)          249.862          -0.186          -2.352         -17.869          265.194
  590 (vir)          251.605          -1.860          -2.112         -17.471          265.104
  591 (vir)          253.628           2.268          -3.645         -20.983          273.234
  592 (vir)          254.687           5.923          -2.400         -19.180          277.389
  593 (vir)          254.696           3.839          -4.102         -21.817          276.251
  594 (vir)          255.827           5.596          -3.260         -19.925          278.087
  595 (vir)          256.945          -5.149          -2.866         -19.430          268.360
  596 (vir)          258.952           3.966          -2.533         -18.652          279.037
  597 (vir)          260.099           7.171          -1.932         -17.451          282.789
  598 (vir)          260.761           3.272          -2.321         -18.469          280.180
  599 (vir)          261.082           6.061          -2.321         -18.814          283.635
  600 (vir)          261.364           3.416          -2.513         -18.209          280.476
  601 (vir)          261.526           4.564          -2.401         -18.637          282.326
  602 (vir)          262.798          10.423          -2.463         -18.532          289.290
  603 (vir)          263.668           3.937          -2.361         -19.035          284.279
  604 (vir)          264.376           3.931          -1.911         -17.279          283.674
  605 (vir)          264.408           8.229          -0.962         -14.330          286.005
  606 (vir)          266.008           1.812          -1.390         -15.944          282.374
  607 (vir)          266.119           1.074          -1.144         -14.919          280.968
  608 (vir)          266.437           5.140          -2.607         -19.344          288.314
  609 (vir)          267.708           4.002          -2.369         -18.598          287.938
  610 (vir)          268.585           7.157          -2.294         -19.259          292.708
  611 (vir)          269.108           1.115          -1.352         -15.799          284.669
  612 (vir)          269.484           5.036          -3.079         -19.994          291.435
  613 (vir)          270.284           2.576          -1.776         -17.030          288.113
  614 (vir)          272.483          -2.279          -2.321         -19.442          287.324
  615 (vir)          272.596           4.032          -2.528         -19.141          293.241
  616 (vir)          273.913           7.471          -2.824         -19.977          298.538
  617 (vir)          275.091           8.982          -2.299         -19.040          300.815
  618 (vir)          275.582           4.363          -1.654         -16.985          295.275
  619 (vir)          276.190          -3.434          -1.902         -17.619          288.474
  620 (vir)          277.974          -1.414          -2.666         -20.320          294.213
  621 (vir)          278.479           5.635          -2.677         -20.440          301.875
  622 (vir)          278.590           5.164          -1.757         -17.132          299.129
  623 (vir)          279.324           4.623          -2.585         -20.226          301.588
  624 (vir)          279.566           4.154          -2.501         -18.749          299.967
  625 (vir)          281.940           2.684          -1.116         -15.520          299.028
  626 (vir)          283.476           3.988          -2.593         -19.347          304.218
  627 (vir)          287.403           3.306          -3.412         -20.779          308.076
  628 (vir)          288.084           2.456          -2.924         -19.813          307.430
  629 (vir)          289.399           3.034          -3.958         -21.548          310.023
  630 (vir)          291.774           3.864          -2.775         -20.633          313.496
  631 (vir)          292.477           7.512          -3.172         -20.863          317.680
  632 (vir)          294.837           5.145          -3.932         -21.706          317.756
  633 (vir)          295.824           9.054          -3.516         -23.181          324.543
  634 (vir)          296.490           9.095          -3.487         -23.113          325.210
  635 (vir)          296.840           7.944          -3.352         -22.254          323.686
  636 (vir)          297.439           6.711          -3.380         -21.842          322.612
  637 (vir)          298.055           8.583          -3.442         -22.782          325.978
  638 (vir)          304.856           3.622          -3.134         -21.251          326.595
  639 (vir)          307.254           9.118          -3.243         -22.716          335.846
  640 (vir)          307.813           9.383          -3.233         -22.698          336.661
  641 (vir)          310.514           5.725          -1.731         -17.747          332.254
  642 (vir)          310.619           3.642          -3.304         -21.596          332.552
  643 (vir)          311.599          -3.498          -1.713         -17.699          324.087
  644 (vir)          312.210           9.251          -3.180         -22.414          340.694
  645 (vir)          313.613           8.773          -3.065         -22.087          341.408
  646 (vir)          315.548           3.886          -3.150         -21.376          337.660
  647 (vir)          316.506           6.283          -3.271         -22.044          341.562
  648 (vir)          317.640           3.048          -2.447         -20.246          338.488
  649 (vir)          318.193           7.608          -2.956         -22.103          344.948
  650 (vir)          318.795           4.214          -3.506         -22.372          341.875
  651 (vir)          319.232           3.498          -3.247         -21.529          341.013
  652 (vir)          319.740           2.204          -2.066         -18.859          338.738
  653 (vir)          320.074           3.696          -3.621         -22.551          342.700
  654 (vir)          321.517           3.179          -3.728         -23.050          344.017
  655 (vir)          322.347           3.016          -3.202         -21.686          343.847
  656 (vir)          325.459           3.392          -2.217         -19.422          346.057
  657 (vir)          325.844           0.983          -4.401         -25.662          348.088
  658 (vir)          326.579           3.741          -4.359         -25.564          351.526
  659 (vir)          327.381           4.878          -3.081         -22.276          351.454
  660 (vir)          328.834           2.655          -2.431         -20.139          349.197
  661 (vir)          329.743           3.119          -2.759         -21.112          351.215
  662 (vir)          331.041           5.470          -3.644         -23.547          356.414
  663 (vir)          332.453           4.633          -3.936         -24.579          357.729
  664 (vir)          341.513           4.890          -2.270         -18.494          362.628
  665 (vir)          352.384          -1.928          -3.692         -24.584          371.348
  666 (vir)          352.783          14.654          -3.704         -24.606          388.338
  667 (vir)          358.073           1.560          -2.819         -19.586          376.400
  668 (vir)          360.962          12.563          -3.788         -24.770          394.506
  669 (vir)          365.765         -10.057          -3.567         -24.280          376.421
  670 (vir)          379.597           3.292          -9.502         -31.775          405.163
  671 (vir)          381.732           3.294          -9.602         -31.904          407.328
  672 (vir)          387.126           3.209          -4.742         -26.603          412.195
  673 (vir)          387.648           3.808          -4.670         -26.552          413.339
  674 (vir)          400.881           2.110          -3.363         -21.500          421.129
  675 (vir)          402.517           2.956          -3.260         -21.326          423.538
  676 (vir)          758.497           0.771         -12.954         -46.221          792.535
  677 (vir)          763.680           0.971         -12.824         -46.086          797.912
  678 (vir)          767.947           0.939         -12.791         -46.067          802.162
  679 (vir)          779.744           0.652         -12.612         -45.876          813.661
  680 (vir)          785.870           0.573         -12.486         -45.672          819.629
  681 (vir)         1025.878           1.411         -15.239         -54.042         1066.091
  682 (vir)         1026.914           1.410         -15.217         -54.026         1067.134
  683 (vir)         1301.765           1.239         -18.018         -62.278         1347.264
  684 (vir)         1303.323           1.240         -18.002         -62.261         1348.822
  685 (vir)         3989.782           1.320         -14.766         -94.550         4070.885
  686 (vir)         3993.072           1.331         -14.741         -94.524         4074.187
  687 (vir)         3997.809           1.342         -14.729         -94.515         4078.936
  688 (vir)         4010.430           1.341         -14.680         -94.476         4091.566
  689 (vir)         4016.959           1.336         -14.649         -94.433         4098.079
  690 (vir)         5351.027           0.966         -17.556        -110.384         5444.821
  691 (vir)         5352.140           0.966         -17.545        -110.374         5445.935
  692 (vir)         6869.413           0.330         -20.611        -126.349         6975.481
  693 (vir)         6871.120           0.330         -20.607        -126.346         6977.188
