 
  kpoint:     0.0000    0.0000    0.0000
 
    n          ϵ_nk^DFT (eV)     Σ^c_nk (eV)     Σ^x_nk (eV)     v_n^xc (eV)   ϵ_nk^G0W0 (eV)
 
    1 (occ)         -268.840           3.644         -96.862         -61.533         -300.525
    2 (occ)         -268.836           3.711         -96.851         -61.536         -300.440
    3 (occ)         -268.634           4.019         -96.863         -61.539         -299.939
    4 (occ)         -268.633           3.674         -96.864         -61.539         -300.285
    5 (occ)          -19.574           5.763         -25.342         -16.127          -23.026
    6 (occ)          -17.768           4.896         -24.689         -16.079          -21.482
    7 (occ)          -15.377           3.872         -23.754         -15.970          -19.289
    8 (occ)          -14.003           3.198         -22.496         -15.309          -17.993
    9 (occ)          -11.362           1.851         -19.629         -13.847          -15.293
   10 (occ)          -10.307           1.467         -19.745         -14.420          -14.164
   11 (occ)          -10.160           1.430         -19.934         -14.739          -13.925
   12 (occ)           -9.875           1.340         -19.489         -14.170          -13.854
   13 (occ)           -8.809           1.029         -19.586         -14.666          -12.700
   14 (occ)           -8.305           0.922         -19.360         -14.477          -12.266
   15 (occ)           -7.993           0.829         -19.655         -15.275          -11.544
   16 (occ)           -7.663           0.766         -19.481         -15.072          -11.307
   17 (occ)           -7.576           0.773         -18.809         -14.125          -11.487
   18 (vir)            0.148          -1.237          -2.215          -5.428            2.124
   19 (vir)            0.519          -1.099          -1.874          -4.864            2.411
   20 (vir)            0.906          -1.081          -1.682          -4.627            2.771
   21 (vir)            0.983          -1.178          -1.970          -5.102            2.938
   22 (vir)            1.607          -1.065          -1.711          -4.693            3.523
   23 (vir)            1.850          -1.187          -1.947          -5.210            3.926
   24 (vir)            2.190          -1.116          -1.815          -4.822            4.081
   25 (vir)            2.415          -1.324          -2.488          -5.951            4.554
   26 (vir)            2.444          -1.181          -1.831          -5.050            4.483
   27 (vir)            2.715          -1.298          -2.049          -5.507            4.876
   28 (vir)            2.776          -1.122          -1.525          -4.560            4.689
   29 (vir)            3.014          -1.188          -1.748          -4.987            5.064
   30 (vir)            3.809          -1.405          -2.091          -5.622            5.935
   31 (vir)            4.171          -1.093          -1.364          -4.463            6.177
   32 (vir)            4.337          -1.544          -2.241          -5.898            6.450
   33 (vir)            4.405          -1.539          -2.600          -6.427            6.693
   34 (vir)            4.640          -1.391          -2.063          -5.668            6.855
   35 (vir)            5.216          -2.033          -3.749          -8.144            7.577
   36 (vir)            5.367          -1.633          -2.403          -6.199            7.530
   37 (vir)            6.308          -1.300          -1.432          -4.858            8.434
   38 (vir)            6.365          -1.185          -1.469          -4.890            8.601
   39 (vir)            6.399          -2.122          -3.928          -8.694            9.044
   40 (vir)            6.806          -2.166          -3.665          -8.244            9.218
   41 (vir)            6.988          -1.771          -2.643          -6.593            9.168
   42 (vir)            8.047          -2.007          -2.940          -7.438           10.539
   43 (vir)            8.106          -1.911          -2.785          -7.066           10.476
   44 (vir)            8.307          -2.193          -3.745          -8.374           10.743
   45 (vir)            8.342          -1.813          -2.686          -6.856           10.698
   46 (vir)            8.353          -1.812          -2.699          -6.881           10.724
   47 (vir)            8.391          -2.039          -2.965          -7.381           10.768
   48 (vir)            8.457          -2.058          -3.033          -7.474           10.840
   49 (vir)            8.512          -2.346          -3.052          -7.791           10.904
   50 (vir)            9.092          -2.875          -4.201          -9.725           11.741
   51 (vir)            9.121          -1.539          -2.992          -7.320           11.910
   52 (vir)            9.334          -2.457          -3.437          -8.452           11.893
   53 (vir)           11.296          -2.122          -2.314          -7.036           13.896
   54 (vir)           12.254          -1.630          -1.337          -5.590           14.876
   55 (vir)           12.761          -2.768          -2.399          -7.721           15.314
   56 (vir)           12.956          -2.568          -1.992          -7.015           15.411
   57 (vir)           13.770          -2.360          -2.483          -7.617           16.544
   58 (vir)           13.924          -2.183          -1.621          -6.183           16.303
   59 (vir)           14.349          -3.013          -2.613          -7.919           16.642
   60 (vir)           14.366          -2.463          -1.891          -6.933           16.944
   61 (vir)           14.552          -2.526          -2.225          -7.262           17.063
   62 (vir)           15.232          -2.383          -2.673          -7.644           17.821
   63 (vir)           15.622          -2.643          -2.372          -7.674           18.281
   64 (vir)           15.714          -2.885          -2.861          -8.531           18.500
   65 (vir)           16.410          -2.374          -2.370          -7.553           19.219
   66 (vir)           16.580          -2.211          -2.351          -7.549           19.566
   67 (vir)           16.771          -2.311          -2.582          -7.955           19.832
   68 (vir)           17.755          -2.561          -1.755          -6.927           20.366
   69 (vir)           18.035          -3.240          -2.562          -8.452           20.685
   70 (vir)           18.229          -2.328          -1.894          -6.912           20.920
   71 (vir)           18.619          -2.750          -1.719          -7.006           21.156
   72 (vir)           18.645          -3.345          -1.459          -6.775           20.616
   73 (vir)           19.326          -3.216          -2.246          -7.946           21.810
   74 (vir)           20.189          -2.872          -1.624          -7.143           22.836
   75 (vir)           20.404          -4.218          -2.607          -9.109           22.687
   76 (vir)           20.557          -2.778          -1.509          -6.909           23.179
   77 (vir)           20.773          -2.831          -1.702          -7.348           23.588
   78 (vir)           20.931          -3.031          -2.084          -7.740           23.556
   79 (vir)           21.186          -3.849          -2.114          -8.171           23.394
   80 (vir)           21.428          -2.953          -2.034          -7.641           24.081
   81 (vir)           21.570          -2.803          -1.771          -7.106           24.101
   82 (vir)           21.785          -2.979          -2.351          -8.210           24.665
   83 (vir)           22.226          -2.893          -2.005          -7.566           24.894
   84 (vir)           22.259          -3.314          -2.373          -8.217           24.790
   85 (vir)           23.355          -3.078          -2.097          -8.063           26.243
   86 (vir)           23.550          -3.126          -2.215          -8.158           26.368
   87 (vir)           23.956          -2.600          -2.066          -7.808           27.098
   88 (vir)           24.033          -2.767          -1.726          -7.291           26.830
   89 (vir)           24.354          -2.853          -2.027          -7.902           27.377
   90 (vir)           24.360          -1.836          -1.680          -7.191           28.035
   91 (vir)           25.412          -2.685          -1.522          -7.241           28.446
   92 (vir)           25.680          -3.631          -2.023          -8.163           28.190
   93 (vir)           25.919          -3.737          -1.198          -6.856           27.840
   94 (vir)           25.924          -2.541          -1.354          -6.726           28.756
   95 (vir)           26.147          -3.145          -1.563          -7.435           28.874
   96 (vir)           26.303          -3.825          -1.447          -6.968           27.999
   97 (vir)           26.392          -2.707          -1.447          -7.027           29.266
   98 (vir)           27.292          -2.658          -1.187          -6.615           30.062
   99 (vir)           28.248          -2.940          -1.695          -7.532           31.145
  100 (vir)           28.343          -2.325          -1.697          -7.590           31.911
  101 (vir)           28.651          -1.644          -0.858          -6.118           32.267
  102 (vir)           29.451          -2.823          -1.250          -6.959           32.337
  103 (vir)           29.919          -2.735          -2.308          -9.106           33.981
  104 (vir)           30.218          -1.948          -1.488          -7.226           34.008
  105 (vir)           31.186          -3.060          -1.626          -7.685           34.185
  106 (vir)           31.305          -2.777          -1.684          -7.723           34.568
  107 (vir)           32.567          -2.398          -1.466          -7.339           36.042
  108 (vir)           32.990          -3.163          -1.777          -8.227           36.276
  109 (vir)           33.256          -3.739          -1.481          -7.919           35.955
  110 (vir)           33.278          -2.965          -1.537          -7.646           36.421
  111 (vir)           34.239          -2.488          -1.112          -6.741           37.379
  112 (vir)           34.525          -2.668          -1.215          -7.026           37.668
  113 (vir)           34.856          -3.387          -1.241          -7.346           37.575
  114 (vir)           35.236          -3.831          -1.285          -7.496           37.616
  115 (vir)           35.931          -2.559          -1.193          -7.154           39.333
  116 (vir)           35.973          -2.115          -1.035          -6.594           39.416
  117 (vir)           37.698          -3.060          -1.601          -8.103           41.141
  118 (vir)           38.102          -2.426          -1.349          -7.408           41.734
  119 (vir)           38.199          -2.431          -1.572          -7.971           42.168
  120 (vir)           38.312          -2.884          -1.299          -7.562           41.692
  121 (vir)           38.392          -1.881          -1.387          -7.402           42.526
  122 (vir)           38.592          -2.976          -1.674          -8.107           42.050
  123 (vir)           39.893          -3.545          -2.062          -9.560           43.846
  124 (vir)           40.669          -2.607          -1.838          -8.781           45.004
  125 (vir)           40.827          -3.438          -1.726          -8.788           44.452
  126 (vir)           41.048          -1.629          -1.201          -7.065           45.283
  127 (vir)           41.963          -3.539          -1.336          -7.468           44.555
  128 (vir)           43.644          -4.506          -2.156          -9.956           46.938
  129 (vir)           45.969         -10.845          -3.017         -11.797           43.904
  130 (vir)           46.714           3.590          -3.265         -12.353           59.392
  131 (vir)           47.068          -4.765          -2.065         -10.116           50.354
  132 (vir)           47.807          -4.782          -2.018         -10.149           51.156
  133 (vir)           48.250          -6.315          -2.071         -10.261           50.124
  134 (vir)           48.285          -4.221          -2.837         -11.604           52.831
  135 (vir)           49.217           3.602          -2.303         -10.878           61.394
  136 (vir)           49.516          -7.249          -2.391         -10.867           50.742
  137 (vir)           50.023           0.892          -2.282         -10.670           59.303
  138 (vir)           50.486           1.736          -2.537         -10.948           60.633
  139 (vir)           51.552          -7.724          -2.453         -11.183           52.558
  140 (vir)           51.957          -4.816          -2.476         -11.119           55.784
  141 (vir)           52.107          -5.112          -2.430         -11.014           55.580
  142 (vir)           52.589          -9.768          -2.455         -11.363           51.730
  143 (vir)           52.604          -4.933          -2.252         -10.888           56.307
  144 (vir)           52.834          -4.955          -2.320         -10.998           56.556
  145 (vir)           52.885          -3.067          -2.269         -10.844           58.394
  146 (vir)           53.364          -6.417          -2.597         -11.541           55.890
  147 (vir)           53.467           0.155          -1.852         -10.000           61.770
  148 (vir)           53.708          -4.211          -1.764          -9.986           57.718
  149 (vir)           53.873          -3.867          -2.369         -11.093           58.730
  150 (vir)           53.906          -4.234          -2.365         -11.190           58.496
  151 (vir)           54.381          -4.155          -2.533         -11.351           59.045
  152 (vir)           54.494          -4.823          -2.505         -11.486           58.652
  153 (vir)           54.599          -3.562          -1.799          -9.929           59.167
  154 (vir)           55.231          -4.179          -1.841         -10.211           59.421
  155 (vir)           55.982          -4.606          -2.593         -11.670           60.453
  156 (vir)           56.233          -3.244          -1.827         -10.063           61.224
  157 (vir)           56.311          -3.114          -2.010         -10.550           61.737
  158 (vir)           56.435          -5.876          -2.218         -11.015           59.356
  159 (vir)           56.454          -3.707          -1.941         -10.437           61.242
  160 (vir)           57.081          -4.410          -1.999         -10.651           61.323
  161 (vir)           57.551          -9.673          -1.811         -10.197           56.263
  162 (vir)           57.760          -2.582          -1.309          -9.400           63.268
  163 (vir)           59.167          -2.526          -2.080         -10.923           65.484
  164 (vir)           59.252          -1.849          -1.215          -9.099           65.287
  165 (vir)           59.544          -4.321          -1.861         -10.450           63.811
  166 (vir)           59.563          -1.699          -2.624         -11.439           66.679
  167 (vir)           59.630          -1.204          -1.532          -9.850           66.744
  168 (vir)           60.885          -4.085          -2.253         -11.101           65.648
  169 (vir)           62.031          -3.017          -1.747         -10.411           67.677
  170 (vir)           62.038          -2.363          -1.430          -9.755           68.000
  171 (vir)           62.124          -2.162          -2.190         -10.828           68.599
  172 (vir)           63.056          -2.286          -1.380          -9.600           68.991
  173 (vir)           63.281          -3.498          -1.675         -10.238           68.347
  174 (vir)           63.998           1.731          -1.266          -9.408           73.870
  175 (vir)           64.501          -2.935          -1.923         -10.657           70.299
  176 (vir)           65.691          -6.526          -1.573         -10.164           67.755
  177 (vir)           65.829          -5.383          -1.819         -10.666           69.294
  178 (vir)           65.922          -0.846          -1.372          -9.613           73.316
  179 (vir)           66.494          -2.971          -1.534         -10.145           72.135
  180 (vir)           66.558          -0.922          -2.101         -11.068           74.603
  181 (vir)           66.687          -1.552          -1.378          -9.710           73.467
  182 (vir)           67.500           0.719          -1.334          -9.739           76.624
  183 (vir)           67.700          -1.409          -1.824         -10.336           74.804
  184 (vir)           68.145          -1.328          -1.260          -9.609           75.165
  185 (vir)           68.948          -0.370          -1.732         -10.605           77.451
  186 (vir)           69.223           0.360          -1.471         -10.030           78.142
  187 (vir)           69.719          -1.510          -1.456          -9.950           76.702
  188 (vir)           70.143          -1.349          -1.445         -10.150           77.498
  189 (vir)           71.145          -1.582          -1.288          -9.591           77.866
  190 (vir)           71.463          -1.120          -1.969         -11.233           79.607
  191 (vir)           72.307          -1.752          -1.428         -10.134           79.261
  192 (vir)           72.593          -6.300          -1.908         -10.590           74.975
  193 (vir)           72.679           0.002          -1.898         -11.005           81.788
  194 (vir)           72.732         -11.517          -1.320          -9.762           69.657
  195 (vir)           73.874           0.213          -1.259          -9.676           82.504
  196 (vir)           74.133          -0.343          -1.553         -10.319           82.557
  197 (vir)           74.408          -8.610          -1.501         -10.224           74.520
  198 (vir)           75.227          -1.216          -1.537         -10.345           82.818
  199 (vir)           75.336         -12.261          -1.510         -10.304           71.869
  200 (vir)           76.057          -0.898          -1.204          -9.552           83.507
  201 (vir)           76.064          -1.203          -0.963          -9.211           83.110
  202 (vir)           76.364          -1.194          -2.018         -11.340           84.491
  203 (vir)           76.543          -1.680          -1.324         -10.025           83.563
  204 (vir)           76.864          -1.053          -1.127          -9.417           84.101
  205 (vir)           77.196          -1.297          -1.508         -10.405           84.796
  206 (vir)           77.843          -1.693          -1.277          -9.814           84.686
  207 (vir)           77.844           0.754          -1.248          -9.785           87.136
  208 (vir)           78.555          -5.760          -1.884         -11.347           82.258
  209 (vir)           78.557          -5.380          -1.740         -10.981           82.418
  210 (vir)           78.670          -0.184          -1.204          -9.855           87.137
  211 (vir)           79.298          -1.335          -1.351         -10.088           86.701
  212 (vir)           79.660          -2.359          -1.544         -10.605           86.363
  213 (vir)           80.341          -1.352          -1.330         -10.090           87.749
  214 (vir)           80.632          -3.939          -1.582         -10.782           85.894
  215 (vir)           81.267          -1.230          -1.434         -10.399           89.003
  216 (vir)           81.410          -0.139          -0.948          -9.309           89.632
  217 (vir)           82.275          -0.032          -1.619         -10.925           91.548
  218 (vir)           83.058          -0.868          -1.347         -10.281           91.125
  219 (vir)           83.470          -0.205          -1.142          -9.710           91.833
  220 (vir)           83.499          -0.691          -1.007          -9.357           91.158
  221 (vir)           83.909          -1.318          -1.346         -10.306           91.551
  222 (vir)           85.851          -0.722          -1.495         -10.735           94.370
  223 (vir)           85.874          -0.349          -1.484         -10.773           94.815
  224 (vir)           85.916          -0.938          -1.261          -9.970           93.687
  225 (vir)           86.549          -6.310          -1.940         -11.649           89.949
  226 (vir)           86.852          -1.827          -1.322         -10.284           93.987
  227 (vir)           87.738          -0.359          -1.067          -9.580           95.892
  228 (vir)           87.976          -1.694          -1.626         -11.110           95.765
  229 (vir)           89.540           2.556          -1.206          -9.980          100.870
  230 (vir)           89.902           0.556          -1.398         -10.551           99.611
  231 (vir)           90.245          -6.268          -1.764         -11.408           93.621
  232 (vir)           90.619         -15.168          -2.019         -11.981           85.414
  233 (vir)           90.635          -0.411          -1.274         -10.571           99.521
  234 (vir)           90.680          -3.936          -2.021         -12.054           96.777
  235 (vir)           91.484          -1.753          -2.036         -11.783           99.478
  236 (vir)           91.974           0.347          -1.992         -12.191          102.521
  237 (vir)           92.905          -0.078          -1.871         -11.940          102.896
  238 (vir)           93.710          -1.828          -1.549         -11.150          101.483
  239 (vir)           94.629           1.229          -2.669         -13.666          106.856
  240 (vir)           95.166           0.313          -2.424         -12.925          105.981
  241 (vir)           96.595          -0.599          -2.734         -13.519          106.781
  242 (vir)           97.881          -1.256          -1.983         -11.695          106.337
  243 (vir)           98.131           0.701          -2.078         -12.705          109.458
  244 (vir)           98.340          -8.449          -2.448         -13.025          100.468
  245 (vir)           98.607          -1.625          -1.790         -11.714          106.906
  246 (vir)           99.163           0.549          -2.203         -12.908          110.417
  247 (vir)           99.851          -1.376          -2.455         -13.815          109.834
  248 (vir)          101.113           0.141          -2.033         -12.732          111.953
  249 (vir)          101.217           0.251          -1.553         -11.807          111.722
  250 (vir)          101.528          -0.912          -1.712         -12.124          111.028
  251 (vir)          102.373          -0.383          -1.847         -12.069          112.214
  252 (vir)          102.672           0.747          -1.453         -11.426          113.393
  253 (vir)          103.742          -0.592          -1.591         -11.623          113.182
  254 (vir)          104.065          -0.466          -1.558         -11.710          113.751
  255 (vir)          104.177          -1.389          -1.438         -11.392          112.742
  256 (vir)          104.563          -0.529          -1.424         -11.388          113.998
  257 (vir)          105.086          -3.200          -1.652         -11.833          112.067
  258 (vir)          106.656           1.090          -1.823         -12.699          118.622
  259 (vir)          107.230           0.330          -1.601         -12.216          118.174
  260 (vir)          107.411           2.432          -1.747         -12.500          120.596
  261 (vir)          108.530           1.105          -1.433         -11.787          119.989
  262 (vir)          108.846          -1.483          -1.903         -12.753          118.214
  263 (vir)          109.206          -0.506          -2.177         -13.556          120.079
  264 (vir)          111.555          -1.100          -1.866         -13.263          121.852
  265 (vir)          112.145           0.695          -2.115         -13.845          124.569
  266 (vir)          114.354           0.444          -1.723         -12.915          125.990
  267 (vir)          115.159          -1.081          -1.822         -13.246          125.502
  268 (vir)          115.830           1.285          -1.842         -13.281          128.554
  269 (vir)          116.134          -2.212          -2.127         -13.667          125.462
  270 (vir)          124.028           0.246          -3.329         -16.863          137.808
  271 (vir)          125.084          -0.583          -3.244         -16.797          138.053
  272 (vir)          125.862           0.915          -3.245         -16.801          140.332
  273 (vir)          133.138           1.197          -1.831         -14.282          146.785
  274 (vir)          134.779          -1.306          -2.044         -14.917          146.346
  275 (vir)          136.605          -1.460          -1.633         -13.976          147.488
  276 (vir)          136.977          -2.129          -1.771         -14.325          147.402
  277 (vir)          137.504          -0.578          -1.930         -14.682          149.679
  278 (vir)          140.715           0.637          -1.907         -14.668          154.112
  279 (vir)          142.233           0.658          -1.931         -14.866          155.825
  280 (vir)          143.845           0.206          -1.624         -14.008          156.436
  281 (vir)          144.101          -9.272          -1.617         -13.937          147.150
  282 (vir)          145.972          -2.195          -1.780         -14.396          156.393
  283 (vir)          146.188          -1.086          -1.682         -14.148          157.568
  284 (vir)          147.096          -3.395          -1.883         -14.870          156.688
  285 (vir)          147.112           0.582          -1.615         -13.988          160.067
  286 (vir)          147.938           0.485          -1.552         -13.742          160.612
  287 (vir)          148.163          -0.047          -2.082         -15.309          161.344
  288 (vir)          148.317         -14.426          -1.669         -14.209          146.432
  289 (vir)          149.203           1.352          -1.561         -13.905          162.898
  290 (vir)          150.306           0.354          -1.419         -13.409          162.650
  291 (vir)          153.431           0.157          -1.437         -13.526          165.677
  292 (vir)          153.789          -3.591          -1.332         -13.292          162.158
  293 (vir)          154.507          -0.328          -1.531         -13.915          166.562
  294 (vir)          154.633          -0.987          -1.637         -14.367          166.377
  295 (vir)          154.982          -0.475          -1.616         -14.286          167.177
  296 (vir)          155.655          -1.809          -1.515         -13.793          166.124
  297 (vir)          155.860          -0.991          -1.477         -13.890          167.283
  298 (vir)          156.288          -0.455          -1.491         -13.840          168.182
  299 (vir)          156.843          -0.051          -1.251         -13.094          168.635
  300 (vir)          156.966           1.610          -1.556         -14.079          171.099
  301 (vir)          157.258          -0.010          -1.285         -13.116          169.080
  302 (vir)          157.296           0.078          -1.611         -14.086          169.850
  303 (vir)          158.062          -0.842          -1.610         -14.227          169.836
  304 (vir)          158.493          -0.054          -1.437         -13.691          170.692
  305 (vir)          158.653          -0.100          -1.438         -13.557          170.672
  306 (vir)          158.748          -0.197          -1.437         -13.576          170.690
  307 (vir)          159.214           0.049          -1.417         -13.616          171.461
  308 (vir)          159.885           0.004          -0.927         -11.977          170.939
  309 (vir)          160.283          -0.158          -0.791         -11.509          170.842
  310 (vir)          160.548           2.052          -1.619         -14.163          175.144
  311 (vir)          160.833           0.231          -1.735         -14.525          173.855
  312 (vir)          162.168          -0.503          -1.612         -14.224          174.277
  313 (vir)          162.594          -0.088          -1.477         -13.973          175.003
  314 (vir)          163.089          -1.565          -1.679         -14.572          174.417
  315 (vir)          163.444           0.577          -1.534         -14.032          176.519
  316 (vir)          163.680           0.162          -1.114         -12.774          175.501
  317 (vir)          164.322           0.047          -1.035         -12.384          175.718
  318 (vir)          164.492          -0.429          -1.382         -13.623          176.305
  319 (vir)          164.518          -0.497          -1.388         -13.628          176.260
  320 (vir)          164.648          -0.141          -1.456         -14.105          177.157
  321 (vir)          165.300          -1.156          -1.633         -14.502          177.013
  322 (vir)          165.475           0.251          -1.368         -13.809          178.167
  323 (vir)          166.156          -0.460          -1.320         -13.296          177.673
  324 (vir)          166.436           0.912          -1.360         -13.461          179.449
  325 (vir)          166.619           0.067          -1.161         -13.001          178.527
  326 (vir)          167.005           0.280          -1.234         -13.212          179.263
  327 (vir)          167.115          -0.660          -1.293         -13.434          178.597
  328 (vir)          168.185           0.158          -1.332         -13.500          180.510
  329 (vir)          169.223          -0.822          -1.400         -13.736          180.738
  330 (vir)          169.403          -0.242          -1.331         -13.559          181.390
  331 (vir)          169.852           0.193          -1.187         -13.121          181.979
  332 (vir)          170.233          -3.148          -1.287         -13.414          179.212
  333 (vir)          170.719           0.016          -1.247         -13.400          182.889
  334 (vir)          171.012          -1.805          -1.212         -13.195          181.191
  335 (vir)          171.277           0.453          -1.577         -14.688          184.842
  336 (vir)          171.536          -0.761          -1.503         -14.070          183.341
  337 (vir)          172.174           1.163          -1.531         -13.725          185.532
  338 (vir)          172.580           0.414          -1.199         -12.971          184.766
  339 (vir)          172.782          -0.825          -1.398         -14.007          184.567
  340 (vir)          173.383          -0.781          -1.401         -13.552          184.753
  341 (vir)          173.764          -0.123          -1.358         -13.734          186.017
  342 (vir)          174.247          -0.594          -1.609         -14.618          186.662
  343 (vir)          174.701          -2.320          -1.391         -13.917          184.907
  344 (vir)          174.953           0.400          -1.329         -13.775          187.799
  345 (vir)          175.772           0.001          -1.480         -14.147          188.441
  346 (vir)          176.238          -0.111          -1.673         -14.743          189.198
  347 (vir)          177.054          -0.378          -1.413         -14.026          189.289
  348 (vir)          178.037          -1.454          -1.744         -15.276          190.114
  349 (vir)          178.566           0.233          -1.306         -13.610          191.104
  350 (vir)          179.318           0.195          -1.850         -15.502          193.164
  351 (vir)          179.344           0.847          -1.691         -15.136          193.636
  352 (vir)          180.315          -0.525          -1.692         -15.192          193.291
  353 (vir)          180.474           0.248          -1.592         -14.788          193.918
  354 (vir)          180.635           0.310          -1.444         -14.573          194.074
  355 (vir)          181.490           0.401          -1.521         -14.402          194.772
  356 (vir)          182.716           0.062          -1.230         -13.608          195.156
  357 (vir)          183.345           0.924          -1.932         -15.390          197.727
  358 (vir)          183.544           0.746          -1.515         -14.653          197.428
  359 (vir)          184.495           0.353          -2.630         -16.507          198.724
  360 (vir)          184.918          -0.067          -1.014         -12.843          196.679
  361 (vir)          185.336          -1.001          -1.788         -15.097          197.643
  362 (vir)          186.495          -0.222          -1.260         -13.722          198.736
  363 (vir)          186.991           0.026          -2.368         -16.097          200.747
  364 (vir)          187.527          -0.051          -1.227         -13.906          200.156
  365 (vir)          187.631           0.354          -1.509         -14.539          201.015
  366 (vir)          187.720          -0.972          -1.809         -14.931          199.869
  367 (vir)          188.469          -0.218          -1.530         -14.421          201.143
  368 (vir)          189.930          -1.332          -2.955         -16.853          202.496
  369 (vir)          190.522          -1.243          -1.796         -15.169          202.652
  370 (vir)          192.137          -0.374          -1.598         -14.433          204.598
  371 (vir)          192.781           0.121          -1.796         -15.091          206.197
  372 (vir)          193.164          -1.202          -2.419         -15.895          205.439
  373 (vir)          193.577           0.272          -1.358         -14.102          206.594
  374 (vir)          194.088          -0.005          -1.121         -13.532          206.494
  375 (vir)          196.215          -1.363          -2.532         -15.925          208.245
  376 (vir)          196.497          -0.518          -2.154         -15.617          209.441
  377 (vir)          197.367           0.491          -1.304         -14.005          210.558
  378 (vir)          197.512          -0.539          -1.260         -14.189          209.902
  379 (vir)          198.117           0.718          -1.520         -14.726          212.041
  380 (vir)          198.419           0.095          -1.115         -13.827          211.226
  381 (vir)          199.375          -0.007          -1.124         -13.700          211.943
  382 (vir)          199.993          -1.001          -1.410         -14.345          211.927
  383 (vir)          200.732          -0.390          -1.424         -14.214          213.132
  384 (vir)          200.970          -0.122          -1.121         -13.875          213.602
  385 (vir)          201.271           3.149          -1.302         -14.083          217.202
  386 (vir)          201.988          -0.123          -1.152         -13.767          214.480
  387 (vir)          202.083          -0.164          -1.249         -14.146          214.816
  388 (vir)          202.776          -1.276          -1.329         -13.861          214.031
  389 (vir)          203.045          -0.062          -1.206         -13.960          215.738
  390 (vir)          203.388           0.069          -1.289         -13.931          216.099
  391 (vir)          203.894          -0.439          -1.101         -13.828          216.182
  392 (vir)          204.053          -1.597          -1.511         -14.241          215.187
  393 (vir)          204.908          -0.949          -1.114         -13.535          216.379
  394 (vir)          204.972          -0.528          -0.999         -13.240          216.685
  395 (vir)          205.180           0.023          -1.160         -13.736          217.779
  396 (vir)          206.184           0.130          -1.261         -14.022          219.075
  397 (vir)          206.598          -0.515          -1.353         -14.086          218.816
  398 (vir)          207.328          -0.108          -0.947         -13.000          219.273
  399 (vir)          207.473          -0.272          -1.019         -13.405          219.587
  400 (vir)          208.103          -0.323          -0.821         -12.522          219.482
  401 (vir)          208.230          -0.770          -1.039         -13.381          219.802
  402 (vir)          208.325          -1.126          -1.156         -13.749          219.792
  403 (vir)          209.599          -0.043          -0.966         -13.226          221.816
  404 (vir)          209.823          -0.845          -1.159         -13.789          221.608
  405 (vir)          210.168          -1.259          -0.987         -13.384          221.306
  406 (vir)          211.094           0.029          -1.187         -13.921          223.857
  407 (vir)          211.191          -1.183          -1.010         -13.443          222.440
  408 (vir)          211.896          -0.955          -1.215         -14.038          223.764
  409 (vir)          212.121          -0.544          -1.241         -14.062          224.399
  410 (vir)          212.230          -1.188          -0.976         -13.220          223.287
  411 (vir)          212.747          -0.689          -0.890         -12.792          223.960
  412 (vir)          212.951           0.078          -1.135         -13.598          225.491
  413 (vir)          213.410          -0.993          -1.438         -13.770          224.750
  414 (vir)          214.026          -1.093          -0.829         -12.640          224.744
  415 (vir)          214.062          -0.286          -1.045         -13.538          226.269
  416 (vir)          214.988          -0.971          -1.039         -13.326          226.303
  417 (vir)          215.108          -0.933          -1.184         -13.787          226.778
  418 (vir)          215.116           0.595          -1.028         -13.038          227.721
  419 (vir)          215.815          -0.791          -1.986         -15.458          228.496
  420 (vir)          216.381           0.795          -2.084         -15.721          230.813
  421 (vir)          216.465          -3.130          -0.993         -13.470          225.813
  422 (vir)          217.063          -0.416          -1.335         -13.866          229.178
  423 (vir)          218.231           0.279          -1.319         -13.955          231.147
  424 (vir)          219.602          -0.221          -0.879         -13.037          231.538
  425 (vir)          220.494          -0.231          -0.810         -12.723          232.177
  426 (vir)          221.352           0.854          -1.483         -14.824          235.547
  427 (vir)          221.869           1.623          -1.539         -14.822          236.775
  428 (vir)          223.780          -0.524          -1.785         -15.891          237.363
  429 (vir)          223.986          -0.906          -1.802         -16.060          237.338
  430 (vir)          224.132          -0.375          -1.273         -14.513          236.998
  431 (vir)          224.868          -0.135          -1.468         -15.071          238.336
  432 (vir)          225.250          -0.331          -1.335         -14.274          237.858
  433 (vir)          225.797          -0.019          -0.947         -13.352          238.183
  434 (vir)          225.948          -0.704          -1.289         -14.579          238.535
  435 (vir)          226.129           0.460          -1.002         -13.382          238.968
  436 (vir)          226.172          -0.328          -1.029         -13.559          238.374
  437 (vir)          226.631          -0.363          -1.023         -13.824          239.069
  438 (vir)          227.125          -1.114          -1.071         -13.934          238.873
  439 (vir)          227.580          -0.151          -0.948         -13.596          240.078
  440 (vir)          227.777           0.006          -1.046         -13.790          240.526
  441 (vir)          227.956          -0.303          -0.977         -13.708          240.384
  442 (vir)          228.254          -0.439          -1.318         -14.423          240.920
  443 (vir)          228.646          -0.152          -1.318         -14.038          241.214
  444 (vir)          228.758          -0.685          -1.151         -14.068          240.991
  445 (vir)          229.486          -0.246          -0.946         -13.576          241.870
  446 (vir)          229.899          -0.726          -1.480         -15.034          242.728
  447 (vir)          230.082          -1.771          -1.344         -14.018          240.984
  448 (vir)          230.199          -1.079          -1.148         -14.415          242.388
  449 (vir)          230.320          -1.137          -0.978         -13.431          241.637
  450 (vir)          232.133          -0.178          -1.103         -14.414          245.266
  451 (vir)          233.176          -1.104          -1.424         -14.120          244.767
  452 (vir)          233.211          -0.278          -1.031         -14.021          245.923
  453 (vir)          233.417          -0.759          -1.304         -14.136          245.490
  454 (vir)          234.396          -1.224          -1.130         -14.400          246.442
  455 (vir)          235.207           0.171          -0.896         -13.443          247.925
  456 (vir)          235.309           1.106          -1.322         -14.537          249.631
  457 (vir)          236.881           0.404          -1.169         -14.140          250.255
  458 (vir)          237.065           0.767          -1.226         -14.415          251.020
  459 (vir)          238.534          -0.215          -0.887         -13.381          250.812
  460 (vir)          239.070          -0.027          -0.921         -13.460          251.582
  461 (vir)          239.337          -0.503          -1.196         -14.416          252.054
  462 (vir)          240.390          -0.622          -0.960         -13.639          252.446
  463 (vir)          240.864          -0.142          -0.900         -13.455          253.278
  464 (vir)          241.280           0.830          -1.407         -15.070          255.773
  465 (vir)          241.684         -15.229          -1.179         -14.231          239.507
  466 (vir)          242.323           0.557          -1.109         -14.215          255.986
  467 (vir)          242.649          -0.379          -1.037         -14.152          255.385
  468 (vir)          243.037          -0.343          -1.064         -14.293          255.923
  469 (vir)          243.992          -0.967          -0.953         -13.585          255.656
  470 (vir)          244.605          -0.653          -1.120         -13.946          256.778
  471 (vir)          245.360          -0.226          -0.918         -13.803          258.019
  472 (vir)          245.817          -0.373          -0.988         -13.678          258.134
  473 (vir)          245.915           0.025          -0.951         -13.644          258.633
  474 (vir)          247.979          -0.813          -1.950         -16.179          261.395
  475 (vir)          248.422          -0.178          -0.980         -14.040          261.303
  476 (vir)          249.388          -0.218          -0.938         -13.934          262.167
  477 (vir)          249.532          -1.148          -2.750         -18.058          263.691
  478 (vir)          254.152          -0.649          -3.209         -19.101          269.396
  479 (vir)          255.964           0.229          -2.358         -16.910          270.745
  480 (vir)          257.771          -0.162          -1.686         -16.514          272.437
  481 (vir)          258.309          -0.971          -2.066         -16.454          271.726
  482 (vir)          258.462           0.181          -1.727         -16.556          273.472
  483 (vir)          260.114          -0.653          -1.809         -16.723          274.375
  484 (vir)          260.736           0.405          -1.573         -16.057          275.625
  485 (vir)          260.939           1.800          -1.692         -16.480          277.527
  486 (vir)          261.855          -0.207          -1.647         -16.244          276.245
  487 (vir)          263.074          -0.623          -1.223         -15.099          276.327
  488 (vir)          263.627          -0.759          -1.387         -14.809          276.291
  489 (vir)          263.810          -0.417          -1.238         -14.955          277.109
  490 (vir)          266.166          -0.137          -0.907         -14.182          279.305
  491 (vir)          266.346          -0.571          -0.914         -14.182          279.043
  492 (vir)          266.555          -0.749          -0.951         -14.324          279.179
  493 (vir)          266.974          -0.585          -0.951         -14.391          279.829
  494 (vir)          267.243          -0.406          -1.058         -14.878          280.656
  495 (vir)          268.108           0.548          -1.185         -15.422          282.893
  496 (vir)          269.703          -1.021          -1.462         -16.156          283.376
  497 (vir)          271.293          -0.622          -1.189         -15.381          284.863
  498 (vir)          272.370          -1.641          -1.194         -15.548          285.083
  499 (vir)          273.035          -0.356          -1.020         -14.930          286.590
  500 (vir)          274.387          -0.960          -1.028         -14.982          287.381
  501 (vir)          275.771          -0.836          -1.317         -15.660          289.279
  502 (vir)          276.960          -0.523          -1.189         -15.389          290.636
  503 (vir)          277.750          -0.351          -1.104         -15.312          291.606
  504 (vir)          278.664          -0.249          -1.103         -15.275          292.587
  505 (vir)          278.832           0.625          -1.136         -15.209          293.530
  506 (vir)          279.370          -0.178          -1.096         -15.176          293.271
  507 (vir)          280.047          -9.635          -1.095         -15.180          284.496
  508 (vir)          282.567          -0.339          -1.059         -15.103          296.272
  509 (vir)          285.735          -0.305          -1.050         -15.285          299.665
  510 (vir)          286.370          -0.260          -1.045         -15.209          300.274
  511 (vir)          321.062          -0.931          -1.365         -16.292          335.058
  512 (vir)          322.652          -0.924          -1.388         -16.384          336.725
  513 (vir)          326.358          -0.766          -1.393         -16.443          340.642
  514 (vir)          326.504          -0.768          -1.420         -16.479          340.794
  515 (vir)          329.294          -0.953          -1.479         -16.647          343.509
  516 (vir)          329.509          -0.969          -1.487         -16.793          343.846
  517 (vir)          349.465          -1.129          -2.724         -19.346          364.958
  518 (vir)          352.133          -1.086          -2.563         -19.049          367.531
  519 (vir)          355.888          -0.935          -2.811         -19.522          371.664
  520 (vir)          356.992          -0.924          -2.856         -19.621          372.833
  521 (vir)          783.303          -1.467         -12.557         -45.765          815.044
  522 (vir)          783.537          -0.690         -12.518         -45.650          815.978
  523 (vir)          785.703          -1.305         -12.507         -45.693          817.585
  524 (vir)          788.066          -1.219         -12.457         -45.610          820.000
  525 (vir)         4014.722          -1.868         -14.658         -94.438         4092.633
  526 (vir)         4015.793          -1.896         -14.658         -94.439         4093.678
  527 (vir)         4017.208          -1.890         -14.649         -94.432         4095.101
  528 (vir)         4019.780          -1.845         -14.641         -94.426         4097.719
