 
  kpoint:     0.0000    0.0000    0.0000
 
    n          ϵ_nk^DFT (eV)     Σ^c_nk (eV)     Σ^x_nk (eV)     v_n^xc (eV)   ϵ_nk^G0W0 (eV)
 
    1 (occ)        -1508.414           3.300        -224.760        -140.684        -1589.189
    2 (occ)         -659.903           3.324        -150.681         -94.983         -712.278
    3 (occ)         -659.903           3.324        -150.681         -94.983         -712.278
    4 (occ)         -659.903           3.324        -150.681         -94.983         -712.278
    5 (occ)         -108.518           9.432         -68.346         -42.718         -124.714
    6 (occ)          -70.626           6.929         -60.016         -42.129          -81.584
    7 (occ)          -70.406           6.657         -60.262         -42.201          -81.810
    8 (occ)          -70.406           6.657         -60.262         -42.200          -81.810
    9 (occ)          -29.457           8.736         -39.326         -25.261          -34.786
   10 (occ)          -29.139           8.767         -39.785         -25.729          -34.428
   11 (occ)          -29.139           8.767         -39.785         -25.729          -34.428
   12 (occ)          -12.339           3.639         -29.640         -21.545          -16.794
   13 (occ)          -11.233           3.523         -30.865         -22.809          -15.766
   14 (occ)          -11.233           3.523         -30.865         -22.809          -15.766
   15 (occ)          -10.699           3.376         -28.954         -21.099          -15.178
   16 (occ)          -10.350           3.531         -30.388         -22.312          -14.896
   17 (occ)          -10.350           3.531         -30.388         -22.312          -14.896
   18 (occ)          -10.191           3.459         -30.450         -22.507          -14.674
   19 (occ)          -10.191           3.459         -30.449         -22.507          -14.674
   20 (occ)           -9.690           3.523         -31.459         -23.377          -14.249
   21 (vir)           -2.496          -1.286          -4.808          -8.745            0.155
   22 (vir)           -0.970          -1.104          -4.557          -8.041            1.411
   23 (vir)            0.623          -0.501          -1.646          -3.855            2.331
   24 (vir)            0.623          -0.501          -1.646          -3.855            2.331
   25 (vir)            2.024          -0.677          -1.394          -3.683            3.636
   26 (vir)            2.432          -0.970          -2.524          -5.702            4.640
   27 (vir)            3.547          -0.778          -1.599          -4.521            5.691
   28 (vir)            3.547          -0.778          -1.599          -4.521            5.691
   29 (vir)            3.956          -0.824          -1.783          -4.681            6.029
   30 (vir)            4.039          -1.237          -3.984          -7.755            6.572
   31 (vir)            4.039          -1.237          -3.984          -7.755            6.572
   32 (vir)            5.122          -0.842          -1.604          -4.800            7.475
   33 (vir)            5.122          -0.842          -1.604          -4.800            7.475
   34 (vir)            8.890          -1.100          -2.049          -5.918           11.660
   35 (vir)            9.912          -0.970          -2.129          -6.183           12.996
   36 (vir)           10.014          -1.159          -2.137          -5.933           12.651
   37 (vir)           10.014          -1.159          -2.137          -5.933           12.651
   38 (vir)           10.159          -1.569          -1.567          -6.166           13.189
   39 (vir)           10.159          -1.569          -1.567          -6.166           13.189
   40 (vir)           11.148          -1.265          -2.252          -6.450           14.080
   41 (vir)           11.373          -1.626          -2.446          -7.218           14.519
   42 (vir)           11.373          -1.626          -2.446          -7.218           14.519
   43 (vir)           12.117          -1.482          -2.286          -6.455           14.804
   44 (vir)           12.399          -1.705          -3.199          -8.014           15.508
   45 (vir)           12.399          -1.705          -3.199          -8.014           15.508
   46 (vir)           12.902          -1.561          -1.531          -5.755           15.565
   47 (vir)           13.718          -1.779          -3.916          -8.996           17.018
   48 (vir)           14.075          -1.138          -1.673          -5.973           17.237
   49 (vir)           14.075          -1.138          -1.673          -5.973           17.237
   50 (vir)           15.251          -1.050          -1.241          -5.469           18.428
   51 (vir)           15.251          -1.050          -1.241          -5.469           18.429
   52 (vir)           15.404          -1.065          -1.692          -5.549           18.195
   53 (vir)           15.404          -1.065          -1.692          -5.549           18.195
   54 (vir)           15.607          -0.877          -0.506          -4.175           18.399
   55 (vir)           19.196          -1.582          -2.193          -7.277           22.698
   56 (vir)           20.468          -2.971          -6.058         -13.616           25.055
   57 (vir)           20.468          -2.971          -6.058         -13.616           25.055
   58 (vir)           22.049          -1.860          -2.776          -8.567           25.980
   59 (vir)           28.754          -2.554          -4.442         -11.153           32.911
   60 (vir)           28.754          -2.554          -4.442         -11.153           32.911
   61 (vir)           29.812          -2.487          -3.632         -10.374           34.067
   62 (vir)           31.155          -2.157          -3.962         -11.432           36.469
   63 (vir)           31.255          -2.192          -2.303          -9.189           35.949
   64 (vir)           31.255          -2.192          -2.303          -9.189           35.949
   65 (vir)           31.272          -2.684          -3.029          -9.981           35.540
   66 (vir)           31.272          -2.684          -3.029          -9.981           35.540
   67 (vir)           34.462          -2.177          -3.178          -9.768           38.874
   68 (vir)           36.388          -2.482          -3.882         -11.491           41.515
   69 (vir)           36.388          -2.482          -3.882         -11.491           41.515
   70 (vir)           38.098          -2.532          -2.820         -10.208           42.955
   71 (vir)           38.099          -2.532          -2.820         -10.208           42.955
   72 (vir)           38.276          -1.807          -3.118         -10.531           43.882
   73 (vir)           38.538          -2.632          -3.853         -11.645           43.699
   74 (vir)           39.304          -2.082          -3.012          -9.972           44.182
   75 (vir)           40.692          -2.541          -1.894          -8.657           44.914
   76 (vir)           40.693          -2.541          -1.894          -8.657           44.915
   77 (vir)           40.955          -2.459          -3.918         -11.803           46.382
   78 (vir)           40.955          -2.459          -3.918         -11.803           46.382
   79 (vir)           43.706          -2.631          -3.492         -11.254           48.837
   80 (vir)           43.706          -2.631          -3.492         -11.253           48.836
   81 (vir)           44.666          -2.260          -3.195         -10.862           50.073
   82 (vir)           45.597          -2.303          -3.107         -10.823           51.011
   83 (vir)           45.597          -2.303          -3.107         -10.824           51.012
   84 (vir)           46.421          -3.684          -4.817         -14.037           51.958
   85 (vir)           46.695          -2.508          -3.586         -11.301           51.901
   86 (vir)           46.786          -2.379          -3.489         -11.927           52.844
   87 (vir)           46.977          -2.461          -3.484         -11.637           52.669
   88 (vir)           46.977          -2.461          -3.484         -11.637           52.669
   89 (vir)           48.015          -3.154          -4.598         -13.294           53.558
   90 (vir)           48.016          -3.154          -4.598         -13.294           53.558
   91 (vir)           49.892          -1.795          -3.228         -11.648           56.517
   92 (vir)           49.893          -1.795          -3.228         -11.648           56.518
   93 (vir)           50.294          -1.468          -2.687         -10.467           56.607
   94 (vir)           50.806          -2.177          -5.009         -13.913           57.533
   95 (vir)           52.548          -2.905          -4.768         -14.471           59.345
   96 (vir)           52.548          -2.906          -4.768         -14.471           59.345
   97 (vir)           52.592          -2.104          -3.968         -12.951           59.471
   98 (vir)           56.775          -2.230          -2.227         -10.512           62.831
   99 (vir)           64.873          -1.974          -4.354         -14.082           72.627
  100 (vir)           64.874          -1.974          -4.354         -14.082           72.627
  101 (vir)           65.767          -1.406          -2.835         -11.580           73.105
  102 (vir)           65.767          -1.406          -2.835         -11.580           73.106
  103 (vir)           68.299          -2.107          -5.866         -17.050           77.376
  104 (vir)           70.351          -1.190          -2.481         -11.524           78.205
  105 (vir)           72.144          -1.324          -2.875         -12.699           80.643
  106 (vir)           76.522          -1.586          -3.492         -12.946           84.390
  107 (vir)           76.523          -1.586          -3.492         -12.946           84.391
  108 (vir)           81.148          -1.531          -4.285         -15.470           90.802
  109 (vir)           81.149          -1.531          -4.285         -15.470           90.802
  110 (vir)          101.343          -1.833          -6.941         -18.720          111.290
  111 (vir)          104.972          -1.844          -7.780         -21.345          116.693
  112 (vir)          104.972          -1.844          -7.780         -21.345          116.693
  113 (vir)          106.281          -1.765          -6.676         -20.275          118.115
  114 (vir)          106.281          -1.765          -6.676         -20.275          118.115
  115 (vir)          106.387          -1.883          -7.846         -21.252          117.910
  116 (vir)          110.024          -0.517          -3.306         -16.117          122.318
  117 (vir)          110.520          -0.202          -3.486         -16.305          123.137
  118 (vir)          110.520          -0.205          -3.486         -16.305          123.133
  119 (vir)          111.914          -0.631          -3.352         -16.208          124.139
  120 (vir)          111.914          -0.631          -3.352         -16.208          124.139
  121 (vir)          112.057          -1.048          -3.324         -16.183          123.869
  122 (vir)          115.336          -0.705          -3.727         -16.770          127.674
  123 (vir)          115.336          -0.703          -3.727         -16.770          127.676
  124 (vir)          116.981          -1.762          -4.508         -17.951          128.663
  125 (vir)          117.441          -1.125          -3.786         -16.839          129.368
  126 (vir)          117.441          -1.125          -3.786         -16.839          129.369
  127 (vir)          118.903          -1.884          -5.226         -18.852          130.645
  128 (vir)          119.691          -1.740          -5.413         -19.435          131.973
  129 (vir)          119.691          -1.740          -5.413         -19.436          131.974
  130 (vir)          120.594          -1.443          -4.555         -18.124          132.720
  131 (vir)          121.877          -1.387          -4.377         -17.873          133.986
  132 (vir)          127.448          -0.015          -5.677         -19.898          141.654
  133 (vir)          127.448          -0.018          -5.677         -19.898          141.652
  134 (vir)          127.739          -1.608          -5.923         -19.948          140.156
  135 (vir)          127.739          -1.608          -5.923         -19.948          140.156
  136 (vir)          129.458          -1.402          -4.960         -19.065          142.161
  137 (vir)          135.807          -1.590          -6.655         -21.894          149.455
  138 (vir)          135.807          -1.590          -6.655         -21.894          149.456
  139 (vir)          139.183          -0.876          -6.453         -21.621          153.474
  140 (vir)          139.541          -1.293          -6.249         -21.289          153.287
  141 (vir)          139.541          -1.293          -6.249         -21.289          153.287
  142 (vir)          141.826          -1.269          -5.315         -19.974          155.216
  143 (vir)          144.667          -2.340          -7.039         -22.437          157.725
  144 (vir)          144.667          -2.340          -7.039         -22.437          157.725
  145 (vir)          145.358          -2.453          -7.006         -22.761          158.660
  146 (vir)          150.535          -2.119          -5.706         -21.077          163.788
  147 (vir)          151.067          -2.023          -5.864         -21.276          164.456
  148 (vir)          151.067          -2.023          -5.864         -21.276          164.456
  149 (vir)          154.721          -1.812          -5.730         -21.470          168.648
  150 (vir)          155.791          -1.732          -6.081         -21.846          169.824
  151 (vir)          155.791          -1.732          -6.081         -21.846          169.825
  152 (vir)          161.755          -1.684          -5.995         -21.129          175.205
  153 (vir)          161.755          -1.684          -5.995         -21.129          175.205
  154 (vir)          168.385          -1.431          -8.935         -27.981          186.001
  155 (vir)          170.119          -1.863          -8.847         -27.847          187.258
  156 (vir)          170.119          -1.862          -8.846         -27.847          187.259
  157 (vir)          170.854          -1.081          -5.674         -20.495          184.594
  158 (vir)          172.140          -1.628          -8.261         -26.762          189.013
  159 (vir)          173.966          -1.253          -8.608         -27.472          191.577
  160 (vir)          173.966          -1.255          -8.608         -27.472          191.575
  161 (vir)          185.895          -1.297          -7.798         -26.428          203.228
  162 (vir)          194.016          -1.828          -7.717         -26.466          210.937
  163 (vir)          194.016          -1.828          -7.717         -26.466          210.938
  164 (vir)          198.265          -3.721         -13.330         -33.631          214.844
  165 (vir)          224.990          -3.327         -12.565         -33.370          242.467
  166 (vir)          224.990          -3.327         -12.565         -33.370          242.468
  167 (vir)          304.953           0.182          -3.235         -22.356          324.256
  168 (vir)          305.226           0.438          -2.995         -22.021          324.690
  169 (vir)          305.332           0.433          -2.999         -22.035          324.801
  170 (vir)          305.332           0.432          -2.999         -22.035          324.800
  171 (vir)          305.657           0.439          -2.987         -22.009          325.117
  172 (vir)          305.657           0.438          -2.987         -22.009          325.116
  173 (vir)          305.668           0.469          -2.974         -21.975          325.138
  174 (vir)          305.668           0.468          -2.974         -21.975          325.137
  175 (vir)          305.683           0.462          -2.973         -21.971          325.143
  176 (vir)          305.776           0.397          -3.019         -22.075          325.229
  177 (vir)          305.802           0.396          -2.976         -21.978          325.200
  178 (vir)          305.834           0.417          -2.983         -22.006          325.275
  179 (vir)          305.834           0.418          -2.983         -22.006          325.275
  180 (vir)          305.971           0.403          -2.988         -22.017          325.403
  181 (vir)          305.971           0.402          -2.988         -22.017          325.403
  182 (vir)          306.229           0.312          -3.018         -22.094          325.617
  183 (vir)          306.229           0.307          -3.018         -22.094          325.612
  184 (vir)          306.243           0.331          -3.008         -22.070          325.637
  185 (vir)          306.289           0.242          -3.017         -22.084          325.598
  186 (vir)          306.289           0.242          -3.017         -22.084          325.598
  187 (vir)          306.505           0.095          -3.016         -22.081          325.665
  188 (vir)          306.954           0.161          -3.036         -22.127          326.207
  189 (vir)          306.954           0.161          -3.036         -22.127          326.207
  190 (vir)          306.959           0.255          -3.037         -22.150          326.327
  191 (vir)          307.343           0.161          -3.068         -22.169          326.606
  192 (vir)          308.199           0.034          -3.170         -22.334          327.397
  193 (vir)          308.199           0.034          -3.170         -22.334          327.397
  194 (vir)          350.170          -5.921         -13.425         -36.579          367.403
  195 (vir)          390.747          -0.969          -4.548         -27.563          412.793
  196 (vir)          390.778          -0.868          -4.546         -27.562          412.926
  197 (vir)          390.778          -0.870          -4.546         -27.561          412.924
  198 (vir)          391.707          -0.941          -4.527         -27.534          413.773
  199 (vir)          391.716          -0.718          -4.570         -27.585          414.014
  200 (vir)          391.716          -0.718          -4.570         -27.585          414.014
  201 (vir)          392.982          -0.971          -4.502         -27.514          415.023
  202 (vir)          392.982          -0.969          -4.502         -27.514          415.026
  203 (vir)          394.707          -0.955          -4.493         -27.512          416.771
  204 (vir)          394.707          -0.956          -4.493         -27.512          416.771
  205 (vir)          394.759          -1.040          -4.629         -27.668          416.759
  206 (vir)          397.946          -1.239          -4.490         -27.539          419.755
  207 (vir)          398.742          -1.942          -4.472         -27.534          419.863
  208 (vir)          398.743          -1.940          -4.473         -27.534          419.864
  209 (vir)          398.781          -1.387          -6.826         -30.355          420.924
  210 (vir)          399.072          -1.392          -6.879         -30.411          421.212
  211 (vir)          399.072          -1.392          -6.879         -30.411          421.212
  212 (vir)          399.281          -1.239          -4.497         -27.584          421.129
  213 (vir)          402.886          -0.868          -4.570         -27.751          425.199
  214 (vir)          402.886          -0.873          -4.570         -27.751          425.195
  215 (vir)          404.689          -3.529          -4.476         -27.612          424.295
  216 (vir)          419.044          -1.067          -9.759         -34.266          442.483
  217 (vir)          419.044          -1.067          -9.759         -34.266          442.484
  218 (vir)          419.884          -0.953          -9.813         -34.234          443.352
  219 (vir)          425.822          -1.691          -5.739         -30.557          448.949
  220 (vir)          425.822          -1.690          -5.739         -30.557          448.950
  221 (vir)          427.421          -1.749          -5.649         -30.387          450.409
  222 (vir)          427.558          -1.758          -5.801         -30.545          450.545
  223 (vir)          427.558          -1.758          -5.801         -30.545          450.545
  224 (vir)          428.493          -1.770          -5.781         -30.542          451.484
  225 (vir)          435.500          -1.536          -5.445         -30.123          458.642
  226 (vir)          435.500          -1.536          -5.445         -30.123          458.642
  227 (vir)          435.520          -1.577          -5.422         -30.075          458.597
  228 (vir)          437.717          -1.478          -5.370         -29.968          460.837
  229 (vir)          439.201          -1.502          -5.391         -29.965          462.272
  230 (vir)          439.201          -1.502          -5.391         -29.965          462.273
  231 (vir)          441.779          -1.391          -5.400         -29.906          464.894
  232 (vir)          445.113          -1.419          -5.405         -29.910          468.198
  233 (vir)          445.113          -1.419          -5.405         -29.909          468.198
  234 (vir)         1248.619           0.912         -24.890         -69.672         1294.314
  235 (vir)         1467.364          -1.358         -20.209         -67.411         1513.208
  236 (vir)         1468.221          -1.355         -20.197         -67.406         1514.075
  237 (vir)         1468.222          -1.355         -20.197         -67.406         1514.076
  238 (vir)         6908.996          -1.848         -42.345        -160.982         7025.786
  239 (vir)         7737.316          -1.919         -24.262        -138.426         7849.561
  240 (vir)         7738.491          -1.919         -24.254        -138.419         7850.737
  241 (vir)         7738.492          -1.919         -24.254        -138.419         7850.737
