 
  kpoint:     0.0000    0.0000    0.0000
 
    n          ϵ_nk^DFT (eV)     Σ^c_nk (eV)     Σ^x_nk (eV)     v_n^xc (eV)   ϵ_nk^G0W0 (eV)
 
    1 (occ)       -14744.527          -0.457        -684.545        -421.879       -15007.651
    2 (occ)       -14744.527          -0.457        -684.545        -421.879       -15007.651
    3 (occ)        -1943.028          -6.940        -255.461        -155.976        -2049.453
    4 (occ)        -1943.028          -6.940        -255.461        -155.976        -2049.453
    5 (occ)        -1764.363         -13.168        -249.500        -165.464        -1861.567
    6 (occ)        -1764.363         -13.168        -249.500        -165.464        -1861.567
    7 (occ)        -1764.362         -13.171        -249.499        -165.464        -1861.567
    8 (occ)        -1764.362         -13.171        -249.499        -165.464        -1861.567
    9 (occ)        -1764.362         -13.171        -249.499        -165.464        -1861.567
   10 (occ)        -1764.362         -13.171        -249.499        -165.464        -1861.567
   11 (occ)         -286.778          -2.695        -112.649         -69.716         -332.406
   12 (occ)         -286.778          -2.693        -112.649         -69.716         -332.404
   13 (occ)         -222.270          21.682        -104.171         -68.668         -236.091
   14 (occ)         -222.270          21.692        -104.171         -68.668         -236.081
   15 (occ)         -222.264          21.698        -104.173         -68.669         -236.070
   16 (occ)         -222.264          21.698        -104.173         -68.669         -236.070
   17 (occ)         -222.264          21.680        -104.173         -68.669         -236.089
   18 (occ)         -222.264          21.680        -104.173         -68.669         -236.089
   19 (occ)         -106.042          10.117         -87.718         -65.342         -118.300
   20 (occ)         -106.042          10.117         -87.718         -65.342         -118.301
   21 (occ)         -106.041          10.117         -87.718         -65.343         -118.299
   22 (occ)         -106.041          10.117         -87.718         -65.343         -118.299
   23 (occ)         -106.041          10.117         -87.718         -65.343         -118.299
   24 (occ)         -106.041          10.117         -87.718         -65.343         -118.299
   25 (occ)         -106.037          10.119         -87.719         -65.344         -118.293
   26 (occ)         -106.037          10.119         -87.719         -65.344         -118.293
   27 (occ)         -106.037          10.119         -87.719         -65.344         -118.293
   28 (occ)         -106.037          10.119         -87.719         -65.344         -118.293
   29 (occ)          -30.473           7.618         -32.464         -22.123          -33.197
   30 (occ)          -30.463           7.636         -32.483         -22.144          -33.166
   31 (occ)          -15.760           1.942         -24.326         -18.655          -19.488
   32 (occ)          -15.699           1.898         -24.450         -18.798          -19.453
   33 (occ)          -15.699           1.898         -24.450         -18.798          -19.453
   34 (occ)          -15.681           2.004         -24.485         -18.845          -19.317
   35 (occ)          -15.681           2.004         -24.485         -18.845          -19.317
   36 (occ)          -15.606           1.954         -24.595         -18.973          -19.274
   37 (occ)           -2.442          -0.572          -5.407          -4.631           -3.789
   38 (vir)           -1.536          -1.076          -1.626          -3.603           -0.635
   39 (vir)           -0.959          -1.112          -1.196          -3.149           -0.118
   40 (vir)           -0.959          -1.112          -1.196          -3.149           -0.118
   41 (vir)           -0.582          -1.423          -0.946          -2.727           -0.223
   42 (vir)           -0.288          -1.206          -0.565          -2.203            0.144
   43 (vir)           -0.288          -1.206          -0.565          -2.203            0.144
   44 (vir)           -0.078          -1.220          -0.694          -2.620            0.628
   45 (vir)           -0.078          -1.220          -0.694          -2.620            0.628
   46 (vir)           -0.062          -1.072          -1.022          -2.743            0.586
   47 (vir)           -0.007          -1.569          -1.078          -3.339            0.684
   48 (vir)           -0.007          -1.569          -1.078          -3.339            0.684
   49 (vir)            0.089          -1.144          -0.657          -2.233            0.521
   50 (vir)            0.478          -0.721          -0.349          -1.373            0.782
   51 (vir)            0.525          -1.086          -0.558          -2.151            1.032
   52 (vir)            0.525          -1.086          -0.558          -2.151            1.032
   53 (vir)            0.809          -1.616          -1.832          -4.360            1.722
   54 (vir)            0.946          -0.707          -0.456          -1.805            1.588
   55 (vir)            0.946          -0.707          -0.456          -1.805            1.588
   56 (vir)            0.987          -0.599          -0.334          -1.380            1.434
   57 (vir)            0.987          -0.599          -0.334          -1.380            1.434
   58 (vir)            0.987          -0.908          -0.658          -2.083            1.504
   59 (vir)            1.086          -1.168          -1.014          -2.803            1.707
   60 (vir)            1.086          -1.168          -1.014          -2.803            1.707
   61 (vir)            1.111          -1.390          -1.235          -3.378            1.864
   62 (vir)            1.111          -1.390          -1.235          -3.378            1.864
   63 (vir)            1.299          -1.106          -1.044          -2.897            2.045
   64 (vir)            1.410          -1.148          -0.748          -2.362            1.877
   65 (vir)            1.410          -1.148          -0.748          -2.362            1.877
   66 (vir)            1.474          -1.658          -1.675          -4.223            2.364
   67 (vir)            1.474          -1.658          -1.675          -4.223            2.364
   68 (vir)            1.675          -0.355          -0.803          -2.600            3.118
   69 (vir)            2.187          -0.289          -0.624          -2.033            3.308
   70 (vir)            2.392          -0.869          -2.124          -5.368            4.767
   71 (vir)            2.392          -0.869          -2.124          -5.368            4.767
   72 (vir)            4.196          -0.636          -1.703          -4.578            6.436
   73 (vir)            5.625          -0.885          -1.724          -5.705            8.721
   74 (vir)            5.625          -0.885          -1.724          -5.705            8.721
   75 (vir)            5.682          -0.881          -1.454          -4.933            8.279
   76 (vir)            6.108          -1.255          -2.630          -6.620            8.843
   77 (vir)            6.108          -1.255          -2.630          -6.620            8.843
   78 (vir)            6.224          -1.193          -2.374          -5.914            8.571
   79 (vir)            6.246          -0.334          -0.312          -3.466            9.067
   80 (vir)            6.246          -0.334          -0.312          -3.466            9.067
   81 (vir)            6.295          -2.237          -3.846          -8.335            8.548
   82 (vir)            6.295          -2.237          -3.846          -8.335            8.548
   83 (vir)            6.434          -1.714          -4.651          -9.492            9.561
   84 (vir)            6.434          -1.714          -4.651          -9.492            9.561
   85 (vir)            6.538          -1.128          -4.293          -8.976           10.094
   86 (vir)            6.538          -1.128          -4.293          -8.976           10.094
   87 (vir)            6.625          -2.172          -3.944          -8.264            8.774
   88 (vir)            6.949          -1.056          -1.874          -5.150            9.170
   89 (vir)            6.957          -1.459          -3.075          -7.461            9.884
   90 (vir)            6.957          -1.459          -3.075          -7.461            9.884
   91 (vir)            7.041          -0.129          -0.298          -3.459           10.073
   92 (vir)            7.041          -0.129          -0.298          -3.459           10.073
   93 (vir)            7.219          -1.270          -3.318          -7.563           10.194
   94 (vir)            8.130          -0.617          -1.522          -4.975           10.966
   95 (vir)            8.366          -1.092          -2.167          -6.230           11.337
   96 (vir)            8.366          -1.092          -2.167          -6.230           11.337
   97 (vir)            8.420          -0.877          -2.349          -6.084           11.278
   98 (vir)            8.420          -0.877          -2.349          -6.084           11.278
   99 (vir)            8.532          -0.456          -0.472          -3.930           11.534
  100 (vir)            8.532          -0.456          -0.472          -3.930           11.534
  101 (vir)           11.236          -0.404          -0.417          -3.891           14.306
  102 (vir)           11.236          -0.404          -0.417          -3.891           14.306
  103 (vir)           12.662          -0.834          -1.960          -6.533           16.400
  104 (vir)           13.307          -0.846          -2.141          -6.394           16.714
  105 (vir)           28.167          -4.416          -2.554         -10.596           31.793
  106 (vir)           28.167          -4.416          -2.554         -10.596           31.793
  107 (vir)           28.195          -3.983          -2.562         -10.629           32.279
  108 (vir)           28.195          -3.983          -2.562         -10.629           32.279
  109 (vir)           28.427          -4.142          -2.542         -10.560           32.303
  110 (vir)           28.427          -4.142          -2.542         -10.560           32.303
  111 (vir)           28.873          -4.055          -2.525         -10.519           32.811
  112 (vir)           28.873          -4.055          -2.525         -10.519           32.811
  113 (vir)           29.149          -4.007          -2.580         -10.649           33.211
  114 (vir)           29.149          -4.007          -2.580         -10.649           33.211
  115 (vir)           29.240          -3.875          -2.548         -10.509           33.326
  116 (vir)           29.356          -3.830          -2.469         -10.374           33.431
  117 (vir)           29.356          -3.830          -2.469         -10.374           33.431
  118 (vir)           30.314          -3.680          -2.613         -10.539           34.561
  119 (vir)           30.779          -2.683          -6.014         -13.612           35.695
  120 (vir)           32.395          -2.699          -5.911         -13.522           37.305
  121 (vir)           34.213          -2.432          -3.674         -10.995           39.101
  122 (vir)           34.213          -2.432          -3.674         -10.995           39.101
  123 (vir)           34.991          -2.580          -3.174         -10.626           39.864
  124 (vir)           35.091          -2.940          -5.023         -12.688           39.816
  125 (vir)           35.091          -2.940          -5.023         -12.688           39.816
  126 (vir)           35.333          -2.518          -2.550          -9.571           39.835
  127 (vir)           35.333          -2.518          -2.550          -9.571           39.835
  128 (vir)           35.586          -2.608          -0.894          -7.496           39.580
  129 (vir)           35.586          -2.608          -0.894          -7.496           39.580
  130 (vir)           35.856          -2.654          -0.881          -7.466           39.788
  131 (vir)           35.856          -2.654          -0.881          -7.466           39.788
  132 (vir)           35.904          -2.629          -0.868          -7.426           39.833
  133 (vir)           35.904          -2.629          -0.868          -7.426           39.833
  134 (vir)           35.911          -2.605          -0.867          -7.426           39.866
  135 (vir)           35.911          -2.605          -0.867          -7.426           39.866
  136 (vir)           35.977          -2.592          -0.875          -7.471           39.981
  137 (vir)           35.977          -2.592          -0.875          -7.471           39.981
  138 (vir)           36.070          -2.737          -3.652         -11.051           40.732
  139 (vir)           36.076          -3.036          -3.322         -10.639           40.356
  140 (vir)           36.513          -2.532          -0.895          -7.555           40.640
  141 (vir)           36.513          -2.532          -0.895          -7.555           40.640
  142 (vir)           38.593          -2.825          -1.181          -8.009           42.596
  143 (vir)           38.593          -2.825          -1.181          -8.009           42.596
  144 (vir)           40.177          -2.603          -3.633         -11.230           45.171
  145 (vir)           49.292          -3.134         -11.205         -23.316           58.270
  146 (vir)           49.292          -3.134         -11.205         -23.316           58.270
  147 (vir)           49.427          -3.178         -11.175         -23.277           58.352
  148 (vir)           49.427          -3.178         -11.175         -23.277           58.352
  149 (vir)           49.453          -3.231         -11.176         -23.297           58.343
  150 (vir)           49.453          -3.231         -11.176         -23.297           58.343
  151 (vir)           49.765          -3.133         -11.097         -23.205           58.741
  152 (vir)           49.765          -3.133         -11.097         -23.205           58.741
  153 (vir)           51.458          -3.027         -10.172         -21.963           60.222
  154 (vir)           51.686          -2.936         -10.508         -22.440           60.682
  155 (vir)          120.374           1.197         -10.467         -25.141          136.245
  156 (vir)          120.374           1.197         -10.467         -25.141          136.245
  157 (vir)          120.897          -0.042         -10.428         -25.094          135.522
  158 (vir)          120.897          -0.042         -10.428         -25.094          135.522
  159 (vir)          121.545           1.279         -10.381         -25.076          137.518
  160 (vir)          123.222          -1.271         -10.275         -24.943          136.619
  161 (vir)          177.417           0.321         -17.296         -35.651          196.093
  162 (vir)          178.905           0.475         -17.234         -35.603          197.749
  163 (vir)          233.197           1.674         -21.961         -47.019          259.929
  164 (vir)          233.197           1.674         -21.961         -47.019          259.929
  165 (vir)          233.279           1.625         -21.955         -47.012          259.961
  166 (vir)          233.279           1.625         -21.955         -47.012          259.961
  167 (vir)          233.301           1.423         -21.947         -47.010          259.787
  168 (vir)          233.301           1.423         -21.947         -47.010          259.787
  169 (vir)          233.465           1.701         -21.937         -46.999          260.227
  170 (vir)          233.465           1.701         -21.937         -46.999          260.227
  171 (vir)          233.942           1.565         -21.889         -46.948          260.568
  172 (vir)          234.432           1.620         -21.876         -46.931          261.106
  173 (vir)          743.722           1.091         -30.102         -67.105          781.816
  174 (vir)          745.062           1.093         -30.071         -67.081          783.165
  175 (vir)         2554.437           1.667         -46.030        -112.358         2622.432
  176 (vir)         2555.659           1.672         -46.015        -112.348         2623.665
  177 (vir)         8771.266           0.363         -77.886        -201.738         8895.482
  178 (vir)         8772.411           0.364         -77.879        -201.734         8896.630
  179 (vir)        51226.230           0.020        -134.775        -464.454        51555.928
  180 (vir)        51228.304           0.020        -134.772        -464.455        51558.007
