 
  kpoint:     0.0000    0.0000    0.0000
 
    n          ϵ_nk^DFT (eV)     Σ^c_nk (eV)     Σ^x_nk (eV)     v_n^xc (eV)   ϵ_nk^G0W0 (eV)
 
    1 (occ)         -379.943          -1.405        -114.629         -72.592         -423.386
    2 (occ)          -21.156           5.366         -28.280         -18.395          -25.676
    3 (occ)          -11.269           1.067         -21.907         -16.084          -16.025
    4 (occ)          -11.268           1.067         -21.907         -16.084          -16.025
    5 (occ)           -6.120           1.320         -21.382         -15.867          -10.316
    6 (vir)           -0.073          -0.865          -2.061          -5.306            2.307
    7 (vir)            1.804          -0.791          -1.911          -4.905            4.006
    8 (vir)            1.804          -0.791          -1.911          -4.905            4.006
    9 (vir)            4.834          -0.791          -2.402          -5.819            7.459
   10 (vir)            5.027          -0.973          -1.956          -5.732            7.830
   11 (vir)            5.027          -0.973          -1.956          -5.732            7.830
   12 (vir)            8.175          -1.748          -3.294          -8.286           11.419
   13 (vir)            9.192          -2.063          -3.356          -8.212           11.984
   14 (vir)            9.192          -2.063          -3.357          -8.212           11.984
   15 (vir)           10.386          -1.477          -2.145          -6.859           13.624
   16 (vir)           10.387          -1.477          -2.145          -6.859           13.624
   17 (vir)           10.591          -1.195          -2.189          -6.253           13.460
   18 (vir)           17.256          -1.665          -1.974          -6.879           20.495
   19 (vir)           18.736          -2.094          -0.897          -5.891           21.636
   20 (vir)           18.804          -1.664          -1.511          -6.276           21.904
   21 (vir)           18.804          -1.664          -1.511          -6.275           21.904
   22 (vir)           22.278          -1.822          -2.073          -7.617           26.001
   23 (vir)           22.278          -1.822          -2.073          -7.618           26.001
   24 (vir)           24.222          -1.831          -0.934          -5.906           27.363
   25 (vir)           24.223          -1.831          -0.935          -5.907           27.364
   26 (vir)           24.475          -2.555          -1.834          -7.841           27.928
   27 (vir)           26.012          -2.395          -2.491          -8.666           29.791
   28 (vir)           28.840          -1.852          -2.186          -8.132           32.934
   29 (vir)           28.840          -1.852          -2.186          -8.132           32.934
   30 (vir)           30.238          -3.694          -2.800         -10.189           33.934
   31 (vir)           30.955          -3.714          -3.157         -10.865           34.949
   32 (vir)           30.955          -3.714          -3.157         -10.865           34.949
   33 (vir)           33.982          -3.193          -3.006          -9.823           37.607
   34 (vir)           43.050          -3.741          -1.694          -8.716           46.332
   35 (vir)           43.051          -3.741          -1.694          -8.716           46.332
   36 (vir)           50.698          -4.542          -1.921          -9.915           54.150
   37 (vir)           55.053          -2.687          -1.449          -9.443           60.360
   38 (vir)           55.053          -2.687          -1.449          -9.443           60.360
   39 (vir)           56.126          -1.856          -1.747          -9.907           62.429
   40 (vir)           57.038          -1.335          -1.101          -8.771           63.373
   41 (vir)           59.033          -2.747          -1.511          -9.272           64.047
   42 (vir)           59.033          -2.750          -1.511          -9.273           64.045
   43 (vir)           59.758          -1.900          -1.370          -9.336           65.824
   44 (vir)           59.758          -1.900          -1.370          -9.335           65.823
   45 (vir)           60.210          -2.208          -1.356          -9.381           66.027
   46 (vir)           61.480          -2.635          -2.413         -11.448           67.880
   47 (vir)           61.481          -2.635          -2.413         -11.448           67.881
   48 (vir)           64.022           0.848          -0.958          -8.571           72.482
   49 (vir)           64.022           0.848          -0.958          -8.571           72.483
   50 (vir)           66.316          -3.040          -2.559         -11.334           72.051
   51 (vir)           67.714          -2.926          -2.230         -10.965           73.524
   52 (vir)           67.715          -2.926          -2.230         -10.965           73.524
   53 (vir)           68.138          -6.793          -3.194         -12.546           70.696
   54 (vir)           73.757          -6.801          -1.715         -10.621           75.862
   55 (vir)           74.380          -2.217          -1.427          -9.480           80.216
   56 (vir)           74.381          -2.217          -1.428          -9.480           80.217
   57 (vir)           78.300           1.291          -2.070         -11.171           88.692
   58 (vir)           78.301           1.290          -2.070         -11.171           88.693
   59 (vir)           81.006          -1.825          -0.895          -8.696           86.981
   60 (vir)           83.387          -8.574          -2.726         -12.877           84.964
   61 (vir)           85.688          -3.035          -2.051         -12.183           92.784
   62 (vir)           85.688          -3.035          -2.051         -12.183           92.785
   63 (vir)           88.101           2.945          -1.859         -11.663          100.851
   64 (vir)           92.811          -1.677          -2.966         -13.285          101.453
   65 (vir)           97.199           2.077          -2.308         -13.024          109.992
   66 (vir)           97.201           2.077          -2.308         -13.024          109.994
   67 (vir)          102.353           0.164          -1.235         -10.948          112.229
   68 (vir)          107.808           0.663          -2.023         -12.936          119.385
   69 (vir)          107.810           0.663          -2.023         -12.937          119.386
   70 (vir)          110.510          -6.129          -2.790         -14.773          116.364
   71 (vir)          113.686          -0.362          -2.974         -15.168          125.518
   72 (vir)          113.687          -0.364          -2.974         -15.168          125.518
   73 (vir)          123.915           5.602          -3.415         -16.684          142.786
   74 (vir)          133.494           1.576          -3.249         -16.971          148.791
   75 (vir)          133.497           1.575          -3.249         -16.971          148.794
   76 (vir)          154.269           0.726          -1.145         -12.276          166.125
   77 (vir)          154.269           0.726          -1.145         -12.276          166.125
   78 (vir)          158.362           1.951          -1.372         -12.920          171.861
   79 (vir)          159.662           0.528          -0.799         -11.257          170.648
   80 (vir)          159.662           0.528          -0.799         -11.257          170.648
   81 (vir)          161.183           1.613          -1.385         -13.354          174.765
   82 (vir)          161.184           1.611          -1.385         -13.353          174.764
   83 (vir)          161.699           1.438          -0.844         -11.514          173.808
   84 (vir)          171.991          -1.700          -1.850         -15.000          183.442
   85 (vir)          173.962           1.347          -1.323         -13.456          187.442
   86 (vir)          173.963           1.343          -1.323         -13.456          187.439
   87 (vir)          174.450           3.774          -2.100         -15.756          191.880
   88 (vir)          179.337           1.367          -1.991         -15.374          194.087
   89 (vir)          179.337           1.367          -1.991         -15.373          194.087
   90 (vir)          184.799           1.365          -2.247         -16.131          200.048
   91 (vir)          184.802           1.365          -2.247         -16.131          200.051
   92 (vir)          186.984           2.132          -0.890         -12.107          200.334
   93 (vir)          189.707           0.181          -1.750         -15.441          203.579
   94 (vir)          193.518           4.012          -2.122         -15.565          210.974
   95 (vir)          194.257          -0.317          -1.136         -13.231          206.035
   96 (vir)          194.257          -0.316          -1.136         -13.231          206.036
   97 (vir)          196.351           0.929          -1.298         -13.997          209.979
   98 (vir)          196.352           0.930          -1.298         -13.997          209.981
   99 (vir)          199.656           2.814          -1.351         -13.630          214.749
  100 (vir)          201.981           2.173          -0.813         -11.766          215.107
  101 (vir)          205.146           1.921          -0.799         -12.070          218.338
  102 (vir)          205.147           1.921          -0.799         -12.070          218.338
  103 (vir)          209.885           0.378          -0.886         -12.767          222.144
  104 (vir)          209.886           0.378          -0.886         -12.767          222.145
  105 (vir)          211.142           1.904          -1.033         -13.593          225.606
  106 (vir)          212.940           0.683          -0.975         -13.044          225.692
  107 (vir)          212.941           0.684          -0.975         -13.043          225.694
  108 (vir)          213.129           0.720          -1.290         -14.359          226.918
  109 (vir)          214.093           1.948          -1.182         -13.432          228.292
  110 (vir)          215.908           1.590          -0.908         -12.808          229.398
  111 (vir)          215.908           1.586          -0.908         -12.809          229.395
  112 (vir)          218.331           2.314          -0.998         -13.565          233.211
  113 (vir)          221.843           2.991          -1.730         -16.076          239.181
  114 (vir)          221.844           2.993          -1.730         -16.077          239.184
  115 (vir)          223.712           2.373          -1.194         -14.099          238.989
  116 (vir)          226.301          -0.141          -1.538         -15.449          240.071
  117 (vir)          226.302          -0.139          -1.538         -15.450          240.074
  118 (vir)          227.158           2.966          -2.104         -16.403          244.423
  119 (vir)          228.566           3.558          -1.649         -15.653          246.128
  120 (vir)          231.967           1.289          -1.585         -15.709          247.380
  121 (vir)          231.968           1.288          -1.585         -15.709          247.380
  122 (vir)          241.223           2.076          -1.867         -16.921          258.353
  123 (vir)          244.443           1.056          -1.681         -16.422          260.241
  124 (vir)          244.446           1.056          -1.681         -16.422          260.244
  125 (vir)          253.372           1.471          -2.046         -17.901          270.699
  126 (vir)          253.375           1.471          -2.046         -17.900          270.700
  127 (vir)          254.403           3.421          -6.560         -24.170          275.434
  128 (vir)          259.328          -1.333          -1.492         -16.240          272.743
  129 (vir)          259.328          -1.333          -1.492         -16.240          272.744
  130 (vir)          265.274           2.060          -1.348         -15.772          281.758
  131 (vir)          267.574           3.360          -2.763         -19.742          287.912
  132 (vir)          270.673           0.587          -1.890         -17.790          287.161
  133 (vir)          270.675           0.587          -1.890         -17.788          287.161
  134 (vir)          297.252           0.571          -1.901         -18.423          314.346
  135 (vir)          300.666           1.327          -2.374         -19.446          319.066
  136 (vir)          300.668           1.328          -2.374         -19.446          319.068
  137 (vir)          311.120           1.340          -1.812         -17.892          328.540
  138 (vir)          312.946          -1.222          -1.753         -17.759          327.731
  139 (vir)          312.948          -1.219          -1.752         -17.758          327.735
  140 (vir)          318.566           2.340          -1.610         -17.655          336.951
  141 (vir)          318.572           2.340          -1.610         -17.655          336.957
  142 (vir)          322.979           0.088          -1.444         -17.374          338.997
  143 (vir)          385.820           1.538          -2.172         -19.200          404.386
  144 (vir)          385.820           1.538          -2.172         -19.201          404.387
  145 (vir)          407.616           1.996          -4.154         -22.851          428.309
  146 (vir)         1033.351           1.310         -15.109         -53.779         1073.331
  147 (vir)         5357.190           1.285         -17.554        -110.379         5451.299
