 
  kpoint:     0.0000    0.0000    0.0000
 
    n          ϵ_nk^DFT (eV)     Σ^c_nk (eV)     Σ^x_nk (eV)     v_n^xc (eV)   ϵ_nk^G0W0 (eV)
 
    1 (occ)        -8750.572           2.458        -529.887        -327.496        -8950.506
    2 (occ)        -1043.139           3.534        -189.630        -116.403        -1112.832
    3 (occ)         -915.062           3.797        -183.018        -123.082         -971.200
    4 (occ)         -914.983           3.744        -183.190        -123.150         -971.280
    5 (occ)         -914.983           3.744        -183.190        -123.150         -971.280
    6 (occ)         -379.863           2.943        -114.709         -72.598         -419.031
    7 (occ)         -269.167           3.346         -96.968         -61.561         -301.228
    8 (occ)         -113.203           8.152         -76.684         -48.576         -133.158
    9 (occ)          -73.492          13.189         -68.043         -46.212          -82.133
   10 (occ)          -73.233          12.198         -68.158         -46.257          -82.936
   11 (occ)          -73.233          12.198         -68.158         -46.257          -82.936
   12 (occ)          -21.646           7.107         -30.459         -20.147          -24.851
   13 (occ)          -11.356           3.311         -24.424         -18.382          -14.087
   14 (occ)           -8.213           3.585         -28.293         -21.847          -11.073
   15 (occ)           -8.213           3.585         -28.293         -21.847          -11.073
   16 (occ)           -7.990           4.173         -28.068         -21.350          -10.535
   17 (occ)           -7.143           6.824         -46.387         -36.143          -10.563
   18 (occ)           -7.143           6.824         -46.387         -36.143          -10.563
   19 (occ)           -6.997           4.484         -36.787         -29.146          -10.153
   20 (occ)           -6.997           4.484         -36.787         -29.146          -10.153
   21 (occ)           -6.708           3.856         -33.241         -26.311           -9.782
   22 (vir)           -4.036          -1.724          -5.510          -9.609           -1.660
   23 (vir)           -1.537          -1.341          -3.820          -7.395            0.698
   24 (vir)           -1.537          -1.341          -3.820          -7.395            0.698
   25 (vir)            0.718          -0.571          -0.935          -2.721            1.934
   26 (vir)            0.818          -0.506          -1.492          -3.022            1.841
   27 (vir)            0.858          -1.734          -5.080          -8.739            2.783
   28 (vir)            0.858          -1.734          -5.080          -8.739            2.783
   29 (vir)            2.495          -1.086          -2.412          -5.277            4.274
   30 (vir)            2.495          -1.086          -2.412          -5.277            4.274
   31 (vir)            2.921          -0.888          -1.785          -4.364            4.611
   32 (vir)            3.032          -0.497          -1.152          -3.329            4.711
   33 (vir)            3.032          -0.497          -1.152          -3.329            4.711
   34 (vir)            4.062          -1.411          -1.894          -5.172            5.928
   35 (vir)            4.062          -1.411          -1.894          -5.172            5.928
   36 (vir)            4.895          -0.920          -2.156          -4.579            6.398
   37 (vir)            5.409          -0.986          -1.396          -4.175            7.202
   38 (vir)            6.073          -0.947          -1.046          -3.780            7.861
   39 (vir)            6.073          -0.947          -1.046          -3.780            7.861
   40 (vir)            7.473          -1.414          -2.722          -6.444            9.781
   41 (vir)            8.766          -1.317          -1.471          -4.922           10.900
   42 (vir)            9.642          -1.448          -1.530          -5.185           11.850
   43 (vir)            9.642          -1.448          -1.530          -5.185           11.850
   44 (vir)           10.579          -1.519          -2.838          -7.223           13.445
   45 (vir)           11.304          -1.383          -2.042          -6.009           13.888
   46 (vir)           11.304          -1.383          -2.042          -6.009           13.888
   47 (vir)           12.101          -1.077          -3.330          -7.424           15.119
   48 (vir)           12.102          -1.077          -3.330          -7.424           15.119
   49 (vir)           13.281          -1.802          -3.703          -8.380           16.156
   50 (vir)           13.281          -1.802          -3.703          -8.380           16.156
   51 (vir)           13.373          -1.839          -2.420          -7.471           16.586
   52 (vir)           13.373          -1.839          -2.420          -7.471           16.586
   53 (vir)           14.156          -1.456          -2.178          -5.956           16.479
   54 (vir)           16.353          -2.343          -4.149          -9.398           19.259
   55 (vir)           17.113          -2.122          -2.645          -7.300           19.646
   56 (vir)           21.100          -3.248          -2.359          -8.441           23.934
   57 (vir)           21.100          -3.248          -2.359          -8.441           23.934
   58 (vir)           21.180          -4.297          -4.957         -12.347           24.273
   59 (vir)           23.215          -2.271          -2.766          -9.046           27.224
   60 (vir)           23.215          -2.271          -2.766          -9.046           27.224
   61 (vir)           24.416          -2.310          -2.153          -8.612           28.565
   62 (vir)           24.416          -2.310          -2.153          -8.612           28.565
   63 (vir)           25.392          -2.388          -3.056          -8.943           28.891
   64 (vir)           28.690          -2.365          -3.287          -9.813           32.851
   65 (vir)           31.273          -3.479          -2.958         -10.477           35.313
   66 (vir)           31.273          -3.479          -2.958         -10.477           35.313
   67 (vir)           36.465          -2.415          -4.419         -12.356           41.988
   68 (vir)           36.465          -2.415          -4.419         -12.356           41.988
   69 (vir)           38.813          -3.774          -3.494         -11.574           43.118
   70 (vir)           39.054          -1.816          -6.489         -14.507           45.256
   71 (vir)           39.054          -1.816          -6.489         -14.507           45.256
   72 (vir)           41.901          -2.055          -5.398         -13.739           48.188
   73 (vir)           43.121          -1.540          -4.002         -11.647           49.226
   74 (vir)           43.121          -1.540          -4.002         -11.647           49.226
   75 (vir)           43.302          -1.699          -5.016         -12.927           49.513
   76 (vir)           44.234          -1.103          -1.563          -9.569           51.135
   77 (vir)           44.234          -1.103          -1.563          -9.569           51.135
   78 (vir)           44.272          -2.150          -7.125         -16.581           51.579
   79 (vir)           44.272          -2.150          -7.125         -16.581           51.579
   80 (vir)           45.485          -2.073          -5.561         -14.332           52.183
   81 (vir)           46.968          -1.743          -2.883         -11.576           53.918
   82 (vir)           46.968          -1.743          -2.883         -11.576           53.918
   83 (vir)           48.949          -1.441          -2.749         -11.872           56.631
   84 (vir)           48.949          -1.441          -2.749         -11.872           56.631
   85 (vir)           52.287          -1.795          -4.267         -13.784           60.009
   86 (vir)           52.287          -1.795          -4.267         -13.784           60.009
   87 (vir)           55.263          -1.372          -4.237         -13.384           63.038
   88 (vir)           55.263          -1.372          -4.237         -13.384           63.038
   89 (vir)           55.840          -1.746          -5.141         -14.481           63.434
   90 (vir)           58.469          -1.605          -4.699         -14.006           66.172
   91 (vir)           59.699          -1.677          -4.011         -13.781           67.792
   92 (vir)           59.699          -1.677          -4.011         -13.781           67.792
   93 (vir)           60.680          -1.725          -3.608         -13.137           68.484
   94 (vir)           60.680          -1.725          -3.608         -13.137           68.484
   95 (vir)           60.961          -2.396          -3.885         -13.230           67.910
   96 (vir)           68.297          -0.882          -1.798         -11.503           77.120
   97 (vir)           68.297          -0.882          -1.798         -11.503           77.120
   98 (vir)           68.608          -1.400          -6.505         -17.807           78.510
   99 (vir)           71.944          -2.934          -3.596         -14.089           79.504
  100 (vir)           71.944          -2.934          -3.596         -14.089           79.504
  101 (vir)           76.541          -1.428          -3.509         -15.062           86.666
  102 (vir)           76.541          -1.428          -3.509         -15.062           86.666
  103 (vir)           79.645          -1.162          -4.863         -17.713           91.333
  104 (vir)           79.645          -1.162          -4.863         -17.713           91.333
  105 (vir)           81.163          -1.276          -4.192         -15.369           91.064
  106 (vir)           85.203          -0.434          -1.949         -12.384           95.205
  107 (vir)           85.203          -0.434          -1.949         -12.384           95.205
  108 (vir)           92.309          -1.025          -2.826         -13.856          102.314
  109 (vir)           92.309          -1.025          -2.826         -13.856          102.314
  110 (vir)           92.705          -1.473          -5.444         -17.145          102.933
  111 (vir)           94.905          -1.922          -5.411         -18.285          105.857
  112 (vir)          102.334          -0.274          -4.462         -17.641          115.239
  113 (vir)          102.334          -0.274          -4.462         -17.641          115.239
  114 (vir)          103.217          -1.661          -3.963         -15.932          113.526
  115 (vir)          119.033          -3.524         -12.843         -29.822          132.489
  116 (vir)          119.034          -3.524         -12.843         -29.822          132.489
  117 (vir)          120.234          -2.750          -8.812         -24.237          132.909
  118 (vir)          121.435          -3.609         -12.333         -29.115          134.608
  119 (vir)          121.435          -3.609         -12.333         -29.115          134.608
  120 (vir)          128.030          -0.299          -4.555         -19.378          142.554
  121 (vir)          128.030          -0.299          -4.555         -19.378          142.554
  122 (vir)          128.695           0.523          -1.225         -12.693          140.685
  123 (vir)          128.695           0.523          -1.225         -12.693          140.685
  124 (vir)          130.561          -0.029          -1.614         -13.858          142.776
  125 (vir)          130.561          -0.029          -1.614         -13.858          142.776
  126 (vir)          130.796          -2.374          -8.702         -25.178          144.899
  127 (vir)          141.773          -0.591          -3.446         -16.931          154.667
  128 (vir)          146.873          -0.498          -2.193         -15.497          159.678
  129 (vir)          146.873          -0.498          -2.193         -15.496          159.678
  130 (vir)          149.564          -0.469          -2.136         -15.343          162.302
  131 (vir)          149.564          -0.469          -2.136         -15.343          162.302
  132 (vir)          157.424          -0.754          -1.965         -15.571          170.276
  133 (vir)          157.425          -0.754          -1.965         -15.570          170.276
  134 (vir)          158.399          -0.741          -1.711         -15.130          171.077
  135 (vir)          158.399          -0.741          -1.711         -15.130          171.077
  136 (vir)          160.160          -0.768          -2.581         -16.824          173.635
  137 (vir)          160.160          -0.768          -2.581         -16.824          173.635
  138 (vir)          162.426          -0.748          -3.897         -18.796          176.577
  139 (vir)          163.062          -0.629          -2.115         -16.298          176.616
  140 (vir)          163.063          -0.629          -2.115         -16.297          176.616
  141 (vir)          179.152          -1.174          -5.293         -20.795          193.479
  142 (vir)          181.398          -3.092         -13.496         -30.971          195.781
  143 (vir)          181.398          -3.092         -13.496         -30.971          195.781
  144 (vir)          183.537          -3.023         -13.151         -30.613          197.975
  145 (vir)          183.538          -3.023         -13.151         -30.612          197.975
  146 (vir)          184.326           0.431          -1.669         -15.705          198.793
  147 (vir)          184.326           0.431          -1.669         -15.705          198.793
  148 (vir)          188.308          -3.057          -9.857         -26.943          202.336
  149 (vir)          188.308          -3.057          -9.857         -26.943          202.336
  150 (vir)          195.950           0.300          -1.748         -16.239          210.740
  151 (vir)          195.950           0.300          -1.748         -16.239          210.740
  152 (vir)          197.290          -3.655         -11.051         -28.602          211.186
  153 (vir)          198.601          -1.982          -5.133         -21.068          212.554
  154 (vir)          198.601          -1.982          -5.133         -21.068          212.554
  155 (vir)          201.610          -0.709          -4.016         -19.797          216.682
  156 (vir)          218.376          -0.748          -3.117         -18.708          233.219
  157 (vir)          223.523          -0.633          -2.111         -17.748          238.527
  158 (vir)          223.524          -0.633          -2.111         -17.748          238.527
  159 (vir)          227.531          -0.511          -2.346         -18.199          242.873
  160 (vir)          227.531          -0.511          -2.346         -18.199          242.873
  161 (vir)          227.679          -1.543          -2.358         -18.880          242.659
  162 (vir)          227.679          -1.543          -2.358         -18.880          242.659
  163 (vir)          235.502           0.383          -2.488         -19.283          252.680
  164 (vir)          235.502           0.382          -2.488         -19.283          252.680
  165 (vir)          242.239          -0.349          -4.624         -22.124          259.390
  166 (vir)          250.754          -0.958          -2.673         -20.063          267.186
  167 (vir)          250.754          -0.958          -2.673         -20.062          267.186
  168 (vir)          256.426          -0.769          -2.636         -20.009          273.031
  169 (vir)          256.426          -0.769          -2.636         -20.009          273.031
  170 (vir)          258.433          -0.892          -6.758         -25.193          275.975
  171 (vir)          291.177          -1.065          -4.724         -23.580          308.968
  172 (vir)          302.341          -0.661          -2.563         -20.501          319.618
  173 (vir)          302.341          -0.661          -2.563         -20.501          319.618
  174 (vir)          302.614          -0.905         -17.743         -41.350          325.316
  175 (vir)          342.364          -0.685          -6.011         -25.593          361.260
  176 (vir)          345.928          -1.115          -9.371         -33.970          369.413
  177 (vir)          345.932          -1.115          -9.371         -33.966          369.413
  178 (vir)          345.935          -1.006          -9.427         -34.015          369.517
  179 (vir)          345.935          -1.006          -9.427         -34.015          369.517
  180 (vir)          346.054          -1.135          -9.423         -33.997          369.493
  181 (vir)          346.054          -1.135          -9.423         -33.997          369.493
  182 (vir)          346.866          -1.165          -9.282         -33.872          370.290
  183 (vir)          346.866          -1.165          -9.282         -33.872          370.290
  184 (vir)          348.253          -1.154          -9.106         -33.532          371.525
  185 (vir)          555.999          -2.799         -14.707         -47.541          586.034
  186 (vir)          555.999          -2.799         -14.707         -47.541          586.034
  187 (vir)          557.035          -2.920         -14.702         -47.584          586.996
  188 (vir)          557.036          -2.920         -14.702         -47.582          586.996
  189 (vir)          561.694          -2.940         -14.419         -47.344          591.680
  190 (vir)          561.694          -2.940         -14.419         -47.344          591.680
  191 (vir)          564.915          -3.053         -14.257         -47.202          594.807
  192 (vir)          762.782          -0.680         -13.009         -46.307          795.400
  193 (vir)         1015.416          -0.752         -15.613         -54.309         1053.359
  194 (vir)         1088.014          -1.495         -29.765         -72.292         1129.046
  195 (vir)         3718.641          -1.038         -53.040        -133.643         3798.207
  196 (vir)         3993.998          -1.772         -14.820         -94.634         4072.041
  197 (vir)         5339.774          -1.834         -17.693        -110.520         5430.767
  198 (vir)        24447.113          -1.347        -109.430        -341.317        24677.652
