 
  kpoint:     0.0000    0.0000    0.0000
 
    n          ϵ_nk^DFT (eV)     Σ^c_nk (eV)     Σ^x_nk (eV)     v_n^xc (eV)   ϵ_nk^G0W0 (eV)
 
    1 (occ)         -268.840          -0.796         -96.862         -61.533         -304.966
    2 (occ)         -268.836          -0.737         -96.851         -61.536         -304.889
    3 (occ)         -268.634          -0.758         -96.863         -61.539         -304.716
    4 (occ)         -268.633          -0.759         -96.864         -61.539         -304.717
    5 (occ)          -19.574           5.792         -25.342         -16.127          -22.998
    6 (occ)          -17.768           4.958         -24.689         -16.079          -21.420
    7 (occ)          -15.377           3.910         -23.754         -15.970          -19.250
    8 (occ)          -14.003           3.252         -22.496         -15.309          -17.939
    9 (occ)          -11.362           1.860         -19.629         -13.847          -15.284
   10 (occ)          -10.307           1.489         -19.745         -14.420          -14.143
   11 (occ)          -10.160           1.453         -19.934         -14.739          -13.902
   12 (occ)           -9.875           1.343         -19.489         -14.170          -13.851
   13 (occ)           -8.809           1.046         -19.586         -14.666          -12.683
   14 (occ)           -8.305           0.931         -19.360         -14.477          -12.257
   15 (occ)           -7.993           0.851         -19.655         -15.275          -11.521
   16 (occ)           -7.663           0.781         -19.481         -15.072          -11.292
   17 (occ)           -7.576           0.784         -18.809         -14.125          -11.476
   18 (vir)            0.148          -1.237          -2.215          -5.428            2.124
   19 (vir)            0.519          -1.087          -1.874          -4.864            2.423
   20 (vir)            0.906          -1.085          -1.682          -4.627            2.766
   21 (vir)            0.983          -1.178          -1.970          -5.102            2.937
   22 (vir)            1.607          -1.077          -1.711          -4.693            3.512
   23 (vir)            1.850          -1.217          -1.947          -5.210            3.896
   24 (vir)            2.190          -1.118          -1.815          -4.822            4.079
   25 (vir)            2.415          -1.341          -2.488          -5.951            4.537
   26 (vir)            2.444          -1.185          -1.831          -5.050            4.479
   27 (vir)            2.715          -1.300          -2.049          -5.507            4.873
   28 (vir)            2.776          -1.128          -1.525          -4.560            4.683
   29 (vir)            3.014          -1.200          -1.748          -4.987            5.052
   30 (vir)            3.809          -1.378          -2.091          -5.622            5.962
   31 (vir)            4.171          -1.099          -1.364          -4.463            6.171
   32 (vir)            4.337          -1.481          -2.241          -5.898            6.513
   33 (vir)            4.405          -1.548          -2.600          -6.427            6.684
   34 (vir)            4.640          -1.444          -2.063          -5.668            6.801
   35 (vir)            5.216          -2.078          -3.749          -8.144            7.532
   36 (vir)            5.367          -1.656          -2.403          -6.199            7.507
   37 (vir)            6.308          -1.302          -1.432          -4.858            8.432
   38 (vir)            6.365          -1.301          -1.469          -4.890            8.485
   39 (vir)            6.399          -2.325          -3.928          -8.694            8.841
   40 (vir)            6.806          -2.291          -3.665          -8.244            9.093
   41 (vir)            6.988          -1.787          -2.643          -6.593            9.151
   42 (vir)            8.047          -2.115          -2.940          -7.438           10.430
   43 (vir)            8.106          -1.965          -2.785          -7.066           10.422
   44 (vir)            8.307          -2.368          -3.745          -8.374           10.567
   45 (vir)            8.342          -1.926          -2.686          -6.856           10.585
   46 (vir)            8.353          -1.946          -2.699          -6.881           10.590
   47 (vir)            8.391          -2.081          -2.965          -7.381           10.726
   48 (vir)            8.457          -2.318          -3.033          -7.474           10.580
   49 (vir)            8.512          -2.434          -3.052          -7.791           10.816
   50 (vir)            9.092          -2.989          -4.201          -9.725           11.627
   51 (vir)            9.121          -2.029          -2.992          -7.320           11.420
   52 (vir)            9.334          -2.740          -3.437          -8.452           11.609
   53 (vir)           11.296          -2.215          -2.314          -7.036           13.804
   54 (vir)           12.254          -1.935          -1.337          -5.590           14.572
   55 (vir)           12.761          -2.862          -2.399          -7.721           15.220
   56 (vir)           12.956          -2.577          -1.992          -7.015           15.402
   57 (vir)           13.770          -2.533          -2.483          -7.617           16.371
   58 (vir)           13.924          -2.174          -1.621          -6.183           16.312
   59 (vir)           14.349          -2.789          -2.613          -7.919           16.866
   60 (vir)           14.366          -2.513          -1.891          -6.933           16.894
   61 (vir)           14.552          -2.782          -2.225          -7.262           16.807
   62 (vir)           15.232          -2.542          -2.673          -7.644           17.662
   63 (vir)           15.622          -2.760          -2.372          -7.674           18.163
   64 (vir)           15.714          -3.060          -2.861          -8.531           18.325
   65 (vir)           16.410          -2.690          -2.370          -7.553           18.904
   66 (vir)           16.580          -2.211          -2.351          -7.549           19.566
   67 (vir)           16.771          -2.463          -2.582          -7.955           19.680
   68 (vir)           17.755          -2.689          -1.755          -6.927           20.239
   69 (vir)           18.035          -3.322          -2.562          -8.452           20.603
   70 (vir)           18.229          -2.361          -1.894          -6.912           20.886
   71 (vir)           18.619          -2.652          -1.719          -7.006           21.254
   72 (vir)           18.645          -2.719          -1.459          -6.775           21.241
   73 (vir)           19.326          -2.069          -2.246          -7.946           22.957
   74 (vir)           20.189          -2.709          -1.624          -7.143           22.999
   75 (vir)           20.404          -3.990          -2.607          -9.109           22.915
   76 (vir)           20.557          -2.947          -1.509          -6.909           23.010
   77 (vir)           20.773          -2.845          -1.702          -7.348           23.574
   78 (vir)           20.931          -3.214          -2.084          -7.740           23.373
   79 (vir)           21.186          -3.618          -2.114          -8.171           23.624
   80 (vir)           21.428          -2.808          -2.034          -7.641           24.227
   81 (vir)           21.570          -2.901          -1.771          -7.106           24.003
   82 (vir)           21.785          -3.850          -2.351          -8.210           23.794
   83 (vir)           22.226          -2.889          -2.005          -7.566           24.898
   84 (vir)           22.259          -3.118          -2.373          -8.217           24.985
   85 (vir)           23.355          -2.894          -2.097          -8.063           26.426
   86 (vir)           23.550          -4.118          -2.215          -8.158           25.375
   87 (vir)           23.956          -2.892          -2.066          -7.808           26.806
   88 (vir)           24.033          -3.227          -1.726          -7.291           26.371
   89 (vir)           24.354          -3.642          -2.027          -7.902           26.587
   90 (vir)           24.360          -2.568          -1.680          -7.191           27.303
   91 (vir)           25.412          -2.881          -1.522          -7.241           28.251
   92 (vir)           25.680          -2.907          -2.023          -8.163           28.914
   93 (vir)           25.919          -2.649          -1.198          -6.856           28.928
   94 (vir)           25.924          -2.876          -1.354          -6.726           28.421
   95 (vir)           26.147          -3.381          -1.563          -7.435           28.638
   96 (vir)           26.303          -2.937          -1.447          -6.968           28.887
   97 (vir)           26.392          -3.036          -1.447          -7.027           28.936
   98 (vir)           27.292          -2.884          -1.187          -6.615           29.835
   99 (vir)           28.248          -3.346          -1.695          -7.532           30.739
  100 (vir)           28.343          -3.140          -1.697          -7.590           31.096
  101 (vir)           28.651          -2.625          -0.858          -6.118           31.286
  102 (vir)           29.451          -2.013          -1.250          -6.959           33.147
  103 (vir)           29.919          -4.183          -2.308          -9.106           32.533
  104 (vir)           30.218          -3.206          -1.488          -7.226           32.751
  105 (vir)           31.186          -3.543          -1.626          -7.685           33.701
  106 (vir)           31.305          -3.374          -1.684          -7.723           33.971
  107 (vir)           32.567          -3.414          -1.466          -7.339           35.026
  108 (vir)           32.990          -3.751          -1.777          -8.227           35.688
  109 (vir)           33.256          -3.262          -1.481          -7.919           36.432
  110 (vir)           33.278          -2.837          -1.537          -7.646           36.549
  111 (vir)           34.239          -3.242          -1.112          -6.741           36.625
  112 (vir)           34.525          -3.035          -1.215          -7.026           37.301
  113 (vir)           34.856          -1.829          -1.241          -7.346           39.133
  114 (vir)           35.236          -3.729          -1.285          -7.496           37.717
  115 (vir)           35.931          -3.536          -1.193          -7.154           38.356
  116 (vir)           35.973          -2.161          -1.035          -6.594           39.370
  117 (vir)           37.698          -3.584          -1.601          -8.103           40.616
  118 (vir)           38.102          -3.433          -1.349          -7.408           40.727
  119 (vir)           38.199          -3.502          -1.572          -7.971           41.096
  120 (vir)           38.312          -3.581          -1.299          -7.562           40.995
  121 (vir)           38.392          -2.975          -1.387          -7.402           41.432
  122 (vir)           38.592          -3.721          -1.674          -8.107           41.305
  123 (vir)           39.893          -4.907          -2.062          -9.560           42.484
  124 (vir)           40.669          -4.208          -1.838          -8.781           43.404
  125 (vir)           40.827           1.467          -1.726          -8.788           49.357
  126 (vir)           41.048          -4.473          -1.201          -7.065           42.439
  127 (vir)           41.963          -3.243          -1.336          -7.468           44.851
  128 (vir)           43.644          -3.629          -2.156          -9.956           47.815
  129 (vir)           45.969          -3.104          -3.017         -11.797           51.645
  130 (vir)           46.714          -1.128          -3.265         -12.353           54.675
  131 (vir)           47.068          -4.482          -2.065         -10.116           50.637
  132 (vir)           47.807          -1.564          -2.018         -10.149           54.374
  133 (vir)           48.250          -3.421          -2.071         -10.261           53.018
  134 (vir)           48.285          -4.435          -2.837         -11.604           52.617
  135 (vir)           49.217          -1.849          -2.303         -10.878           55.944
  136 (vir)           49.516          -3.425          -2.391         -10.867           54.566
  137 (vir)           50.023          -2.114          -2.282         -10.670           56.296
  138 (vir)           50.486          -4.087          -2.537         -10.948           54.810
  139 (vir)           51.552          -2.211          -2.453         -11.183           58.072
  140 (vir)           51.957          -4.634          -2.476         -11.119           55.966
  141 (vir)           52.107           2.265          -2.430         -11.014           62.957
  142 (vir)           52.589          -5.163          -2.455         -11.363           56.334
  143 (vir)           52.604          -2.857          -2.252         -10.888           58.383
  144 (vir)           52.834          -4.307          -2.320         -10.998           57.205
  145 (vir)           52.885          -4.768          -2.269         -10.844           56.693
  146 (vir)           53.364          -3.906          -2.597         -11.541           58.401
  147 (vir)           53.467          -1.957          -1.852         -10.000           59.658
  148 (vir)           53.708          -3.344          -1.764          -9.986           58.586
  149 (vir)           53.873          -3.179          -2.369         -11.093           59.418
  150 (vir)           53.906          -0.108          -2.365         -11.190           62.623
  151 (vir)           54.381           2.094          -2.533         -11.351           65.294
  152 (vir)           54.494          -5.220          -2.505         -11.486           58.255
  153 (vir)           54.599          -4.236          -1.799          -9.929           58.492
  154 (vir)           55.231          -5.374          -1.841         -10.211           58.227
  155 (vir)           55.982          -0.496          -2.593         -11.670           64.563
  156 (vir)           56.233          -4.501          -1.827         -10.063           59.968
  157 (vir)           56.311           2.347          -2.010         -10.550           67.198
  158 (vir)           56.435          -2.360          -2.218         -11.015           62.872
  159 (vir)           56.454          -0.138          -1.941         -10.437           64.811
  160 (vir)           57.081          -4.943          -1.999         -10.651           60.790
  161 (vir)           57.551          -2.373          -1.811         -10.197           63.563
  162 (vir)           57.760          -2.973          -1.309          -9.400           62.878
  163 (vir)           59.167          -5.560          -2.080         -10.923           62.450
  164 (vir)           59.252           0.251          -1.215          -9.099           67.387
  165 (vir)           59.544          -5.175          -1.861         -10.450           62.957
  166 (vir)           59.563          -5.681          -2.624         -11.439           62.698
  167 (vir)           59.630          -4.279          -1.532          -9.850           63.669
  168 (vir)           60.885          -5.002          -2.253         -11.101           64.730
  169 (vir)           62.031          -4.387          -1.747         -10.411           66.308
  170 (vir)           62.038           2.160          -1.430          -9.755           72.524
  171 (vir)           62.124          -4.908          -2.190         -10.828           65.852
  172 (vir)           63.056          -4.476          -1.380          -9.600           66.800
  173 (vir)           63.281          -4.141          -1.675         -10.238           67.704
  174 (vir)           63.998          -3.287          -1.266          -9.408           68.852
  175 (vir)           64.501          -1.717          -1.923         -10.657           71.518
  176 (vir)           65.691           2.352          -1.573         -10.164           76.634
  177 (vir)           65.829          -2.537          -1.819         -10.666           72.140
  178 (vir)           65.922          -3.875          -1.372          -9.613           70.288
  179 (vir)           66.494          -2.690          -1.534         -10.145           72.415
  180 (vir)           66.558           2.482          -2.101         -11.068           78.007
  181 (vir)           66.687           0.023          -1.378          -9.710           75.042
  182 (vir)           67.500          -3.791          -1.334          -9.739           72.114
  183 (vir)           67.700           3.503          -1.824         -10.336           79.716
  184 (vir)           68.145          -4.524          -1.260          -9.609           71.969
  185 (vir)           68.948           3.078          -1.732         -10.605           80.899
  186 (vir)           69.223           2.687          -1.471         -10.030           80.469
  187 (vir)           69.719           2.702          -1.456          -9.950           80.914
  188 (vir)           70.143           1.186          -1.445         -10.150           80.033
  189 (vir)           71.145           2.841          -1.288          -9.591           82.289
  190 (vir)           71.463           3.174          -1.969         -11.233           83.901
  191 (vir)           72.307          -2.269          -1.428         -10.134           78.743
  192 (vir)           72.593           2.226          -1.908         -10.590           83.500
  193 (vir)           72.679          -1.312          -1.898         -11.005           80.474
  194 (vir)           72.732           2.689          -1.320          -9.762           83.863
  195 (vir)           73.874          -4.468          -1.259          -9.676           77.823
  196 (vir)           74.133           2.526          -1.553         -10.319           85.425
  197 (vir)           74.408           2.088          -1.501         -10.224           85.219
  198 (vir)           75.227           2.397          -1.537         -10.345           86.431
  199 (vir)           75.336           1.282          -1.510         -10.304           85.411
  200 (vir)           76.057           0.544          -1.204          -9.552           84.949
  201 (vir)           76.064          -3.728          -0.963          -9.211           80.585
  202 (vir)           76.364          -2.648          -2.018         -11.340           83.037
  203 (vir)           76.543           2.817          -1.324         -10.025           88.061
  204 (vir)           76.864           0.623          -1.127          -9.417           85.777
  205 (vir)           77.196          -1.921          -1.508         -10.405           84.173
  206 (vir)           77.843          -4.536          -1.277          -9.814           81.844
  207 (vir)           77.844          -1.479          -1.248          -9.785           84.903
  208 (vir)           78.555           1.190          -1.884         -11.347           89.208
  209 (vir)           78.557          -0.933          -1.740         -10.981           86.865
  210 (vir)           78.670          -1.597          -1.204          -9.855           85.725
  211 (vir)           79.298          -1.161          -1.351         -10.088           86.875
  212 (vir)           79.660           0.752          -1.544         -10.605           89.474
  213 (vir)           80.341           2.577          -1.330         -10.090           91.677
  214 (vir)           80.632           2.505          -1.582         -10.782           92.337
  215 (vir)           81.267          -1.199          -1.434         -10.399           89.034
  216 (vir)           81.410           2.110          -0.948          -9.309           91.880
  217 (vir)           82.275          -3.826          -1.619         -10.925           87.754
  218 (vir)           83.058           1.744          -1.347         -10.281           93.737
  219 (vir)           83.470          -0.457          -1.142          -9.710           91.581
  220 (vir)           83.499           2.420          -1.007          -9.357           94.269
  221 (vir)           83.909           0.229          -1.346         -10.306           93.099
  222 (vir)           85.851          -3.914          -1.495         -10.735           91.177
  223 (vir)           85.874          -3.718          -1.484         -10.773           91.446
  224 (vir)           85.916          -3.653          -1.261          -9.970           90.972
  225 (vir)           86.549          -0.527          -1.940         -11.649           95.732
  226 (vir)           86.852           2.409          -1.322         -10.284           98.223
  227 (vir)           87.738          -4.399          -1.067          -9.580           91.852
  228 (vir)           87.976          -0.290          -1.626         -11.110           97.169
  229 (vir)           89.540           1.858          -1.206          -9.980          100.172
  230 (vir)           89.902          -2.231          -1.398         -10.551           96.824
  231 (vir)           90.245          -4.848          -1.764         -11.408           95.041
  232 (vir)           90.619           1.726          -2.019         -11.981          102.308
  233 (vir)           90.635          -1.711          -1.274         -10.571           98.222
  234 (vir)           90.680           2.365          -2.021         -12.054          103.079
  235 (vir)           91.484           1.216          -2.036         -11.783          102.447
  236 (vir)           91.974           3.022          -1.992         -12.191          105.195
  237 (vir)           92.905          -3.424          -1.871         -11.940           99.551
  238 (vir)           93.710           2.513          -1.549         -11.150          105.824
  239 (vir)           94.629          -2.523          -2.669         -13.666          103.103
  240 (vir)           95.166           2.781          -2.424         -12.925          108.449
  241 (vir)           96.595           5.142          -2.734         -13.519          112.522
  242 (vir)           97.881           2.471          -1.983         -11.695          110.064
  243 (vir)           98.131           2.227          -2.078         -12.705          110.985
  244 (vir)           98.340           3.324          -2.448         -13.025          112.241
  245 (vir)           98.607           2.723          -1.790         -11.714          111.253
  246 (vir)           99.163           0.297          -2.203         -12.908          110.164
  247 (vir)           99.851           3.472          -2.455         -13.815          114.683
  248 (vir)          101.113           2.882          -2.033         -12.732          114.695
  249 (vir)          101.217           2.530          -1.553         -11.807          114.000
  250 (vir)          101.528          -6.246          -1.712         -12.124          105.694
  251 (vir)          102.373           5.140          -1.847         -12.069          117.736
  252 (vir)          102.672           1.217          -1.453         -11.426          113.863
  253 (vir)          103.742           2.193          -1.591         -11.623          115.967
  254 (vir)          104.065          -2.756          -1.558         -11.710          111.461
  255 (vir)          104.177           1.837          -1.438         -11.392          115.968
  256 (vir)          104.563          -2.087          -1.424         -11.388          112.441
  257 (vir)          105.086           2.526          -1.652         -11.833          117.793
  258 (vir)          106.656          -6.282          -1.823         -12.699          111.250
  259 (vir)          107.230          -7.238          -1.601         -12.216          110.606
  260 (vir)          107.411           1.151          -1.747         -12.500          119.315
  261 (vir)          108.530           2.521          -1.433         -11.787          121.404
  262 (vir)          108.846           3.747          -1.903         -12.753          123.443
  263 (vir)          109.206           2.589          -2.177         -13.556          123.174
  264 (vir)          111.555           1.072          -1.866         -13.263          124.024
  265 (vir)          112.145          -4.103          -2.115         -13.845          119.772
  266 (vir)          114.354           0.972          -1.723         -12.915          126.518
  267 (vir)          115.159          -1.717          -1.822         -13.246          124.867
  268 (vir)          115.830           2.516          -1.842         -13.281          129.785
  269 (vir)          116.134           2.827          -2.127         -13.667          130.501
  270 (vir)          124.028           4.028          -3.329         -16.863          141.590
  271 (vir)          125.084          -0.004          -3.244         -16.797          138.632
  272 (vir)          125.862           5.613          -3.245         -16.801          145.030
  273 (vir)          133.138          -3.331          -1.831         -14.282          142.257
  274 (vir)          134.779          -6.769          -2.044         -14.917          140.884
  275 (vir)          136.605          -2.663          -1.633         -13.976          146.285
  276 (vir)          136.977          -2.097          -1.771         -14.325          147.434
  277 (vir)          137.504          -4.303          -1.930         -14.682          145.954
  278 (vir)          140.715          -4.877          -1.907         -14.668          148.598
  279 (vir)          142.233          -0.520          -1.931         -14.866          154.647
  280 (vir)          143.845          -2.107          -1.624         -14.008          154.122
  281 (vir)          144.101          -0.449          -1.617         -13.937          155.973
  282 (vir)          145.972          -5.457          -1.780         -14.396          153.130
  283 (vir)          146.188          -4.030          -1.682         -14.148          154.624
  284 (vir)          147.096          -5.026          -1.883         -14.870          155.057
  285 (vir)          147.112          -0.570          -1.615         -13.988          158.915
  286 (vir)          147.938          -1.840          -1.552         -13.742          158.287
  287 (vir)          148.163          -9.323          -2.082         -15.309          152.067
  288 (vir)          148.317          -3.287          -1.669         -14.209          157.570
  289 (vir)          149.203           0.570          -1.561         -13.905          162.117
  290 (vir)          150.306          -3.245          -1.419         -13.409          159.052
  291 (vir)          153.431          -0.908          -1.437         -13.526          164.612
  292 (vir)          153.789          -1.962          -1.332         -13.292          163.787
  293 (vir)          154.507          -0.964          -1.531         -13.915          165.926
  294 (vir)          154.633          -1.022          -1.637         -14.367          166.342
  295 (vir)          154.982           1.292          -1.616         -14.286          168.944
  296 (vir)          155.655          -0.148          -1.515         -13.793          167.785
  297 (vir)          155.860           1.350          -1.477         -13.890          169.624
  298 (vir)          156.288           1.369          -1.491         -13.840          170.006
  299 (vir)          156.843           2.505          -1.251         -13.094          171.191
  300 (vir)          156.966           2.288          -1.556         -14.079          171.776
  301 (vir)          157.258           0.313          -1.285         -13.116          169.402
  302 (vir)          157.296          -0.383          -1.611         -14.086          169.389
  303 (vir)          158.062           6.363          -1.610         -14.227          177.040
  304 (vir)          158.493         -11.092          -1.437         -13.691          159.654
  305 (vir)          158.653           1.170          -1.438         -13.557          171.942
  306 (vir)          158.748          -2.156          -1.437         -13.576          168.731
  307 (vir)          159.214           2.103          -1.417         -13.616          173.516
  308 (vir)          159.885           1.506          -0.927         -11.977          172.440
  309 (vir)          160.283           1.049          -0.791         -11.509          172.049
  310 (vir)          160.548           2.151          -1.619         -14.163          175.243
  311 (vir)          160.833          -5.118          -1.735         -14.525          168.506
  312 (vir)          162.168           0.912          -1.612         -14.224          175.692
  313 (vir)          162.594           1.067          -1.477         -13.973          176.158
  314 (vir)          163.089           1.911          -1.679         -14.572          177.893
  315 (vir)          163.444          -0.814          -1.534         -14.032          175.129
  316 (vir)          163.680           2.029          -1.114         -12.774          177.369
  317 (vir)          164.322           2.293          -1.035         -12.384          177.964
  318 (vir)          164.492          -0.413          -1.382         -13.623          176.321
  319 (vir)          164.518           0.307          -1.388         -13.628          177.064
  320 (vir)          164.648           2.354          -1.456         -14.105          179.652
  321 (vir)          165.300           1.682          -1.633         -14.502          179.851
  322 (vir)          165.475           2.472          -1.368         -13.809          180.388
  323 (vir)          166.156          -1.354          -1.320         -13.296          176.779
  324 (vir)          166.436           1.148          -1.360         -13.461          179.685
  325 (vir)          166.619           2.263          -1.161         -13.001          180.723
  326 (vir)          167.005           2.056          -1.234         -13.212          181.039
  327 (vir)          167.115           2.059          -1.293         -13.434          181.316
  328 (vir)          168.185           1.359          -1.332         -13.500          181.712
  329 (vir)          169.223           1.342          -1.400         -13.736          182.902
  330 (vir)          169.403           2.562          -1.331         -13.559          184.194
  331 (vir)          169.852           2.183          -1.187         -13.121          183.968
  332 (vir)          170.233           1.331          -1.287         -13.414          183.690
  333 (vir)          170.719           2.626          -1.247         -13.400          185.498
  334 (vir)          171.012           2.560          -1.212         -13.195          185.555
  335 (vir)          171.277          -6.252          -1.577         -14.688          178.137
  336 (vir)          171.536           1.436          -1.503         -14.070          185.538
  337 (vir)          172.174           1.514          -1.531         -13.725          185.883
  338 (vir)          172.580           0.158          -1.199         -12.971          184.511
  339 (vir)          172.782           1.019          -1.398         -14.007          186.411
  340 (vir)          173.383           1.559          -1.401         -13.552          187.093
  341 (vir)          173.764          -0.758          -1.358         -13.734          185.382
  342 (vir)          174.247           1.779          -1.609         -14.618          189.035
  343 (vir)          174.701           1.498          -1.391         -13.917          188.725
  344 (vir)          174.953           0.855          -1.329         -13.775          188.253
  345 (vir)          175.772           2.324          -1.480         -14.147          190.764
  346 (vir)          176.238           1.293          -1.673         -14.743          190.601
  347 (vir)          177.054          -3.731          -1.413         -14.026          185.936
  348 (vir)          178.037         -10.418          -1.744         -15.276          181.150
  349 (vir)          178.566           0.665          -1.306         -13.610          191.536
  350 (vir)          179.318           2.990          -1.850         -15.502          195.959
  351 (vir)          179.344          -4.796          -1.691         -15.136          187.993
  352 (vir)          180.315           2.323          -1.692         -15.192          196.138
  353 (vir)          180.474           2.388          -1.592         -14.788          196.058
  354 (vir)          180.635          -3.887          -1.444         -14.573          189.877
  355 (vir)          181.490           0.788          -1.521         -14.402          195.159
  356 (vir)          182.716          -6.423          -1.230         -13.608          188.671
  357 (vir)          183.345           2.734          -1.932         -15.390          199.537
  358 (vir)          183.544           1.966          -1.515         -14.653          198.648
  359 (vir)          184.495           2.121          -2.630         -16.507          200.493
  360 (vir)          184.918           1.592          -1.014         -12.843          198.339
  361 (vir)          185.336           1.238          -1.788         -15.097          199.882
  362 (vir)          186.495           1.772          -1.260         -13.722          200.730
  363 (vir)          186.991           2.013          -2.368         -16.097          202.733
  364 (vir)          187.527           6.971          -1.227         -13.906          207.177
  365 (vir)          187.631           1.361          -1.509         -14.539          202.022
  366 (vir)          187.720           0.527          -1.809         -14.931          201.368
  367 (vir)          188.469           0.665          -1.530         -14.421          202.026
  368 (vir)          189.930           0.895          -2.955         -16.853          204.723
  369 (vir)          190.522           3.115          -1.796         -15.169          207.010
  370 (vir)          192.137           1.574          -1.598         -14.433          206.547
  371 (vir)          192.781           2.183          -1.796         -15.091          208.259
  372 (vir)          193.164           1.108          -2.419         -15.895          207.748
  373 (vir)          193.577           2.034          -1.358         -14.102          208.355
  374 (vir)          194.088           1.824          -1.121         -13.532          208.323
  375 (vir)          196.215           3.710          -2.532         -15.925          213.318
  376 (vir)          196.497           2.495          -2.154         -15.617          212.454
  377 (vir)          197.367           1.813          -1.304         -14.005          211.881
  378 (vir)          197.512           5.605          -1.260         -14.189          216.046
  379 (vir)          198.117           1.480          -1.520         -14.726          212.803
  380 (vir)          198.419           1.820          -1.115         -13.827          212.951
  381 (vir)          199.375           1.792          -1.124         -13.700          213.743
  382 (vir)          199.993           4.342          -1.410         -14.345          217.271
  383 (vir)          200.732           0.716          -1.424         -14.214          214.238
  384 (vir)          200.970           1.167          -1.121         -13.875          214.891
  385 (vir)          201.271           1.446          -1.302         -14.083          215.499
  386 (vir)          201.988           2.740          -1.152         -13.767          217.344
  387 (vir)          202.083           2.251          -1.249         -14.146          217.230
  388 (vir)          202.776           2.487          -1.329         -13.861          217.794
  389 (vir)          203.045           4.318          -1.206         -13.960          220.118
  390 (vir)          203.388           4.978          -1.289         -13.931          221.009
  391 (vir)          203.894           2.659          -1.101         -13.828          219.279
  392 (vir)          204.053           2.593          -1.511         -14.241          219.376
  393 (vir)          204.908           1.735          -1.114         -13.535          219.064
  394 (vir)          204.972           1.769          -0.999         -13.240          218.982
  395 (vir)          205.180           2.502          -1.160         -13.736          220.258
  396 (vir)          206.184           2.320          -1.261         -14.022          221.265
  397 (vir)          206.598           0.565          -1.353         -14.086          219.896
  398 (vir)          207.328           1.291          -0.947         -13.000          220.672
  399 (vir)          207.473           1.863          -1.019         -13.405          221.721
  400 (vir)          208.103           1.699          -0.821         -12.522          221.504
  401 (vir)          208.230           0.507          -1.039         -13.381          221.079
  402 (vir)          208.325           2.434          -1.156         -13.749          223.352
  403 (vir)          209.599           3.179          -0.966         -13.226          225.038
  404 (vir)          209.823           2.893          -1.159         -13.789          225.347
  405 (vir)          210.168           4.353          -0.987         -13.384          226.917
  406 (vir)          211.094           1.110          -1.187         -13.921          224.938
  407 (vir)          211.191           4.482          -1.010         -13.443          228.105
  408 (vir)          211.896           2.421          -1.215         -14.038          227.140
  409 (vir)          212.121           0.541          -1.241         -14.062          225.484
  410 (vir)          212.230           3.002          -0.976         -13.220          227.477
  411 (vir)          212.747           2.959          -0.890         -12.792          227.608
  412 (vir)          212.951           2.605          -1.135         -13.598          228.019
  413 (vir)          213.410           2.995          -1.438         -13.770          228.738
  414 (vir)          214.026           3.690          -0.829         -12.640          229.526
  415 (vir)          214.062           1.787          -1.045         -13.538          228.342
  416 (vir)          214.988           2.221          -1.039         -13.326          229.496
  417 (vir)          215.108           2.294          -1.184         -13.787          230.005
  418 (vir)          215.116           0.335          -1.028         -13.038          227.461
  419 (vir)          215.815           1.263          -1.986         -15.458          230.550
  420 (vir)          216.381           0.216          -2.084         -15.721          230.234
  421 (vir)          216.465           1.570          -0.993         -13.470          230.513
  422 (vir)          217.063           2.057          -1.335         -13.866          231.651
  423 (vir)          218.231           1.476          -1.319         -13.955          232.343
  424 (vir)          219.602           3.651          -0.879         -13.037          235.411
  425 (vir)          220.494           2.947          -0.810         -12.723          235.355
  426 (vir)          221.352           2.541          -1.483         -14.824          237.233
  427 (vir)          221.869           1.683          -1.539         -14.822          236.835
  428 (vir)          223.780           4.766          -1.785         -15.891          242.654
  429 (vir)          223.986           4.521          -1.802         -16.060          242.766
  430 (vir)          224.132           1.792          -1.273         -14.513          239.165
  431 (vir)          224.868           2.937          -1.468         -15.071          241.408
  432 (vir)          225.250           1.023          -1.335         -14.274          239.212
  433 (vir)          225.797           1.610          -0.947         -13.352          239.812
  434 (vir)          225.948           2.316          -1.289         -14.579          241.555
  435 (vir)          226.129           1.861          -1.002         -13.382          240.369
  436 (vir)          226.172           1.890          -1.029         -13.559          240.592
  437 (vir)          226.631           2.010          -1.023         -13.824          241.442
  438 (vir)          227.125           3.069          -1.071         -13.934          243.057
  439 (vir)          227.580           2.383          -0.948         -13.596          242.612
  440 (vir)          227.777           1.852          -1.046         -13.790          242.372
  441 (vir)          227.956           2.259          -0.977         -13.708          242.946
  442 (vir)          228.254           2.370          -1.318         -14.423          243.728
  443 (vir)          228.646           1.045          -1.318         -14.038          242.411
  444 (vir)          228.758           4.450          -1.151         -14.068          246.126
  445 (vir)          229.486           4.663          -0.946         -13.576          246.779
  446 (vir)          229.899           4.602          -1.480         -15.034          248.056
  447 (vir)          230.082           2.504          -1.344         -14.018          245.260
  448 (vir)          230.199           2.438          -1.148         -14.415          245.904
  449 (vir)          230.320           5.691          -0.978         -13.431          248.465
  450 (vir)          232.133           2.291          -1.103         -14.414          247.735
  451 (vir)          233.176           3.258          -1.424         -14.120          249.129
  452 (vir)          233.211           3.495          -1.031         -14.021          249.697
  453 (vir)          233.417           4.397          -1.304         -14.136          250.646
  454 (vir)          234.396           2.561          -1.130         -14.400          250.227
  455 (vir)          235.207           3.134          -0.896         -13.443          250.887
  456 (vir)          235.309           1.224          -1.322         -14.537          249.748
  457 (vir)          236.881           1.846          -1.169         -14.140          251.698
  458 (vir)          237.065           1.678          -1.226         -14.415          251.932
  459 (vir)          238.534           2.600          -0.887         -13.381          253.627
  460 (vir)          239.070           2.779          -0.921         -13.460          254.388
  461 (vir)          239.337           1.755          -1.196         -14.416          254.312
  462 (vir)          240.390           2.589          -0.960         -13.639          255.657
  463 (vir)          240.864           3.897          -0.900         -13.455          257.317
  464 (vir)          241.280           1.622          -1.407         -15.070          256.565
  465 (vir)          241.684           3.792          -1.179         -14.231          258.528
  466 (vir)          242.323           1.601          -1.109         -14.215          257.029
  467 (vir)          242.649           2.583          -1.037         -14.152          258.347
  468 (vir)          243.037           2.457          -1.064         -14.293          258.723
  469 (vir)          243.992           2.238          -0.953         -13.585          258.862
  470 (vir)          244.605           2.531          -1.120         -13.946          259.962
  471 (vir)          245.360           3.907          -0.918         -13.803          262.152
  472 (vir)          245.817           2.653          -0.988         -13.678          261.160
  473 (vir)          245.915           2.418          -0.951         -13.644          261.026
  474 (vir)          247.979           2.173          -1.950         -16.179          264.382
  475 (vir)          248.422           1.888          -0.980         -14.040          263.369
  476 (vir)          249.388           1.944          -0.938         -13.934          264.329
  477 (vir)          249.532           1.673          -2.750         -18.058          266.512
  478 (vir)          254.152          -0.072          -3.209         -19.101          269.973
  479 (vir)          255.964           1.826          -2.358         -16.910          272.342
  480 (vir)          257.771           2.332          -1.686         -16.514          274.931
  481 (vir)          258.309           2.715          -2.066         -16.454          275.412
  482 (vir)          258.462           2.572          -1.727         -16.556          275.863
  483 (vir)          260.114           1.908          -1.809         -16.723          276.936
  484 (vir)          260.736           2.003          -1.573         -16.057          277.223
  485 (vir)          260.939           2.942          -1.692         -16.480          278.669
  486 (vir)          261.855           2.514          -1.647         -16.244          278.966
  487 (vir)          263.074           3.067          -1.223         -15.099          280.017
  488 (vir)          263.627           1.606          -1.387         -14.809          278.656
  489 (vir)          263.810           1.609          -1.238         -14.955          279.135
  490 (vir)          266.166           1.824          -0.907         -14.182          281.265
  491 (vir)          266.346           2.083          -0.914         -14.182          281.698
  492 (vir)          266.555           1.275          -0.951         -14.324          281.203
  493 (vir)          266.974           1.995          -0.951         -14.391          282.409
  494 (vir)          267.243           1.686          -1.058         -14.878          282.748
  495 (vir)          268.108           2.665          -1.185         -15.422          285.010
  496 (vir)          269.703           1.808          -1.462         -16.156          286.205
  497 (vir)          271.293           2.476          -1.189         -15.381          287.961
  498 (vir)          272.370           3.581          -1.194         -15.548          290.306
  499 (vir)          273.035           3.283          -1.020         -14.930          290.229
  500 (vir)          274.387           2.445          -1.028         -14.982          290.786
  501 (vir)          275.771           2.525          -1.317         -15.660          292.640
  502 (vir)          276.960           0.930          -1.189         -15.389          292.089
  503 (vir)          277.750           2.150          -1.104         -15.312          294.108
  504 (vir)          278.664           2.986          -1.103         -15.275          295.822
  505 (vir)          278.832           1.105          -1.136         -15.209          294.010
  506 (vir)          279.370           1.840          -1.096         -15.176          295.289
  507 (vir)          280.047           2.306          -1.095         -15.180          296.438
  508 (vir)          282.567           2.142          -1.059         -15.103          298.753
  509 (vir)          285.735           2.475          -1.050         -15.285          302.445
  510 (vir)          286.370           3.793          -1.045         -15.209          304.327
  511 (vir)          321.062           1.834          -1.365         -16.292          337.823
  512 (vir)          322.652           2.020          -1.388         -16.384          339.669
  513 (vir)          326.358           1.842          -1.393         -16.443          343.250
  514 (vir)          326.504           1.829          -1.420         -16.479          343.391
  515 (vir)          329.294           1.992          -1.479         -16.647          346.453
  516 (vir)          329.509           1.962          -1.487         -16.793          346.778
  517 (vir)          349.465           2.325          -2.724         -19.346          368.412
  518 (vir)          352.133           2.224          -2.563         -19.049          370.841
  519 (vir)          355.888           2.069          -2.811         -19.522          374.668
  520 (vir)          356.992           2.263          -2.856         -19.621          376.020
  521 (vir)          783.303           1.173         -12.557         -45.765          817.684
  522 (vir)          783.537           1.146         -12.518         -45.650          817.815
  523 (vir)          785.703           1.165         -12.507         -45.693          820.055
  524 (vir)          788.066           1.154         -12.457         -45.610          822.372
  525 (vir)         4014.722           0.695         -14.658         -94.438         4095.197
  526 (vir)         4015.793           0.690         -14.658         -94.439         4096.265
  527 (vir)         4017.208           0.695         -14.649         -94.432         4097.686
  528 (vir)         4019.780           0.694         -14.641         -94.426         4100.258
