 
  kpoint:     0.0000    0.0000    0.0000
 
    n          ϵ_nk^DFT (eV)     Σ^c_nk (eV)     Σ^x_nk (eV)     v_n^xc (eV)   ϵ_nk^G0W0 (eV)
 
    1 (occ)         -508.390           2.773        -132.578         -83.733         -554.461
    2 (occ)         -105.531           2.986         -61.933         -39.699         -124.779
    3 (occ)          -20.920           7.935         -33.338         -21.915          -24.408
    4 (occ)           -6.866           2.599         -24.934         -18.757          -10.443
    5 (occ)           -6.132           2.208         -22.096         -16.872           -9.149
    6 (occ)           -6.132           2.208         -22.096         -16.872           -9.149
    7 (vir)           -4.795          -1.339          -2.636          -6.434           -2.336
    8 (vir)           -0.551          -0.842          -3.184          -6.383            1.807
    9 (vir)           -0.551          -0.842          -3.184          -6.383            1.807
   10 (vir)            0.998          -0.453          -0.697          -2.599            2.447
   11 (vir)            1.325          -0.680          -0.473          -2.684            2.856
   12 (vir)            2.709          -0.747          -1.038          -3.858            4.781
   13 (vir)            2.709          -0.747          -1.038          -3.858            4.781
   14 (vir)            4.437          -0.472          -0.498          -3.260            6.726
   15 (vir)            4.437          -0.472          -0.498          -3.260            6.726
   16 (vir)            4.850          -0.637          -1.055          -3.658            6.817
   17 (vir)            5.626          -1.077          -1.607          -4.687            7.630
   18 (vir)            5.626          -1.077          -1.607          -4.687            7.630
   19 (vir)            7.573          -0.917          -1.896          -5.194            9.954
   20 (vir)           10.908          -0.996          -1.439          -5.084           13.558
   21 (vir)           11.221          -1.562          -1.775          -5.632           13.516
   22 (vir)           11.221          -1.562          -1.775          -5.632           13.516
   23 (vir)           13.112          -1.332          -1.325          -5.620           16.075
   24 (vir)           14.676          -1.663          -1.696          -7.163           18.480
   25 (vir)           14.676          -1.663          -1.696          -7.163           18.480
   26 (vir)           18.117          -2.671          -4.395         -11.175           22.227
   27 (vir)           23.287          -1.455          -2.107          -8.300           28.025
   28 (vir)           23.288          -1.455          -2.107          -8.300           28.025
   29 (vir)           23.360          -1.137          -1.579          -6.889           27.533
   30 (vir)           23.360          -1.137          -1.579          -6.889           27.533
   31 (vir)           24.612          -0.396          -1.090          -6.388           29.515
   32 (vir)           24.612          -0.396          -1.090          -6.388           29.515
   33 (vir)           25.795          -1.402          -2.713          -8.256           29.936
   34 (vir)           26.355          -0.688          -0.554          -5.826           30.938
   35 (vir)           26.355          -0.688          -0.554          -5.826           30.938
   36 (vir)           29.425          -1.197          -1.653          -6.734           33.308
   37 (vir)           31.630          -0.836          -2.125          -8.157           36.826
   38 (vir)           31.630          -0.836          -2.125          -8.157           36.826
   39 (vir)           35.961          -0.631          -3.656         -10.960           42.634
   40 (vir)           37.517          -0.938          -2.198          -9.225           43.606
   41 (vir)           37.517          -0.938          -2.198          -9.225           43.606
   42 (vir)           39.687          -2.838          -3.983         -12.578           45.444
   43 (vir)           39.687          -2.838          -3.983         -12.578           45.444
   44 (vir)           44.660          -1.965          -4.233         -13.497           51.958
   45 (vir)           50.044          -0.378          -2.129         -10.049           57.585
   46 (vir)           50.044          -0.378          -2.129         -10.049           57.585
   47 (vir)           60.793          -1.018          -3.136         -12.436           69.075
   48 (vir)           71.842          -1.044          -4.648         -14.640           80.790
   49 (vir)           85.181          -1.504          -2.529         -13.581           94.729
   50 (vir)           85.181          -1.504          -2.529         -13.581           94.729
   51 (vir)           89.380          -1.451          -3.001         -14.456           99.383
   52 (vir)           89.380          -1.451          -3.001         -14.456           99.383
   53 (vir)           91.985          -2.170          -6.090         -18.282          102.006
   54 (vir)           92.618          -1.200          -3.958         -16.118          103.577
   55 (vir)           92.618          -1.200          -3.958         -16.118          103.577
   56 (vir)          105.537          -1.770          -4.782         -18.114          117.099
   57 (vir)          105.537          -1.770          -4.782         -18.114          117.099
   58 (vir)          107.446          -0.405          -5.596         -19.162          120.607
   59 (vir)          114.102          -1.379          -4.269         -17.596          126.049
   60 (vir)          114.102          -1.379          -4.269         -17.596          126.049
   61 (vir)          124.277          -1.981          -4.175         -17.899          136.020
   62 (vir)          136.069          -2.234          -7.722         -25.214          151.327
   63 (vir)          136.069          -2.234          -7.722         -25.214          151.327
   64 (vir)          146.454          -1.927          -7.190         -24.534          161.871
   65 (vir)          238.680          -0.557          -2.599         -19.405          254.928
   66 (vir)          238.680          -0.557          -2.599         -19.405          254.928
   67 (vir)          239.068          -0.750          -2.465         -19.142          254.995
   68 (vir)          239.068          -0.750          -2.465         -19.142          254.995
   69 (vir)          239.325          -1.141          -2.397         -18.981          254.769
   70 (vir)          239.325          -1.141          -2.397         -18.981          254.769
   71 (vir)          239.676          -1.143          -2.306         -18.762          254.989
   72 (vir)          239.676          -1.143          -2.306         -18.762          254.989
   73 (vir)          243.301          -0.233          -2.657         -19.622          260.034
   74 (vir)          282.304          -0.849          -9.109         -31.861          304.207
   75 (vir)          282.304          -0.849          -9.109         -31.861          304.207
   76 (vir)          295.448          -1.512          -3.419         -23.033          313.550
   77 (vir)          295.448          -1.512          -3.419         -23.033          313.550
   78 (vir)          298.425          -0.882          -3.478         -23.198          317.263
   79 (vir)          298.425          -0.882          -3.478         -23.198          317.263
   80 (vir)          305.872          -1.065          -4.616         -24.963          325.154
   81 (vir)          305.953          -1.174          -4.433         -24.852          325.197
   82 (vir)          305.953          -1.174          -4.433         -24.852          325.197
   83 (vir)          307.577          -3.102          -8.193         -29.555          325.836
   84 (vir)          324.252          -1.575          -4.296         -25.481          343.862
   85 (vir)          324.252          -1.575          -4.296         -25.480          343.862
   86 (vir)          330.910          -1.431          -4.351         -25.545          350.673
   87 (vir)          330.910          -1.431          -4.351         -25.545          350.673
   88 (vir)          333.382          -0.486          -9.799         -32.590          355.687
   89 (vir)          334.398          -1.488          -4.239         -25.397          354.068
   90 (vir)          363.277          -0.720          -9.675         -32.264          385.146
   91 (vir)         1282.372          -1.271         -18.244         -62.421         1325.277
   92 (vir)         1728.254          -1.725          -9.630         -62.050         1778.948
   93 (vir)         6846.634          -1.859         -20.699        -126.418         6950.494
