 
  kpoint:     0.0000    0.0000    0.0000
 
    n          ϵ_nk^DFT (eV)     Σ^c_nk (eV)     Σ^x_nk (eV)     v_n^xc (eV)   ϵ_nk^G0W0 (eV)
 
    1 (occ)       -32926.113           3.990       -1016.318        -623.824       -33314.616
    2 (occ)        -4993.273           5.270        -401.834        -243.086        -5146.751
    3 (occ)        -4698.942           6.272        -396.826        -258.011        -4831.485
    4 (occ)        -4698.942           6.272        -396.826        -258.011        -4831.485
    5 (occ)        -4698.942           6.272        -396.826        -258.011        -4831.485
    6 (occ)        -1019.275           6.355        -188.876        -115.862        -1085.933
    7 (occ)         -894.741          10.665        -181.016        -118.144         -946.948
    8 (occ)         -894.741          10.665        -181.016        -118.144         -946.948
    9 (occ)         -894.741          10.665        -181.016        -118.144         -946.948
   10 (occ)         -663.194           7.214        -168.398        -121.616         -702.761
   11 (occ)         -663.194           7.214        -168.398        -121.616         -702.761
   12 (occ)         -663.194           7.214        -168.398        -121.616         -702.761
   13 (occ)         -663.194           7.214        -168.398        -121.616         -702.761
   14 (occ)         -663.194           7.214        -168.398        -121.616         -702.761
   15 (occ)         -182.236          11.509         -84.630         -53.858         -201.500
   16 (occ)         -138.025          11.086         -76.517         -51.805         -151.651
   17 (occ)         -138.025          11.086         -76.517         -51.805         -151.651
   18 (occ)         -138.025          11.086         -76.517         -51.805         -151.651
   19 (occ)          -62.130           3.984         -58.611         -45.835          -70.923
   20 (occ)          -62.130           3.984         -58.611         -45.835          -70.923
   21 (occ)          -62.130           3.984         -58.611         -45.835          -70.923
   22 (occ)          -62.130           3.984         -58.611         -45.835          -70.923
   23 (occ)          -62.130           3.984         -58.611         -45.835          -70.923
   24 (occ)          -18.066           3.141         -25.260         -17.834          -22.352
   25 (occ)           -8.270           0.163         -18.578         -14.623          -12.062
   26 (occ)           -8.270           0.163         -18.578         -14.623          -12.062
   27 (occ)           -8.270           0.163         -18.578         -14.623          -12.062
   28 (vir)            4.834          -1.541          -3.661          -8.296            7.927
   29 (vir)            4.863          -0.736          -2.763          -6.454            7.819
   30 (vir)            4.863          -0.736          -2.763          -6.454            7.819
   31 (vir)            4.863          -0.736          -2.763          -6.454            7.819
   32 (vir)            7.221          -2.219          -7.066         -12.973           10.909
   33 (vir)            7.221          -2.219          -7.066         -12.973           10.909
   34 (vir)            7.221          -2.219          -7.066         -12.973           10.909
   35 (vir)            7.221          -2.219          -7.066         -12.973           10.909
   36 (vir)            7.221          -2.219          -7.066         -12.973           10.909
   37 (vir)           14.751          -3.757          -7.489         -16.389           19.894
   38 (vir)           14.751          -3.757          -7.489         -16.389           19.894
   39 (vir)           14.751          -3.757          -7.489         -16.389           19.894
   40 (vir)           14.751          -3.757          -7.489         -16.389           19.894
   41 (vir)           14.751          -3.757          -7.489         -16.389           19.894
   42 (vir)           14.751          -3.757          -7.489         -16.389           19.894
   43 (vir)           14.751          -3.757          -7.489         -16.389           19.894
   44 (vir)           30.686          -3.870         -11.153         -21.929           37.593
   45 (vir)           30.686          -3.870         -11.153         -21.929           37.593
   46 (vir)           30.686          -3.870         -11.153         -21.929           37.593
   47 (vir)           30.686          -3.870         -11.153         -21.929           37.593
   48 (vir)           30.686          -3.870         -11.153         -21.929           37.593
   49 (vir)           30.686          -3.870         -11.153         -21.929           37.593
   50 (vir)           30.686          -3.870         -11.153         -21.929           37.593
   51 (vir)           34.035          -3.839          -6.800         -15.397           38.792
   52 (vir)           34.035          -3.839          -6.800         -15.397           38.792
   53 (vir)           34.035          -3.839          -6.800         -15.397           38.792
   54 (vir)           44.657          -3.234          -8.120         -17.779           51.082
   55 (vir)           48.043          -4.308          -9.180         -20.134           54.689
   56 (vir)           48.043          -4.308          -9.180         -20.134           54.689
   57 (vir)           48.043          -4.308          -9.180         -20.134           54.689
   58 (vir)           48.043          -4.308          -9.180         -20.134           54.689
   59 (vir)           48.043          -4.308          -9.180         -20.134           54.689
   60 (vir)           51.394           0.200          -2.414         -12.678           61.858
   61 (vir)           51.394           0.200          -2.414         -12.678           61.858
   62 (vir)           51.394           0.200          -2.414         -12.678           61.858
   63 (vir)           51.394           0.200          -2.414         -12.678           61.858
   64 (vir)           51.394           0.200          -2.414         -12.678           61.858
   65 (vir)           51.394           0.200          -2.414         -12.678           61.858
   66 (vir)           51.394           0.200          -2.414         -12.678           61.858
   67 (vir)           51.394           0.200          -2.414         -12.678           61.858
   68 (vir)           51.394           0.200          -2.414         -12.678           61.858
   69 (vir)           88.365          -4.795         -13.357         -30.092          100.305
   70 (vir)           88.365          -4.795         -13.357         -30.092          100.305
   71 (vir)           88.365          -4.795         -13.357         -30.092          100.305
   72 (vir)           88.365          -4.795         -13.357         -30.092          100.305
   73 (vir)           88.365          -4.795         -13.357         -30.092          100.305
   74 (vir)           88.365          -4.795         -13.357         -30.092          100.305
   75 (vir)           88.365          -4.795         -13.357         -30.092          100.305
   76 (vir)          154.372          -3.636         -18.135         -37.124          169.725
   77 (vir)          154.372          -3.636         -18.135         -37.124          169.725
   78 (vir)          154.372          -3.636         -18.135         -37.124          169.725
   79 (vir)          181.719          -2.825         -15.607         -36.136          199.423
   80 (vir)          181.719          -2.825         -15.607         -36.136          199.423
   81 (vir)          181.719          -2.825         -15.607         -36.136          199.423
   82 (vir)          181.719          -2.825         -15.607         -36.136          199.423
   83 (vir)          181.719          -2.825         -15.607         -36.136          199.423
   84 (vir)          201.481          -0.616         -17.643         -37.459          220.681
   85 (vir)          330.234           1.908         -18.265         -47.421          361.297
   86 (vir)          330.234           1.908         -18.265         -47.421          361.297
   87 (vir)          330.234           1.908         -18.265         -47.421          361.297
   88 (vir)          330.234           1.908         -18.265         -47.421          361.297
   89 (vir)          330.234           1.908         -18.265         -47.421          361.297
   90 (vir)          330.234           1.908         -18.265         -47.421          361.297
   91 (vir)          330.234           1.908         -18.265         -47.421          361.297
   92 (vir)          601.857          -1.496         -35.111         -73.007          638.257
   93 (vir)          601.857          -1.496         -35.111         -73.007          638.257
   94 (vir)          601.857          -1.496         -35.111         -73.007          638.257
   95 (vir)          601.857          -1.496         -35.111         -73.007          638.257
   96 (vir)          601.857          -1.496         -35.111         -73.007          638.257
   97 (vir)          784.234          -0.294         -33.300         -70.330          820.970
   98 (vir)         1347.544          -2.519         -64.180        -122.755         1403.599
   99 (vir)         1347.544          -2.519         -64.180        -122.755         1403.599
  100 (vir)         1347.544          -2.519         -64.180        -122.755         1403.599
  101 (vir)         2649.487          -2.111         -52.995        -120.977         2715.357
  102 (vir)         7968.634          -2.202         -74.981        -190.077         8081.528
  103 (vir)        22934.190          -1.829         -98.801        -288.422        23121.983
  104 (vir)        66780.426          -1.508        -133.927        -458.487        67103.479
  105 (vir)       308120.726          -1.932        -155.074        -873.983       308837.703
