 
  kpoint:     0.0000    0.0000    0.0000
 
    n          ϵ_nk^DFT (eV)     Σ^c_nk (eV)     Σ^x_nk (eV)     v_n^xc (eV)   ϵ_nk^G0W0 (eV)
 
    1 (occ)        -2076.688           4.217        -262.502        -163.834        -2171.139
    2 (occ)        -2076.688           4.217        -262.502        -163.834        -2171.139
    3 (occ)         -172.129           7.092         -83.084         -51.561         -196.561
    4 (occ)         -172.118           6.654         -83.087         -51.573         -196.977
    5 (occ)         -123.602           7.317         -74.946         -52.124         -139.107
    6 (occ)         -123.602           7.317         -74.946         -52.124         -139.107
    7 (occ)         -123.596           6.967         -74.952         -52.132         -139.450
    8 (occ)         -123.596           6.967         -74.952         -52.132         -139.450
    9 (occ)         -123.485           6.871         -75.141         -52.155         -139.601
   10 (occ)         -123.426           6.850         -75.209         -52.228         -139.557
   11 (occ)          -16.897           5.975         -22.642         -15.352          -18.211
   12 (occ)          -11.516           2.285         -18.593         -13.941          -13.883
   13 (occ)           -7.182           0.230         -16.862         -13.461          -10.353
   14 (occ)           -7.113          -0.434         -14.591         -11.933          -10.206
   15 (occ)           -7.113          -0.434         -14.591         -11.933          -10.206
   16 (vir)           -3.403          -1.699          -6.961         -11.340           -0.723
   17 (vir)           -3.403          -1.699          -6.961         -11.340           -0.723
   18 (vir)            0.393          -1.520          -3.397          -6.990            2.466
   19 (vir)            1.872          -1.680          -2.964          -6.954            4.183
   20 (vir)            2.710          -1.375          -2.276          -5.772            4.831
   21 (vir)            2.710          -1.375          -2.276          -5.772            4.831
   22 (vir)            3.209          -1.391          -1.974          -5.092            4.936
   23 (vir)            3.261          -2.157          -2.960          -7.689            5.833
   24 (vir)            3.261          -2.157          -2.960          -7.689            5.833
   25 (vir)            3.357          -2.195          -3.714          -7.964            5.412
   26 (vir)            4.715          -1.622          -1.652          -4.956            6.397
   27 (vir)            4.715          -1.622          -1.652          -4.956            6.397
   28 (vir)            4.824          -2.481          -3.114          -8.330            7.560
   29 (vir)            4.824          -2.481          -3.114          -8.330            7.560
   30 (vir)            6.795          -4.409          -2.073          -7.525            7.836
   31 (vir)            6.795          -4.409          -2.073          -7.525            7.836
   32 (vir)            8.065          -1.968          -1.839          -5.383            9.642
   33 (vir)            9.830          -3.245          -2.503          -7.793           11.874
   34 (vir)           11.489          -1.640          -1.886          -7.288           15.251
   35 (vir)           11.489          -1.640          -1.886          -7.288           15.251
   36 (vir)           14.226          -2.668          -3.041          -8.134           16.651
   37 (vir)           16.930          -3.472          -2.698          -9.229           19.989
   38 (vir)           16.930          -3.472          -2.698          -9.229           19.989
   39 (vir)           17.563          -3.488          -2.479          -8.734           20.331
   40 (vir)           18.106          -3.820          -2.545          -9.387           21.128
   41 (vir)           18.106          -3.820          -2.545          -9.387           21.128
   42 (vir)           19.893          -3.013          -1.399          -7.720           23.202
   43 (vir)           19.893          -3.013          -1.399          -7.720           23.202
   44 (vir)           20.548          -3.954          -2.565          -9.978           24.006
   45 (vir)           20.548          -3.954          -2.565          -9.978           24.006
   46 (vir)           21.078          -0.398          -1.864          -9.030           27.846
   47 (vir)           21.078          -0.398          -1.864          -9.030           27.845
   48 (vir)           22.820          -3.220          -2.996          -9.963           26.567
   49 (vir)           22.849          -2.831          -3.575         -10.521           26.965
   50 (vir)           22.849          -2.831          -3.575         -10.521           26.965
   51 (vir)           23.127          -3.880          -2.724         -10.175           26.697
   52 (vir)           23.127          -3.880          -2.724         -10.175           26.697
   53 (vir)           24.274          -1.010          -1.112          -7.630           29.782
   54 (vir)           24.274          -1.010          -1.112          -7.630           29.782
   55 (vir)           24.686          -4.044          -3.486         -10.683           27.840
   56 (vir)           24.686          -4.044          -3.486         -10.683           27.840
   57 (vir)           25.836          -1.187          -3.027         -10.963           32.585
   58 (vir)           28.939          -0.991          -3.191          -9.245           34.002
   59 (vir)           29.322          -2.626          -4.257         -11.277           33.717
   60 (vir)           29.599           0.172          -1.671          -9.165           37.265
   61 (vir)           29.599           0.172          -1.671          -9.165           37.265
   62 (vir)           30.760           0.282          -1.073          -7.928           37.897
   63 (vir)           30.760           0.282          -1.073          -7.928           37.897
   64 (vir)           33.307          -2.105          -4.193         -12.690           39.699
   65 (vir)           38.759          -1.221          -1.500          -8.766           44.803
   66 (vir)           38.759          -1.221          -1.500          -8.766           44.803
   67 (vir)           42.850          -0.415          -2.860         -11.223           50.798
   68 (vir)           48.479          -1.324          -3.682         -12.765           56.238
   69 (vir)           54.605           0.952          -3.905         -14.308           65.960
   70 (vir)           54.605           0.952          -3.905         -14.308           65.960
   71 (vir)           55.751          -0.297          -3.653         -13.961           65.761
   72 (vir)           55.751          -0.297          -3.653         -13.961           65.761
   73 (vir)           56.958          -0.817          -3.763         -14.033           66.410
   74 (vir)           56.958          -0.817          -3.763         -14.033           66.410
   75 (vir)           57.089          -0.103          -2.796         -12.861           67.051
   76 (vir)           61.169           0.483          -1.989         -11.997           71.661
   77 (vir)           61.169           0.483          -1.989         -11.997           71.661
   78 (vir)           62.198           0.203          -2.816         -13.553           73.138
   79 (vir)           62.198           0.203          -2.816         -13.553           73.138
   80 (vir)           62.783           0.249          -3.367         -13.738           73.402
   81 (vir)           62.783           0.249          -3.367         -13.738           73.402
   82 (vir)           62.896           0.853          -1.491         -11.275           73.532
   83 (vir)           62.896           0.853          -1.491         -11.275           73.532
   84 (vir)           66.711           0.824          -1.224         -10.827           77.138
   85 (vir)           66.711           0.824          -1.224         -10.827           77.138
   86 (vir)           67.819           1.150          -1.686         -12.050           79.333
   87 (vir)           67.819           1.150          -1.686         -12.050           79.333
   88 (vir)           69.205           0.836          -1.162         -10.836           79.715
   89 (vir)           69.205           0.836          -1.162         -10.836           79.715
   90 (vir)           69.475           0.887          -1.649         -11.989           80.702
   91 (vir)           69.475           0.887          -1.649         -11.989           80.702
   92 (vir)           70.252           0.516          -2.648         -13.482           81.601
   93 (vir)           70.372          -0.066          -3.609         -13.343           80.041
   94 (vir)           72.032           0.898          -1.546         -12.016           83.400
   95 (vir)           72.032           0.898          -1.546         -12.016           83.400
   96 (vir)           73.047           0.915          -1.752         -12.331           84.541
   97 (vir)           73.048           0.915          -1.752         -12.331           84.541
   98 (vir)           75.765           1.015          -1.211         -11.275           86.845
   99 (vir)           75.765           1.015          -1.211         -11.275           86.845
  100 (vir)           77.253           0.942          -1.848         -12.363           88.711
  101 (vir)           77.253           0.942          -1.848         -12.363           88.711
  102 (vir)           78.892           0.726          -2.635         -13.429           90.411
  103 (vir)           84.418           0.354          -3.143         -14.415           96.044
  104 (vir)           84.418           0.354          -3.143         -14.415           96.044
  105 (vir)           87.439           0.576          -3.081         -14.403           99.337
  106 (vir)           89.318          -0.387          -6.426         -18.824          101.330
  107 (vir)           89.318          -0.387          -6.426         -18.824          101.330
  108 (vir)           89.865           0.973          -1.245         -11.786          101.379
  109 (vir)           89.865           0.973          -1.245         -11.786          101.379
  110 (vir)           90.890          -0.401          -6.130         -18.654          103.014
  111 (vir)           90.890          -0.401          -6.130         -18.654          103.014
  112 (vir)           93.887          -0.805          -6.977         -19.556          105.661
  113 (vir)           96.884          -0.119          -5.432         -18.281          109.614
  114 (vir)          112.285           0.810          -2.770         -14.898          125.223
  115 (vir)          112.285           0.810          -2.770         -14.898          125.223
  116 (vir)          145.132          -0.046          -5.941         -19.920          159.065
  117 (vir)          148.965          -0.203          -9.839         -24.715          163.638
  118 (vir)          157.344          -0.299          -9.664         -25.093          172.475
  119 (vir)          186.993           0.058         -11.732         -29.930          205.248
  120 (vir)          186.993           0.058         -11.732         -29.930          205.248
  121 (vir)          188.468          -0.650         -11.642         -29.812          205.989
  122 (vir)          188.468          -0.650         -11.642         -29.812          205.989
  123 (vir)          189.490          -0.639         -11.657         -29.918          207.112
  124 (vir)          189.490          -0.639         -11.657         -29.918          207.112
  125 (vir)          193.916          -0.599         -11.417         -29.596          211.496
  126 (vir)          193.916          -0.599         -11.417         -29.596          211.496
  127 (vir)          200.603          -0.526         -11.326         -29.728          218.478
  128 (vir)          203.569          -0.341         -10.619         -28.533          221.142
  129 (vir)          465.267          -1.743         -22.995         -56.125          496.654
  130 (vir)          465.267          -1.743         -22.995         -56.125          496.654
  131 (vir)          469.531          -1.646         -22.919         -56.075          501.040
  132 (vir)          469.531          -1.646         -22.919         -56.075          501.040
  133 (vir)          474.045          -1.985         -23.009         -56.274          505.325
  134 (vir)          507.953          -2.066         -22.521         -55.966          539.332
  135 (vir)          533.440          -0.583         -17.707         -46.613          561.763
  136 (vir)          544.104          -0.918         -17.532         -46.537          572.191
  137 (vir)         1895.804          -1.987         -30.402         -85.626         1949.042
  138 (vir)         1905.050          -1.988         -30.310         -85.559         1958.312
  139 (vir)        10333.170          -2.052         -48.965        -193.088        10475.241
  140 (vir)        10348.283          -2.050         -48.929        -193.106        10490.410
