 
  kpoint:     0.0000    0.0000    0.0000
 
    n          ϵ_nk^DFT (eV)     Σ^c_nk (eV)     Σ^x_nk (eV)     v_n^xc (eV)   ϵ_nk^G0W0 (eV)
 
    1 (occ)        -2740.803           4.263        -300.467        -187.107        -2849.900
    2 (occ)        -2740.803           4.263        -300.467        -187.107        -2849.900
    3 (occ)         -251.156           5.414         -97.756         -60.454         -283.045
    4 (occ)         -251.156           5.464         -97.752         -60.454         -282.989
    5 (occ)         -192.058           6.117         -89.569         -61.928         -213.582
    6 (occ)         -192.055           6.174         -89.571         -61.934         -213.518
    7 (occ)         -191.614           6.278         -90.139         -62.101         -213.374
    8 (occ)         -191.614           6.278         -90.139         -62.101         -213.374
    9 (occ)         -191.614           6.278         -90.140         -62.102         -213.374
   10 (occ)         -191.614           6.278         -90.140         -62.102         -213.374
   11 (occ)          -23.461          -1.384         -27.928         -18.479          -34.293
   12 (occ)          -19.099           5.532         -27.371         -19.052          -21.887
   13 (occ)          -11.985           0.467         -20.878         -16.923          -15.472
   14 (occ)           -9.987           1.668         -21.033         -15.692          -13.660
   15 (occ)           -9.987           1.668         -21.033         -15.692          -13.660
   16 (occ)           -7.287           0.725         -21.121         -16.594          -11.089
   17 (occ)           -7.287           0.725         -21.121         -16.594          -11.089
   18 (vir)           -4.210          -2.228         -10.822         -16.363           -0.897
   19 (vir)            3.174          -1.799          -3.259          -7.858            5.975
   20 (vir)            3.210          -1.245          -2.150          -5.545            5.360
   21 (vir)            3.900          -1.156          -2.316          -6.089            6.518
   22 (vir)            3.900          -1.156          -2.316          -6.089            6.518
   23 (vir)            4.720          -1.694          -2.822          -7.001            7.205
   24 (vir)            5.166          -2.384          -5.853         -11.599            8.528
   25 (vir)            5.166          -2.384          -5.853         -11.599            8.528
   26 (vir)            5.336          -1.012          -2.210          -5.707            7.820
   27 (vir)            5.336          -1.012          -2.210          -5.707            7.820
   28 (vir)            5.804          -2.288          -5.024         -10.801            9.293
   29 (vir)            5.804          -2.288          -5.024         -10.801            9.293
   30 (vir)            8.796          -2.849          -5.353         -11.723           12.317
   31 (vir)            8.796          -2.849          -5.353         -11.723           12.317
   32 (vir)           10.351          -3.004          -3.769          -9.519           13.096
   33 (vir)           11.180          -3.526          -4.679         -11.405           14.379
   34 (vir)           13.103          -4.758          -4.592         -12.123           15.876
   35 (vir)           13.103          -4.758          -4.592         -12.123           15.876
   36 (vir)           17.391          -4.117          -3.761         -10.022           19.536
   37 (vir)           25.930          -4.169          -2.982         -10.573           29.351
   38 (vir)           26.677          -4.097          -4.713         -12.057           29.925
   39 (vir)           26.677          -4.097          -4.713         -12.057           29.925
   40 (vir)           26.857          -4.591          -3.325         -11.587           30.528
   41 (vir)           26.857          -4.591          -3.325         -11.587           30.528
   42 (vir)           27.907          -6.182          -4.793         -14.260           31.192
   43 (vir)           27.907          -6.182          -4.793         -14.260           31.192
   44 (vir)           28.744          -4.019          -4.154         -11.614           32.186
   45 (vir)           28.744          -4.019          -4.154         -11.614           32.186
   46 (vir)           29.429          -3.752          -3.908         -12.051           33.820
   47 (vir)           29.572          -5.586          -4.278         -13.476           33.184
   48 (vir)           29.572          -5.586          -4.278         -13.476           33.184
   49 (vir)           29.722           0.074          -2.411         -10.432           37.817
   50 (vir)           29.722           0.074          -2.411         -10.432           37.817
   51 (vir)           30.440          -5.250          -4.462         -14.245           34.973
   52 (vir)           31.748          -5.376          -3.785         -12.798           35.385
   53 (vir)           31.748          -5.376          -3.785         -12.798           35.385
   54 (vir)           32.109           0.591          -2.339         -10.423           40.784
   55 (vir)           32.109           0.591          -2.339         -10.423           40.784
   56 (vir)           35.149          -2.486          -2.692         -10.225           40.195
   57 (vir)           35.272           0.665          -2.357         -10.675           44.254
   58 (vir)           35.272           0.665          -2.357         -10.675           44.254
   59 (vir)           36.367          -0.633          -3.304         -12.874           45.304
   60 (vir)           36.367          -0.633          -3.304         -12.874           45.304
   61 (vir)           41.578           0.875          -2.202         -10.962           51.213
   62 (vir)           41.578           0.875          -2.202         -10.962           51.213
   63 (vir)           46.077          -0.817          -3.917         -12.115           53.458
   64 (vir)           47.251          -1.642          -7.021         -17.016           55.604
   65 (vir)           52.836          -0.420          -3.287         -13.219           62.348
   66 (vir)           53.725           0.372          -1.858         -10.873           63.112
   67 (vir)           53.725           0.372          -1.858         -10.873           63.112
   68 (vir)           70.928          -1.207          -4.703         -15.479           80.497
   69 (vir)           78.603          -0.554          -4.848         -17.572           90.773
   70 (vir)           78.603          -0.554          -4.848         -17.572           90.773
   71 (vir)           81.952           1.368          -5.217         -18.137           96.240
   72 (vir)           81.952           1.368          -5.217         -18.137           96.240
   73 (vir)           82.647          -2.854          -5.779         -19.167           93.182
   74 (vir)           84.717           0.587          -5.616         -18.744           98.432
   75 (vir)           84.717           0.587          -5.616         -18.744           98.432
   76 (vir)           87.334           0.083          -5.162         -18.134          100.390
   77 (vir)           87.334           0.083          -5.162         -18.134          100.390
   78 (vir)           87.996          -0.429          -2.632         -14.755           99.690
   79 (vir)           87.997          -0.429          -2.632         -14.755           99.690
   80 (vir)           88.962          -0.783          -3.657         -16.124          100.646
   81 (vir)           89.766          -0.898          -3.497         -15.920          101.291
   82 (vir)           89.766          -0.898          -3.497         -15.920          101.291
   83 (vir)           90.956          -0.031          -2.170         -14.225          102.980
   84 (vir)           90.956          -0.031          -2.170         -14.225          102.980
   85 (vir)           93.999           1.034          -2.206         -14.414          107.241
   86 (vir)           93.999           1.034          -2.206         -14.414          107.241
   87 (vir)           94.218          -0.305          -4.576         -17.192          106.528
   88 (vir)           94.697           1.057          -2.199         -14.435          107.989
   89 (vir)           94.697           1.057          -2.199         -14.435          107.989
   90 (vir)           96.700          -0.310          -2.127         -14.434          108.697
   91 (vir)           96.700          -0.310          -2.127         -14.434          108.697
   92 (vir)          100.791          -0.277          -2.563         -15.602          113.553
   93 (vir)          100.791          -0.277          -2.563         -15.602          113.553
   94 (vir)          101.062          -0.292          -6.028         -19.863          114.605
   95 (vir)          101.118          -1.394          -8.888         -23.158          113.995
   96 (vir)          101.118          -1.394          -8.888         -23.158          113.995
   97 (vir)          101.500          -0.339          -7.226         -21.407          115.341
   98 (vir)          101.649          -1.090          -8.371         -22.554          114.741
   99 (vir)          101.649          -1.090          -8.371         -22.554          114.741
  100 (vir)          102.036           0.128          -3.128         -16.727          115.764
  101 (vir)          102.036           0.128          -3.128         -16.727          115.764
  102 (vir)          102.146           0.074          -2.948         -16.491          115.763
  103 (vir)          102.147           0.074          -2.948         -16.490          115.763
  104 (vir)          104.058           0.292          -3.028         -16.556          117.878
  105 (vir)          104.058           0.292          -3.028         -16.556          117.878
  106 (vir)          107.876          -0.019          -4.092         -17.951          121.716
  107 (vir)          107.876          -0.019          -4.092         -17.951          121.716
  108 (vir)          111.694          -0.099          -2.839         -16.329          125.085
  109 (vir)          111.694          -0.099          -2.839         -16.329          125.085
  110 (vir)          112.418           0.092          -2.223         -15.138          125.424
  111 (vir)          112.418           0.092          -2.223         -15.138          125.424
  112 (vir)          115.002           0.098          -3.459         -16.672          128.313
  113 (vir)          130.603          -0.245          -2.035         -14.951          143.273
  114 (vir)          130.603          -0.245          -2.035         -14.951          143.273
  115 (vir)          133.721          -0.180          -3.022         -16.412          146.931
  116 (vir)          146.104          -0.124          -6.151         -21.657          161.486
  117 (vir)          215.084          -0.783         -12.702         -30.728          232.327
  118 (vir)          232.858          -1.076         -12.247         -30.616          250.151
  119 (vir)          282.208          -0.990         -14.956         -37.608          303.869
  120 (vir)          282.208          -0.990         -14.956         -37.608          303.869
  121 (vir)          282.314          -0.698         -15.082         -37.761          304.294
  122 (vir)          282.315          -0.698         -15.082         -37.761          304.294
  123 (vir)          283.759          -0.959         -15.016         -37.685          305.470
  124 (vir)          283.759          -0.959         -15.016         -37.685          305.470
  125 (vir)          286.426          -0.720         -14.732         -37.400          308.375
  126 (vir)          288.150          -0.999         -14.647         -37.260          309.765
  127 (vir)          288.150          -0.999         -14.647         -37.260          309.765
  128 (vir)          304.509          -0.740         -13.663         -35.904          326.010
  129 (vir)          762.591          -1.385         -21.130         -55.525          795.601
  130 (vir)          779.487          -1.408         -20.841         -55.287          812.525
  131 (vir)         1123.293          -3.263         -37.702         -90.602         1172.929
  132 (vir)         1123.293          -3.263         -37.702         -90.602         1172.929
  133 (vir)         1123.426          -3.553         -37.680         -90.569         1172.763
  134 (vir)         1123.426          -3.553         -37.680         -90.569         1172.763
  135 (vir)         1123.978          -1.355         -37.270         -90.323         1175.676
  136 (vir)         1124.633          -1.373         -37.108         -90.086         1176.238
  137 (vir)         2648.512          -2.067         -35.562        -100.824         2711.707
  138 (vir)         2664.311          -2.053         -35.436        -100.744         2727.566
  139 (vir)        14244.114          -2.230         -55.496        -224.066        14410.453
  140 (vir)        14270.794          -2.227         -55.443        -224.092        14437.216
