 
  kpoint:     0.0000    0.0000    0.0000
 
    n          ϵ_nk^DFT (eV)     Σ^c_nk (eV)     Σ^x_nk (eV)     v_n^xc (eV)   ϵ_nk^G0W0 (eV)
 
    1 (occ)       -13089.819          -0.258        -645.675        -398.173       -13337.579
    2 (occ)       -13089.819          -0.258        -645.675        -398.173       -13337.579
    3 (occ)       -13089.819          -0.258        -645.675        -398.173       -13337.579
    4 (occ)       -13089.819          -0.258        -645.675        -398.173       -13337.579
    5 (occ)        -1682.483          -5.615        -238.782        -145.991        -1780.889
    6 (occ)        -1682.483          -5.615        -238.782        -145.991        -1780.889
    7 (occ)        -1682.483          -5.615        -238.782        -145.991        -1780.889
    8 (occ)        -1682.483          -5.615        -238.782        -145.991        -1780.889
    9 (occ)        -1516.915         -13.377        -232.482        -154.697        -1608.077
   10 (occ)        -1516.915         -13.377        -232.482        -154.697        -1608.077
   11 (occ)        -1516.915         -13.377        -232.482        -154.697        -1608.077
   12 (occ)        -1516.915         -13.377        -232.482        -154.697        -1608.077
   13 (occ)        -1516.782         -13.620        -232.616        -154.736        -1608.281
   14 (occ)        -1516.782         -13.620        -232.616        -154.736        -1608.281
   15 (occ)        -1516.782         -13.620        -232.616        -154.736        -1608.281
   16 (occ)        -1516.782         -13.620        -232.616        -154.736        -1608.281
   17 (occ)        -1516.782         -13.620        -232.616        -154.736        -1608.281
   18 (occ)        -1516.782         -13.620        -232.616        -154.736        -1608.281
   19 (occ)        -1516.782         -13.620        -232.616        -154.736        -1608.281
   20 (occ)        -1516.782         -13.620        -232.616        -154.736        -1608.281
   21 (occ)         -274.824          -1.261         -96.801         -61.488         -311.398
   22 (occ)         -229.536          -7.364        -103.622         -64.370         -276.152
   23 (occ)         -229.536          -7.361        -103.622         -64.370         -276.150
   24 (occ)         -229.536          -7.362        -103.623         -64.370         -276.150
   25 (occ)         -229.536          -7.349        -103.622         -64.371         -276.137
   26 (occ)         -171.802          15.966         -95.002         -62.974         -187.864
   27 (occ)         -171.802          15.849         -95.002         -62.974         -187.981
   28 (occ)         -171.802          15.936         -95.002         -62.974         -187.895
   29 (occ)         -171.802          15.931         -95.002         -62.974         -187.900
   30 (occ)         -171.413          18.614         -95.293         -63.047         -185.045
   31 (occ)         -171.413          18.607         -95.293         -63.047         -185.052
   32 (occ)         -171.413          18.663         -95.293         -63.047         -184.996
   33 (occ)         -171.413          18.822         -95.292         -63.047         -184.837
   34 (occ)         -171.413          18.851         -95.292         -63.047         -184.808
   35 (occ)         -171.413          18.808         -95.292         -63.047         -184.851
   36 (occ)         -171.413          18.923         -95.292         -63.047         -184.736
   37 (occ)         -171.413          18.923         -95.292         -63.047         -184.736
   38 (occ)          -68.419          10.860         -77.884         -58.326          -77.116
   39 (occ)          -68.417          10.885         -77.888         -58.330          -77.090
   40 (occ)          -68.417          10.885         -77.888         -58.330          -77.091
   41 (occ)          -68.417          10.885         -77.888         -58.330          -77.090
   42 (occ)          -68.321          10.895         -77.915         -58.357          -76.984
   43 (occ)          -68.321          10.895         -77.915         -58.357          -76.984
   44 (occ)          -68.321          10.895         -77.915         -58.357          -76.984
   45 (occ)          -68.320          10.898         -77.914         -58.355          -76.981
   46 (occ)          -68.320          10.898         -77.914         -58.355          -76.981
   47 (occ)          -68.320          10.907         -77.920         -58.361          -76.972
   48 (occ)          -68.320          10.907         -77.920         -58.361          -76.971
   49 (occ)          -68.320          10.907         -77.920         -58.361          -76.971
   50 (occ)          -68.032          10.964         -78.043         -58.434          -76.677
   51 (occ)          -68.032          10.964         -78.043         -58.434          -76.677
   52 (occ)          -68.032          10.964         -78.043         -58.434          -76.677
   53 (occ)          -68.032          10.969         -78.043         -58.434          -76.672
   54 (occ)          -68.032          10.969         -78.043         -58.434          -76.672
   55 (occ)          -68.032          10.972         -78.045         -58.435          -76.669
   56 (occ)          -68.032          10.973         -78.045         -58.435          -76.669
   57 (occ)          -68.032          10.973         -78.045         -58.435          -76.669
   58 (occ)          -22.874           6.230         -26.084         -17.188          -25.539
   59 (occ)          -19.985           5.905         -26.474         -18.483          -22.071
   60 (occ)          -19.985           5.902         -26.474         -18.483          -22.074
   61 (occ)          -19.985           5.905         -26.474         -18.483          -22.071
   62 (occ)          -15.260           3.318         -23.511         -17.539          -17.914
   63 (occ)          -11.624           1.419         -19.764         -15.628          -14.341
   64 (occ)          -11.624           1.419         -19.764         -15.628          -14.341
   65 (occ)          -11.624           1.419         -19.764         -15.628          -14.341
   66 (occ)           -8.414           1.569         -19.174         -14.785          -11.234
   67 (occ)           -8.414           1.569         -19.174         -14.785          -11.234
   68 (occ)           -7.824           1.032         -19.040         -15.200          -10.632
   69 (occ)           -7.824           1.032         -19.040         -15.200          -10.632
   70 (occ)           -7.824           1.032         -19.040         -15.200          -10.633
   71 (occ)           -6.974           1.086         -19.841         -15.842           -9.886
   72 (occ)           -6.974           1.086         -19.841         -15.842           -9.886
   73 (occ)           -6.974           1.086         -19.841         -15.842           -9.887
   74 (vir)           -3.510          -2.487         -10.136         -15.043           -1.090
   75 (vir)           -1.861          -3.100          -8.867         -14.324            0.496
   76 (vir)           -1.861          -3.100          -8.867         -14.324            0.496
   77 (vir)           -1.861          -3.100          -8.867         -14.324            0.496
   78 (vir)            2.548          -1.367          -2.535          -5.847            4.493
   79 (vir)            2.548          -1.367          -2.535          -5.847            4.493
   80 (vir)            2.548          -1.367          -2.535          -5.847            4.493
   81 (vir)            2.898          -1.884          -3.299          -7.362            5.078
   82 (vir)            3.786          -2.118          -3.925          -8.345            6.088
   83 (vir)            3.786          -2.118          -3.925          -8.345            6.088
   84 (vir)            3.786          -2.119          -3.925          -8.345            6.088
   85 (vir)            3.800          -1.541          -2.934          -6.771            6.096
   86 (vir)            3.800          -1.541          -2.934          -6.771            6.096
   87 (vir)            4.129          -1.610          -2.923          -6.690            6.286
   88 (vir)            4.129          -1.610          -2.923          -6.690            6.286
   89 (vir)            4.129          -1.610          -2.923          -6.690            6.286
   90 (vir)            4.807          -2.031          -3.606          -7.642            6.811
   91 (vir)            5.143          -1.378          -2.551          -6.169            7.383
   92 (vir)            5.143          -1.378          -2.551          -6.169            7.383
   93 (vir)            5.143          -1.378          -2.551          -6.169            7.383
   94 (vir)            5.209          -2.399          -5.824         -10.819            7.804
   95 (vir)            5.209          -2.399          -5.824         -10.819            7.804
   96 (vir)            5.396          -2.224          -4.725          -9.416            7.864
   97 (vir)            5.396          -2.224          -4.725          -9.416            7.864
   98 (vir)            5.396          -2.224          -4.725          -9.416            7.864
   99 (vir)            8.338          -3.049          -5.645         -11.332           10.976
  100 (vir)            8.338          -3.050          -5.645         -11.332           10.974
  101 (vir)            8.338          -3.049          -5.645         -11.332           10.975
  102 (vir)            9.544          -3.219          -5.584         -11.309           12.051
  103 (vir)            9.544          -3.218          -5.584         -11.309           12.051
  104 (vir)           10.893          -4.174          -4.538         -10.710           12.892
  105 (vir)           10.893          -4.174          -4.538         -10.710           12.892
  106 (vir)           10.893          -4.172          -4.538         -10.710           12.893
  107 (vir)           12.211          -3.594          -2.885          -8.727           14.458
  108 (vir)           12.857          -4.351          -5.458         -11.729           14.777
  109 (vir)           12.857          -4.352          -5.458         -11.729           14.776
  110 (vir)           12.857          -4.351          -5.458         -11.729           14.777
  111 (vir)           13.409          -2.672          -3.601          -8.772           15.907
  112 (vir)           13.409          -2.673          -3.601          -8.772           15.906
  113 (vir)           13.409          -2.672          -3.601          -8.772           15.907
  114 (vir)           14.979          -3.277          -4.307         -10.200           17.596
  115 (vir)           14.979          -3.275          -4.307         -10.200           17.597
  116 (vir)           14.979          -3.277          -4.307         -10.200           17.596
  117 (vir)           16.025          -3.191          -4.706         -10.833           18.960
  118 (vir)           18.504          -4.624          -3.086         -10.075           20.869
  119 (vir)           18.504          -4.624          -3.086         -10.075           20.868
  120 (vir)           18.504          -4.624          -3.086         -10.075           20.869
  121 (vir)           19.142          -4.547          -3.157         -10.310           21.749
  122 (vir)           19.142          -4.546          -3.157         -10.310           21.750
  123 (vir)           21.632          -4.732          -3.687         -11.020           24.234
  124 (vir)           21.632          -4.732          -3.687         -11.020           24.233
  125 (vir)           21.632          -4.731          -3.687         -11.020           24.234
  126 (vir)           22.316          -4.662          -3.036         -10.293           24.910
  127 (vir)           23.830          -4.807          -2.529          -9.908           26.402
  128 (vir)           23.830          -4.807          -2.529          -9.908           26.402
  129 (vir)           23.830          -4.807          -2.529          -9.908           26.402
  130 (vir)           24.130          -4.436          -4.351         -11.654           26.997
  131 (vir)           24.130          -4.437          -4.351         -11.654           26.997
  132 (vir)           25.362          -4.639          -3.349         -10.809           28.183
  133 (vir)           25.362          -4.641          -3.349         -10.809           28.181
  134 (vir)           25.362          -4.638          -3.349         -10.809           28.184
  135 (vir)           26.552          -4.582          -3.909         -11.576           29.637
  136 (vir)           26.552          -4.582          -3.909         -11.576           29.637
  137 (vir)           26.552          -4.583          -3.909         -11.576           29.636
  138 (vir)           27.189          -5.236          -2.442         -10.195           29.705
  139 (vir)           27.758          -5.447          -3.160         -11.185           30.336
  140 (vir)           27.758          -5.447          -3.160         -11.185           30.336
  141 (vir)           27.758          -5.447          -3.160         -11.185           30.336
  142 (vir)           27.923          -4.616          -3.677         -11.324           30.955
  143 (vir)           27.923          -4.616          -3.677         -11.324           30.955
  144 (vir)           27.923          -4.617          -3.677         -11.324           30.953
  145 (vir)           28.406          -5.201          -4.024         -11.849           31.030
  146 (vir)           28.406          -5.201          -4.024         -11.849           31.030
  147 (vir)           28.710          -2.483          -4.032         -11.451           33.646
  148 (vir)           28.710          -2.478          -4.032         -11.451           33.651
  149 (vir)           28.710          -2.471          -4.032         -11.451           33.658
  150 (vir)           31.914          -5.345          -5.250         -13.680           34.998
  151 (vir)           31.914          -5.349          -5.250         -13.680           34.995
  152 (vir)           31.914          -5.344          -5.250         -13.680           34.999
  153 (vir)           31.933          -4.493          -4.156         -12.491           35.775
  154 (vir)           31.933          -4.498          -4.156         -12.491           35.769
  155 (vir)           31.933          -4.502          -4.156         -12.491           35.766
  156 (vir)           33.372          -6.131          -5.188         -13.246           35.299
  157 (vir)           33.448          -3.273          -6.235         -15.358           39.298
  158 (vir)           33.448          -3.268          -6.235         -15.358           39.303
  159 (vir)           33.448          -3.271          -6.235         -15.358           39.301
  160 (vir)           34.180          -4.029          -4.124         -13.099           39.125
  161 (vir)           35.358          -2.243          -6.112         -15.053           42.056
  162 (vir)           35.358          -2.240          -6.112         -15.053           42.059
  163 (vir)           38.113          -5.215          -4.877         -13.780           41.801
  164 (vir)           38.113          -5.213          -4.877         -13.780           41.803
  165 (vir)           38.113          -5.211          -4.877         -13.780           41.804
  166 (vir)           38.547          -7.115          -4.253         -12.515           39.695
  167 (vir)           38.911          -1.301          -6.737         -16.113           46.986
  168 (vir)           38.911          -1.289          -6.737         -16.113           46.999
  169 (vir)           38.911          -1.293          -6.737         -16.113           46.994
  170 (vir)           40.628          -2.766          -6.098         -15.367           47.131
  171 (vir)           40.628          -2.793          -6.098         -15.367           47.104
  172 (vir)           40.628          -2.754          -6.098         -15.367           47.142
  173 (vir)           41.134          -0.877          -6.659         -16.305           49.903
  174 (vir)           41.134          -0.862          -6.659         -16.305           49.918
  175 (vir)           43.398          -5.672          -3.577         -13.109           47.258
  176 (vir)           43.398          -5.672          -3.577         -13.109           47.257
  177 (vir)           43.996           3.706          -5.982         -14.915           56.636
  178 (vir)           44.924          -3.674          -4.252         -13.153           50.151
  179 (vir)           44.924          -3.661          -4.252         -13.153           50.164
  180 (vir)           44.924          -3.665          -4.252         -13.153           50.160
  181 (vir)           48.354          -4.086          -4.654         -14.051           53.665
  182 (vir)           48.354          -4.089          -4.654         -14.051           53.662
  183 (vir)           48.354          -4.095          -4.654         -14.051           53.657
  184 (vir)           49.120          -3.551          -5.397         -15.325           55.497
  185 (vir)           49.120          -3.562          -5.397         -15.325           55.485
  186 (vir)           49.120          -3.562          -5.397         -15.325           55.486
  187 (vir)           51.396          -4.728          -3.410         -13.425           56.683
  188 (vir)           51.396          -4.728          -3.410         -13.425           56.683
  189 (vir)           51.396          -4.728          -3.410         -13.425           56.683
  190 (vir)           57.122          -5.740          -2.200         -12.080           61.262
  191 (vir)           57.122          -5.737          -2.200         -12.080           61.264
  192 (vir)           57.122          -5.740          -2.200         -12.080           61.262
  193 (vir)           58.034          -1.576          -2.482         -12.137           66.112
  194 (vir)           58.034          -1.575          -2.482         -12.137           66.113
  195 (vir)           58.094          -1.490          -2.985         -12.939           66.558
  196 (vir)           61.438          -2.328          -3.597         -13.796           69.309
  197 (vir)           61.438          -2.323          -3.597         -13.796           69.313
  198 (vir)           61.438          -2.326          -3.597         -13.796           69.310
  199 (vir)           63.947          -2.818          -3.970         -15.009           72.168
  200 (vir)           63.947          -2.831          -3.970         -15.009           72.155
  201 (vir)           63.947          -2.817          -3.970         -15.009           72.169
  202 (vir)           67.962           3.265          -2.748         -13.803           82.281
  203 (vir)           67.962           3.265          -2.748         -13.803           82.281
  204 (vir)           67.962           3.267          -2.748         -13.803           82.283
  205 (vir)           68.019           0.498          -4.145         -15.503           79.874
  206 (vir)           69.277           2.374          -3.314         -14.378           82.715
  207 (vir)           69.277           2.368          -3.314         -14.378           82.709
  208 (vir)           69.277           2.365          -3.314         -14.378           82.706
  209 (vir)           69.387           3.471          -2.714         -13.805           83.949
  210 (vir)           69.387           3.471          -2.714         -13.805           83.949
  211 (vir)           69.387           3.470          -2.714         -13.805           83.948
  212 (vir)           70.128           2.982          -2.617         -13.670           84.163
  213 (vir)           70.128           2.982          -2.617         -13.670           84.163
  214 (vir)           70.128           2.994          -2.617         -13.670           84.175
  215 (vir)           70.266           3.147          -2.574         -13.643           84.481
  216 (vir)           70.272           4.650          -2.337         -13.361           85.946
  217 (vir)           70.272           4.650          -2.337         -13.361           85.946
  218 (vir)           70.508           4.859          -2.682         -13.810           86.496
  219 (vir)           70.508           4.860          -2.682         -13.810           86.497
  220 (vir)           70.508           4.860          -2.682         -13.810           86.497
  221 (vir)           70.966           3.694          -3.686         -15.131           86.106
  222 (vir)           71.022           3.863          -3.013         -14.157           86.028
  223 (vir)           71.022           3.863          -3.013         -14.157           86.029
  224 (vir)           71.022           3.864          -3.013         -14.157           86.029
  225 (vir)           71.468           6.269          -3.306         -14.670           89.101
  226 (vir)           71.468           6.270          -3.306         -14.670           89.102
  227 (vir)           71.468           6.271          -3.306         -14.670           89.103
  228 (vir)           71.650           0.347          -3.304         -14.594           83.287
  229 (vir)           71.650           0.346          -3.304         -14.594           83.286
  230 (vir)           73.248           4.840          -3.726         -15.209           89.571
  231 (vir)           73.248           4.846          -3.726         -15.209           89.577
  232 (vir)           73.248           4.860          -3.726         -15.209           89.591
  233 (vir)           74.390          -0.035          -3.544         -14.977           85.787
  234 (vir)           74.390          -0.036          -3.544         -14.977           85.786
  235 (vir)           74.390          -0.041          -3.544         -14.977           85.781
  236 (vir)           74.429           7.131          -3.497         -14.968           93.031
  237 (vir)           74.493          -0.474          -3.107         -14.546           85.458
  238 (vir)           74.493          -0.474          -3.107         -14.546           85.458
  239 (vir)           75.151           2.239          -3.253         -14.432           88.570
  240 (vir)           76.120          -0.961          -3.240         -14.619           86.538
  241 (vir)           76.120          -0.962          -3.240         -14.619           86.537
  242 (vir)           76.452          -4.259          -3.571         -15.145           83.766
  243 (vir)           76.452          -4.260          -3.571         -15.145           83.765
  244 (vir)           76.452          -4.260          -3.571         -15.145           83.765
  245 (vir)           79.771          -0.058          -3.930         -15.673           91.457
  246 (vir)           79.771          -0.054          -3.930         -15.673           91.460
  247 (vir)           79.771          -0.055          -3.930         -15.673           91.460
  248 (vir)           81.203          -1.123          -5.012         -17.180           92.248
  249 (vir)           81.203          -1.132          -5.012         -17.180           92.239
  250 (vir)           81.203          -1.132          -5.012         -17.180           92.239
  251 (vir)           83.228          -2.453          -4.258         -16.216           92.732
  252 (vir)           83.228          -2.439          -4.258         -16.216           92.746
  253 (vir)           83.228          -2.443          -4.258         -16.216           92.742
  254 (vir)           86.749           0.573          -2.823         -14.121           98.620
  255 (vir)           86.749           0.566          -2.823         -14.121           98.613
  256 (vir)           86.749           0.560          -2.823         -14.121           98.607
  257 (vir)           86.854          -2.263          -4.772         -16.936           96.755
  258 (vir)           93.581          -0.806          -2.734         -14.497          104.538
  259 (vir)           93.581          -0.799          -2.734         -14.497          104.544
  260 (vir)           93.581          -0.807          -2.734         -14.497          104.537
  261 (vir)           94.369          -0.407          -2.700         -14.258          105.520
  262 (vir)           94.369          -0.406          -2.700         -14.258          105.521
  263 (vir)           95.204           0.420          -2.259         -13.652          107.017
  264 (vir)           95.204           0.424          -2.259         -13.652          107.021
  265 (vir)           95.204           0.419          -2.259         -13.652          107.016
  266 (vir)           97.935           4.410          -3.349         -14.582          113.578
  267 (vir)          103.004           4.153          -9.956         -23.876          121.077
  268 (vir)          103.004           4.153          -9.956         -23.876          121.077
  269 (vir)          104.555           2.865          -9.154         -22.811          121.078
  270 (vir)          104.555           2.871          -9.154         -22.811          121.083
  271 (vir)          104.555           2.862          -9.154         -22.811          121.075
  272 (vir)          108.178           2.129          -9.291         -23.132          124.148
  273 (vir)          108.178           2.134          -9.291         -23.132          124.153
  274 (vir)          108.178           2.129          -9.291         -23.132          124.148
  275 (vir)          109.511           2.459          -6.281         -20.351          126.041
  276 (vir)          109.511           2.444          -6.281         -20.351          126.025
  277 (vir)          109.511           2.461          -6.281         -20.351          126.042
  278 (vir)          111.196           2.259          -8.604         -22.673          127.524
  279 (vir)          116.586           2.088          -7.546         -21.335          132.463
  280 (vir)          116.586           2.088          -7.546         -21.335          132.463
  281 (vir)          116.586           2.071          -7.546         -21.335          132.446
  282 (vir)          131.119           2.699          -8.427         -23.779          149.170
  283 (vir)          131.203           4.578         -12.913         -30.080          152.947
  284 (vir)          131.203           4.579         -12.913         -30.080          152.948
  285 (vir)          131.203           4.578         -12.913         -30.080          152.947
  286 (vir)          131.309           4.406         -11.085         -27.456          152.086
  287 (vir)          131.309           4.406         -11.085         -27.456          152.086
  288 (vir)          132.375         -11.248         -13.913         -31.471          138.684
  289 (vir)          132.375         -11.359         -13.913         -31.471          138.573
  290 (vir)          132.375         -11.345         -13.913         -31.471          138.587
  291 (vir)          132.791           4.883         -12.935         -30.206          154.946
  292 (vir)          132.791           4.883         -12.935         -30.206          154.946
  293 (vir)          133.725           0.629         -11.642         -28.396          151.108
  294 (vir)          133.725           0.628         -11.642         -28.396          151.106
  295 (vir)          133.725           0.629         -11.642         -28.396          151.108
  296 (vir)          135.874           4.146          -9.653         -25.472          155.839
  297 (vir)          135.874           4.144          -9.653         -25.472          155.837
  298 (vir)          135.874           4.140          -9.653         -25.472          155.833
  299 (vir)          141.456           0.614         -11.350         -28.385          159.104
  300 (vir)          141.456           0.615         -11.350         -28.385          159.105
  301 (vir)          141.456           0.610         -11.350         -28.385          159.101
  302 (vir)          144.348          -0.774          -5.331         -19.622          157.865
  303 (vir)          144.348          -0.774          -5.331         -19.622          157.865
  304 (vir)          146.429          -0.653          -6.332         -21.467          160.911
  305 (vir)          146.429          -0.650          -6.332         -21.467          160.914
  306 (vir)          146.429          -0.641          -6.332         -21.467          160.922
  307 (vir)          157.532           0.442          -3.721         -17.742          171.996
  308 (vir)          157.532           0.439          -3.721         -17.742          171.993
  309 (vir)          157.532           0.442          -3.721         -17.742          171.996
  310 (vir)          167.986           1.689          -7.782         -23.821          185.715
  311 (vir)          169.557           4.530          -2.274         -16.838          188.651
  312 (vir)          169.557           4.530          -2.274         -16.838          188.652
  313 (vir)          170.359           1.163          -3.809         -18.443          186.156
  314 (vir)          175.813           4.748          -1.899         -15.824          194.484
  315 (vir)          175.813           4.747          -1.899         -15.824          194.484
  316 (vir)          175.813           4.749          -1.899         -15.824          194.486
  317 (vir)          179.830           4.775          -1.972         -15.825          198.458
  318 (vir)          179.830           4.779          -1.972         -15.825          198.462
  319 (vir)          179.830           4.786          -1.972         -15.825          198.469
  320 (vir)          188.461          -0.647          -4.178         -19.840          203.476
  321 (vir)          188.461          -0.649          -4.178         -19.840          203.474
  322 (vir)          188.461          -0.667          -4.178         -19.840          203.456
  323 (vir)          212.254           1.233         -14.653         -33.461          232.295
  324 (vir)          225.228           0.828         -15.660         -35.123          245.520
  325 (vir)          225.228           0.828         -15.660         -35.123          245.520
  326 (vir)          225.228           0.829         -15.660         -35.123          245.520
  327 (vir)          240.800           2.286          -6.867         -23.697          259.916
  328 (vir)          362.686           0.435         -24.940         -53.831          392.013
  329 (vir)          362.686           0.435         -24.940         -53.831          392.013
  330 (vir)          363.504           0.435         -24.924         -53.828          392.843
  331 (vir)          363.504           0.436         -24.924         -53.828          392.844
  332 (vir)          363.504           0.438         -24.924         -53.828          392.846
  333 (vir)          365.683           0.438         -24.848         -53.761          395.034
  334 (vir)          365.683           0.439         -24.848         -53.761          395.035
  335 (vir)          365.683           0.436         -24.848         -53.761          395.033
  336 (vir)          375.858           0.720         -24.290         -53.312          405.599
  337 (vir)          376.894           0.711         -24.345         -53.401          406.661
  338 (vir)          376.894           0.716         -24.345         -53.401          406.666
  339 (vir)          376.894           0.713         -24.345         -53.401          406.664
  340 (vir)          752.665           1.176         -14.539         -48.021          787.323
  341 (vir)          780.140           1.491         -27.263         -64.341          818.709
  342 (vir)          791.181           1.578         -28.594         -66.173          830.338
  343 (vir)          791.181           1.578         -28.594         -66.173          830.338
  344 (vir)          791.181           1.578         -28.594         -66.173          830.338
  345 (vir)         2559.400           1.510         -44.111        -109.675         2626.474
  346 (vir)         2571.974           1.603         -43.966        -109.595         2639.206
  347 (vir)         2571.974           1.603         -43.966        -109.595         2639.206
  348 (vir)         2571.974           1.603         -43.966        -109.595         2639.206
  349 (vir)         3986.378           1.096         -14.763         -94.521         4067.233
  350 (vir)         8720.232           0.268         -75.092        -197.742         8843.150
  351 (vir)         8731.951           0.271         -75.027        -197.706         8854.900
  352 (vir)         8731.951           0.271         -75.027        -197.706         8854.900
  353 (vir)         8731.951           0.271         -75.027        -197.706         8854.900
  354 (vir)        49414.665           0.008        -124.951        -446.142        49735.864
  355 (vir)        49436.187           0.008        -124.927        -446.162        49757.431
  356 (vir)        49436.187           0.008        -124.927        -446.162        49757.431
  357 (vir)        49436.187           0.008        -124.927        -446.162        49757.431
