 
  kpoint:     0.0000    0.0000    0.0000
 
    n          ϵ_nk^DFT (eV)     Σ^c_nk (eV)     Σ^x_nk (eV)     v_n^xc (eV)   ϵ_nk^G0W0 (eV)
 
    1 (occ)        -2739.560           4.266        -300.467        -187.110        -2848.652
    2 (occ)         -250.027           5.499         -97.735         -60.451         -281.812
    3 (occ)         -190.801           5.850         -89.741         -61.976         -212.716
    4 (occ)         -190.530           5.948         -90.077         -62.078         -212.580
    5 (occ)         -190.530           5.948         -90.077         -62.078         -212.580
    6 (occ)          -21.093           6.457         -27.611         -18.433          -23.814
    7 (occ)          -11.764           0.719         -20.921         -15.810          -16.156
    8 (occ)           -8.020           0.634         -20.624         -15.780          -12.230
    9 (occ)           -8.020           0.634         -20.624         -15.780          -12.230
   10 (vir)           -0.869          -1.402          -4.297          -8.620            2.052
   11 (vir)            2.385          -1.175          -3.149          -7.135            5.196
   12 (vir)            4.316          -1.094          -2.297          -5.913            6.839
   13 (vir)            4.529          -0.779          -2.291          -5.665            7.124
   14 (vir)            4.529          -0.779          -2.291          -5.665            7.124
   15 (vir)            6.256          -2.074          -4.688         -10.556           10.050
   16 (vir)            6.256          -2.074          -4.688         -10.556           10.050
   17 (vir)            7.705          -2.066          -5.032         -11.007           11.614
   18 (vir)            7.705          -2.066          -5.032         -11.007           11.614
   19 (vir)            9.411          -1.575          -2.733          -6.994           12.097
   20 (vir)           12.828          -3.081          -3.041          -8.862           15.569
   21 (vir)           17.073          -3.101          -1.684          -7.361           19.649
   22 (vir)           17.073          -3.101          -1.684          -7.361           19.649
   23 (vir)           22.100          -3.353          -1.844          -7.898           24.800
   24 (vir)           26.416          -3.037          -2.695          -8.919           29.603
   25 (vir)           27.688          -3.793          -4.416         -11.750           31.228
   26 (vir)           27.688          -3.793          -4.416         -11.750           31.228
   27 (vir)           28.344          -3.433          -2.954          -9.384           31.340
   28 (vir)           28.676          -4.712          -3.972         -12.866           32.858
   29 (vir)           28.676          -4.712          -3.972         -12.866           32.858
   30 (vir)           29.157          -4.895          -4.554         -13.941           33.649
   31 (vir)           29.157          -4.895          -4.554         -13.941           33.649
   32 (vir)           32.431          -3.511          -3.921         -13.156           38.155
   33 (vir)           32.951           0.352          -2.258         -10.388           41.433
   34 (vir)           32.951           0.352          -2.258         -10.388           41.432
   35 (vir)           34.169           0.857          -2.337         -10.544           43.233
   36 (vir)           34.169           0.857          -2.337         -10.544           43.233
   37 (vir)           39.796           0.365          -2.205         -10.456           48.413
   38 (vir)           39.796           0.365          -2.205         -10.456           48.413
   39 (vir)           45.843           0.285          -3.160         -11.680           54.648
   40 (vir)           55.860           1.438          -1.024          -8.816           65.090
   41 (vir)           55.860           1.438          -1.024          -8.816           65.090
   42 (vir)           58.480           0.535          -1.632         -10.335           67.717
   43 (vir)           58.480           0.535          -1.632         -10.335           67.717
   44 (vir)           62.824          -0.056          -4.212         -13.664           72.220
   45 (vir)           68.855          -0.761          -2.600         -11.611           77.105
   46 (vir)           72.426          -0.476          -1.718         -10.345           80.577
   47 (vir)           72.426          -0.476          -1.718         -10.345           80.577
   48 (vir)           76.210          -0.350          -2.454         -12.325           85.731
   49 (vir)           84.232          -0.399          -5.647         -18.799           96.985
   50 (vir)           84.232          -0.399          -5.647         -18.799           96.985
   51 (vir)           86.592          -0.120          -4.844         -17.574           99.203
   52 (vir)           86.592          -0.120          -4.844         -17.574           99.203
   53 (vir)           90.183          -0.138          -4.487         -16.735          102.293
   54 (vir)           94.109           0.482          -2.108         -14.209          106.691
   55 (vir)           94.109           0.482          -2.108         -14.209          106.691
   56 (vir)           94.997           0.862          -2.174         -14.375          108.059
   57 (vir)           94.997           0.862          -2.174         -14.375          108.059
   58 (vir)           98.534           0.005          -2.278         -14.601          110.861
   59 (vir)           98.535           0.005          -2.278         -14.600          110.861
   60 (vir)           99.789          -0.554          -6.907         -20.600          112.927
   61 (vir)          101.697          -0.816          -8.863         -23.142          115.160
   62 (vir)          101.697          -0.816          -8.863         -23.142          115.160
   63 (vir)          103.406           0.144          -3.065         -16.654          117.139
   64 (vir)          103.406           0.144          -3.065         -16.654          117.139
   65 (vir)          105.016           0.221          -2.564         -15.609          118.282
   66 (vir)          105.016           0.221          -2.564         -15.609          118.282
   67 (vir)          105.371           0.217          -2.926         -16.115          118.777
   68 (vir)          105.371           0.217          -2.926         -16.115          118.777
   69 (vir)          116.073           0.069          -2.346         -15.008          128.805
   70 (vir)          122.516          -0.153          -2.240         -14.478          134.601
   71 (vir)          122.516          -0.153          -2.240         -14.478          134.601
   72 (vir)          125.873          -0.362          -3.114         -16.485          138.882
   73 (vir)          155.905           0.604          -0.668         -10.789          166.630
   74 (vir)          155.905           0.604          -0.668         -10.789          166.630
   75 (vir)          173.068          -0.655          -0.928         -12.181          183.666
   76 (vir)          173.069          -0.655          -0.928         -12.181          183.666
   77 (vir)          178.848           0.347          -3.701         -16.945          192.439
   78 (vir)          186.867          -0.301          -1.236         -13.607          198.937
   79 (vir)          186.867          -0.301          -1.236         -13.607          198.937
   80 (vir)          189.793          -0.092          -1.343         -14.370          202.729
   81 (vir)          211.980           0.139          -0.765         -12.676          224.030
   82 (vir)          211.980           0.139          -0.765         -12.675          224.030
   83 (vir)          220.585           0.678          -1.062         -14.192          234.394
   84 (vir)          220.585           0.678          -1.062         -14.192          234.394
   85 (vir)          224.883          -0.734         -11.011         -28.378          241.516
   86 (vir)          227.295           0.752          -0.795         -12.649          239.901
   87 (vir)          227.295           0.752          -0.795         -12.649          239.901
   88 (vir)          236.946           0.454          -1.648         -15.004          250.757
   89 (vir)          270.608          -0.282          -5.701         -22.663          287.289
   90 (vir)          283.889          -0.794         -15.030         -37.699          305.764
   91 (vir)          283.889          -0.794         -15.030         -37.699          305.764
   92 (vir)          286.407          -0.816         -14.808         -37.431          308.215
   93 (vir)          286.407          -0.816         -14.808         -37.431          308.215
   94 (vir)          313.540          -0.494         -10.289         -30.788          333.545
   95 (vir)          775.714          -1.411         -20.909         -55.326          808.720
   96 (vir)         1124.764          -2.691         -37.643         -90.549         1174.979
   97 (vir)         1124.764          -2.691         -37.643         -90.549         1174.979
   98 (vir)         1129.257          -2.357         -37.067         -89.941         1179.774
   99 (vir)         2660.815          -2.059         -35.471        -100.776         2724.061
  100 (vir)        14264.150          -2.228         -55.450        -224.080        14430.552
