 
  kpoint:     0.0000    0.0000    0.0000
 
    n          ϵ_nk^DFT (eV)     Σ^c_nk (eV)     Σ^x_nk (eV)     v_n^xc (eV)   ϵ_nk^G0W0 (eV)
 
    1 (occ)         -269.320           3.646         -96.884         -61.541         -301.018
    2 (occ)         -269.139           3.391         -96.856         -61.535         -301.068
    3 (occ)         -269.106           3.578         -96.895         -61.542         -300.880
    4 (occ)         -269.105           3.581         -96.892         -61.544         -300.872
    5 (occ)         -269.060           3.611         -96.887         -61.547         -300.790
    6 (occ)         -269.056           3.616         -96.889         -61.547         -300.783
    7 (occ)         -269.056           3.631         -96.887         -61.547         -300.765
    8 (occ)         -268.821           3.421         -96.864         -61.539         -300.725
    9 (occ)          -21.216           7.698         -26.466         -16.817          -23.167
   10 (occ)          -19.428           6.195         -25.526         -16.484          -22.276
   11 (occ)          -18.300           5.948         -25.610         -16.910          -21.052
   12 (occ)          -17.758           5.511         -25.215         -16.700          -20.762
   13 (occ)          -15.509           4.268         -23.786         -16.160          -18.867
   14 (occ)          -14.799           4.184         -23.388         -16.227          -17.777
   15 (occ)          -14.071           3.761         -22.974         -16.053          -17.231
   16 (occ)          -12.463           2.982         -20.822         -14.813          -15.490
   17 (occ)          -11.367           2.468         -21.160         -15.545          -14.514
   18 (occ)          -11.075           2.486         -20.908         -15.120          -14.377
   19 (occ)          -10.401           2.056         -20.275         -14.938          -13.682
   20 (occ)          -10.202           2.013         -20.710         -15.413          -13.486
   21 (occ)          -10.002           1.960         -20.617         -15.347          -13.313
   22 (occ)           -9.628           1.877         -19.710         -14.941          -12.520
   23 (occ)           -8.954           1.635         -19.700         -14.828          -12.191
   24 (occ)           -8.581           1.783         -18.265         -13.964          -11.099
   25 (occ)           -8.377           1.278         -19.819         -15.004          -11.913
   26 (occ)           -7.885           1.213         -20.023         -15.414          -11.280
   27 (occ)           -7.873           1.216         -20.449         -16.016          -11.091
   28 (occ)           -6.222           0.062         -16.097         -13.506           -8.751
   29 (occ)           -6.000          -0.041         -16.322         -13.825           -8.537
   30 (vir)           -1.142          -2.765          -8.015         -12.952            1.030
   31 (vir)           -1.113          -2.757          -8.136         -13.031            1.025
   32 (vir)            0.117          -1.423          -2.307          -5.525            1.913
   33 (vir)            0.528          -1.336          -2.165          -5.341            2.368
   34 (vir)            0.704          -1.312          -1.909          -4.931            2.414
   35 (vir)            0.969          -1.256          -1.804          -4.804            2.713
   36 (vir)            1.343          -1.338          -1.893          -4.966            3.078
   37 (vir)            1.469          -1.276          -1.783          -4.768            3.178
   38 (vir)            1.901          -1.470          -1.954          -5.231            3.708
   39 (vir)            1.911          -1.768          -2.511          -6.080            3.712
   40 (vir)            2.185          -1.495          -2.143          -5.491            4.038
   41 (vir)            2.496          -2.922          -3.692          -8.338            4.219
   42 (vir)            2.583          -1.501          -2.094          -5.457            4.445
   43 (vir)            2.852          -2.513          -3.033          -7.185            4.491
   44 (vir)            2.936          -1.515          -1.938          -5.259            4.742
   45 (vir)            3.446          -1.538          -2.030          -5.423            5.301
   46 (vir)            3.514          -1.952          -2.286          -5.969            5.245
   47 (vir)            3.557          -1.392          -1.585          -4.742            5.321
   48 (vir)            3.892          -1.921          -2.473          -6.235            5.733
   49 (vir)            3.992          -1.381          -1.488          -4.712            5.835
   50 (vir)            4.282          -1.488          -1.497          -4.745            6.043
   51 (vir)            4.422          -1.467          -1.805          -5.063            6.213
   52 (vir)            4.561          -1.672          -2.126          -5.687            6.450
   53 (vir)            5.111          -1.951          -2.706          -6.676            7.130
   54 (vir)            5.504          -1.830          -2.108          -5.817            7.383
   55 (vir)            5.783          -2.081          -2.942          -7.013            7.773
   56 (vir)            6.017          -1.848          -1.590          -5.207            7.786
   57 (vir)            6.106          -2.149          -2.585          -6.748            8.119
   58 (vir)            6.369          -2.285          -3.465          -7.670            8.290
   59 (vir)            6.394          -2.640          -4.651          -9.536            8.638
   60 (vir)            6.669          -2.519          -4.157          -8.947            8.940
   61 (vir)            6.958          -2.386          -3.231          -7.725            9.065
   62 (vir)            7.297          -2.100          -2.505          -6.572            9.265
   63 (vir)            7.373          -2.359          -3.157          -7.557            9.413
   64 (vir)            7.411          -1.909          -2.256          -5.971            9.217
   65 (vir)            7.614          -2.168          -2.674          -6.781            9.554
   66 (vir)            7.629          -2.116          -2.788          -6.973            9.697
   67 (vir)            7.685          -2.632          -3.475          -8.078            9.657
   68 (vir)            7.732          -2.052          -2.440          -6.400            9.640
   69 (vir)            8.041          -1.718          -1.805          -5.405            9.923
   70 (vir)            8.045          -2.695          -2.427          -6.196            9.119
   71 (vir)            8.281          -2.589          -3.280          -7.751           10.162
   72 (vir)            8.510          -2.562          -3.340          -7.966           10.575
   73 (vir)            8.518          -2.839          -3.766          -8.630           10.543
   74 (vir)            8.551          -3.030          -3.600          -8.333           10.254
   75 (vir)            8.952          -2.543          -3.061          -7.778           11.125
   76 (vir)            9.304          -2.512          -2.770          -7.486           11.508
   77 (vir)            9.375          -2.267          -2.560          -6.843           11.390
   78 (vir)           10.428          -2.435          -2.398          -6.983           12.578
   79 (vir)           10.622          -2.033          -2.254          -6.207           12.543
   80 (vir)           10.743          -2.604          -2.855          -7.488           12.772
   81 (vir)           10.901          -2.446          -2.968          -7.467           12.954
   82 (vir)           10.967          -2.697          -2.849          -7.670           13.092
   83 (vir)           11.716          -1.995          -2.081          -6.012           13.652
   84 (vir)           11.911          -2.271          -2.236          -6.390           13.794
   85 (vir)           12.434          -2.366          -1.971          -6.352           14.448
   86 (vir)           12.759          -2.248          -1.811          -5.945           14.646
   87 (vir)           12.943          -2.534          -2.028          -6.740           15.120
   88 (vir)           13.032          -2.229          -1.721          -5.870           14.952
   89 (vir)           13.180          -3.200          -2.948          -8.495           15.527
   90 (vir)           13.194          -2.445          -2.214          -6.783           15.319
   91 (vir)           13.662          -2.890          -2.230          -7.347           15.889
   92 (vir)           13.947          -2.970          -2.542          -7.570           16.005
   93 (vir)           14.491          -3.695          -3.357          -8.926           16.366
   94 (vir)           14.626          -4.663          -4.853         -12.045           17.154
   95 (vir)           14.751          -3.209          -2.862          -8.452           17.132
   96 (vir)           14.818          -2.675          -2.381          -7.291           17.054
   97 (vir)           15.339          -4.334          -3.333          -9.138           16.811
   98 (vir)           15.472          -3.110          -2.672          -8.252           17.941
   99 (vir)           15.554          -3.200          -2.866          -8.333           17.821
  100 (vir)           15.890          -3.296          -2.784          -8.454           18.264
  101 (vir)           16.403          -3.129          -2.464          -7.788           18.598
  102 (vir)           16.709          -3.368          -2.672          -8.321           18.990
  103 (vir)           17.181          -3.292          -2.408          -7.934           19.415
  104 (vir)           17.490          -3.767          -2.324          -8.251           19.650
  105 (vir)           17.943          -3.063          -2.098          -7.468           20.251
  106 (vir)           17.977          -3.575          -3.025          -8.815           20.192
  107 (vir)           18.100          -3.503          -2.113          -7.849           20.333
  108 (vir)           18.429          -3.096          -3.219          -8.846           20.960
  109 (vir)           18.712          -3.307          -2.002          -7.645           21.049
  110 (vir)           18.882          -3.884          -2.686          -8.766           21.078
  111 (vir)           19.204          -3.544          -2.244          -7.953           21.369
  112 (vir)           19.301          -3.873          -2.338          -8.325           21.415
  113 (vir)           19.492          -3.815          -2.091          -8.070           21.656
  114 (vir)           19.512          -4.274          -2.365          -8.722           21.594
  115 (vir)           19.642          -3.657          -2.108          -7.906           21.784
  116 (vir)           19.839          -3.850          -1.938          -7.870           21.922
  117 (vir)           20.240          -3.605          -2.372          -8.253           22.517
  118 (vir)           20.726          -3.530          -1.997          -7.627           22.827
  119 (vir)           20.813          -3.515          -1.932          -7.660           23.025
  120 (vir)           20.982          -3.688          -2.294          -8.107           23.107
  121 (vir)           21.287          -3.781          -1.847          -7.847           23.506
  122 (vir)           21.579          -3.591          -2.170          -7.914           23.733
  123 (vir)           21.601          -3.118          -1.823          -7.019           23.680
  124 (vir)           21.761          -3.667          -2.189          -7.949           23.855
  125 (vir)           21.821          -3.558          -2.083          -7.817           23.998
  126 (vir)           22.452          -3.481          -1.994          -7.919           24.897
  127 (vir)           22.547          -3.760          -2.197          -8.114           24.705
  128 (vir)           22.763          -3.818          -2.491          -8.457           24.911
  129 (vir)           23.136          -3.937          -2.199          -8.259           25.258
  130 (vir)           23.224          -4.142          -2.456          -8.618           25.243
  131 (vir)           23.266          -3.610          -1.917          -7.809           25.548
  132 (vir)           23.617          -3.798          -1.918          -7.860           25.761
  133 (vir)           23.741          -3.692          -2.408          -8.584           26.225
  134 (vir)           23.920          -3.944          -1.920          -7.936           25.991
  135 (vir)           24.259          -3.652          -1.971          -8.057           26.693
  136 (vir)           24.284          -3.781          -1.933          -7.890           26.460
  137 (vir)           24.793          -3.251          -1.531          -7.020           27.031
  138 (vir)           24.913          -3.638          -1.784          -7.780           27.273
  139 (vir)           25.176          -3.867          -1.805          -7.837           27.341
  140 (vir)           25.552          -3.558          -1.654          -7.566           27.906
  141 (vir)           25.787          -3.806          -1.909          -7.926           27.997
  142 (vir)           25.985          -3.647          -1.782          -7.631           28.187
  143 (vir)           26.332          -3.338          -1.823          -7.776           28.946
  144 (vir)           26.602          -3.251          -1.555          -6.932           28.727
  145 (vir)           26.640          -2.965          -1.946          -7.483           29.212
  146 (vir)           26.916          -3.329          -1.787          -7.367           29.167
  147 (vir)           26.957          -3.468          -1.733          -7.803           29.559
  148 (vir)           27.278          -3.728          -1.874          -7.953           29.629
  149 (vir)           27.826          -3.070          -1.705          -7.285           30.336
  150 (vir)           27.843          -3.647          -1.604          -7.411           30.003
  151 (vir)           28.265          -3.520          -1.716          -7.704           30.733
  152 (vir)           28.447          -3.451          -2.105          -8.662           31.553
  153 (vir)           28.676          -3.597          -1.682          -7.636           31.035
  154 (vir)           29.105          -3.042          -1.224          -6.725           31.565
  155 (vir)           29.414          -3.097          -1.797          -7.984           32.504
  156 (vir)           29.812          -3.727          -1.694          -7.862           32.253
  157 (vir)           29.940          -3.528          -1.633          -7.760           32.538
  158 (vir)           30.255          -3.596          -1.745          -7.879           32.793
  159 (vir)           30.379          -4.428          -2.412          -9.342           32.880
  160 (vir)           30.781          -3.848          -1.953          -8.450           33.430
  161 (vir)           30.963          -3.050          -1.697          -8.015           34.231
  162 (vir)           31.569          -5.384          -1.933          -8.495           32.746
  163 (vir)           31.984          -3.618          -1.731          -8.123           34.757
  164 (vir)           32.256          -2.989          -1.646          -7.816           35.436
  165 (vir)           32.600          -3.699          -1.487          -7.827           35.241
  166 (vir)           32.649          -2.404          -1.533          -7.580           36.292
  167 (vir)           33.397          -3.082          -1.186          -7.069           36.198
  168 (vir)           33.434          -2.486          -1.892          -7.838           36.894
  169 (vir)           34.241          -3.240          -1.758          -8.253           37.496
  170 (vir)           34.320          -2.303          -1.429          -7.453           38.041
  171 (vir)           34.868          -3.280          -1.444          -7.594           37.738
  172 (vir)           35.465          -3.550          -1.646          -8.063           38.332
  173 (vir)           35.734          -3.127          -1.480          -7.709           38.836
  174 (vir)           35.876          -2.652          -1.309          -7.371           39.287
  175 (vir)           36.545          -2.923          -1.403          -7.719           39.938
  176 (vir)           37.178          -2.906          -1.203          -7.301           40.370
  177 (vir)           37.470          -2.364          -1.133          -6.811           40.784
  178 (vir)           38.045          -2.332          -1.242          -7.042           41.512
  179 (vir)           38.473          -3.084          -1.595          -8.092           41.886
  180 (vir)           38.621          -2.185          -1.489          -7.661           42.608
  181 (vir)           39.077          -1.672          -1.547          -7.817           43.676
  182 (vir)           39.156          -3.498          -1.755          -8.649           42.551
  183 (vir)           39.736          -2.379          -1.987          -9.033           44.402
  184 (vir)           40.404          -2.582          -1.885          -8.859           44.795
  185 (vir)           40.591          -2.057          -1.724          -8.704           45.514
  186 (vir)           40.977          -3.185          -2.194          -9.410           45.007
  187 (vir)           41.486          -3.640          -2.411         -10.287           45.722
  188 (vir)           41.635          -3.243          -2.824         -10.862           46.430
  189 (vir)           42.711          -3.255          -2.235          -9.794           47.015
  190 (vir)           42.813          -3.454          -2.113          -9.649           46.895
  191 (vir)           43.315          -5.792          -2.672         -10.832           45.683
  192 (vir)           43.435          -3.043          -2.177          -9.922           48.137
  193 (vir)           44.446          -2.568          -1.924          -8.968           48.922
  194 (vir)           44.455          -3.936          -3.163         -12.079           49.435
  195 (vir)           45.115          -1.939          -2.490         -10.455           51.141
  196 (vir)           45.172          -3.133          -2.722         -11.075           50.391
  197 (vir)           45.263          -2.960          -2.669         -11.003           50.638
  198 (vir)           46.157          -2.801          -2.379         -10.571           51.549
  199 (vir)           46.524          -2.648          -2.622         -11.167           52.421
  200 (vir)           46.877          -2.939          -2.622         -11.113           52.430
  201 (vir)           47.156          -2.636          -2.215         -10.168           52.472
  202 (vir)           47.372          -2.506          -2.307         -10.567           53.126
  203 (vir)           47.678          -3.026          -2.459         -10.722           52.915
  204 (vir)           47.781          -2.568          -2.740         -11.281           53.753
  205 (vir)           48.093          -2.564          -2.479         -10.890           53.939
  206 (vir)           48.360          -2.168          -2.568         -10.973           54.597
  207 (vir)           48.966          -1.495          -2.520         -10.819           55.770
  208 (vir)           48.999          -2.274          -2.294         -10.622           55.053
  209 (vir)           49.149          -2.332          -2.292         -10.526           55.051
  210 (vir)           49.337          -2.094          -2.230         -10.414           55.428
  211 (vir)           50.138          -2.524          -2.226         -10.567           55.955
  212 (vir)           50.397          -0.695          -2.015         -10.044           57.731
  213 (vir)           50.648          -2.252          -2.423         -11.097           57.070
  214 (vir)           50.824          -2.333          -2.097         -10.377           56.771
  215 (vir)           51.288          -2.269          -2.231         -10.511           57.298
  216 (vir)           51.448          -1.959          -2.054         -10.159           57.593
  217 (vir)           51.667          -1.295          -2.353         -10.795           58.814
  218 (vir)           51.883          -2.301          -2.078         -10.602           58.106
  219 (vir)           52.028          -1.260          -2.174         -10.312           58.906
  220 (vir)           52.471          -2.039          -2.194         -10.687           58.925
  221 (vir)           52.632          -2.173          -2.318         -10.975           59.116
  222 (vir)           52.824          -1.989          -2.140         -10.781           59.476
  223 (vir)           53.186          -1.990          -2.180         -10.709           59.725
  224 (vir)           53.397          -2.415          -2.245         -10.974           59.711
  225 (vir)           53.978          -2.065          -2.350         -10.991           60.554
  226 (vir)           54.085          -1.950          -2.386         -11.189           60.938
  227 (vir)           54.533          -1.617          -2.330         -10.975           61.561
  228 (vir)           54.721          -2.381          -2.078         -10.736           60.997
  229 (vir)           54.723          -1.340          -1.869         -10.306           61.821
  230 (vir)           55.259          -1.291          -1.881         -10.209           62.296
  231 (vir)           55.487           0.034          -2.216         -10.804           64.109
  232 (vir)           55.886          -1.402          -1.820         -10.178           62.843
  233 (vir)           56.198          -1.403          -2.452         -11.508           63.850
  234 (vir)           56.214          -1.331          -2.296         -10.856           63.444
  235 (vir)           56.370          -2.221          -2.103         -10.547           62.592
  236 (vir)           56.857          -1.459          -2.070         -10.632           63.961
  237 (vir)           56.904          -1.717          -2.126         -10.858           63.921
  238 (vir)           57.034          -1.377          -2.104         -10.594           64.148
  239 (vir)           57.044          -1.467          -1.811          -9.850           63.616
  240 (vir)           57.190          -0.880          -1.884         -10.342           64.768
  241 (vir)           57.491          -1.596          -1.857         -10.465           64.504
  242 (vir)           57.800           0.637          -1.787         -10.259           66.909
  243 (vir)           58.070          -1.712          -2.079         -10.683           64.961
  244 (vir)           58.099          -1.469          -1.865         -10.352           65.117
  245 (vir)           58.654          -1.415          -2.005         -10.842           66.076
  246 (vir)           58.744          -1.407          -2.101         -10.872           66.108
  247 (vir)           59.170           0.991          -1.813         -10.066           68.415
  248 (vir)           59.389          -1.190          -1.594          -9.999           66.603
  249 (vir)           60.031          -1.182          -1.521          -9.742           67.070
  250 (vir)           60.159           0.422          -1.692         -10.310           69.198
  251 (vir)           60.168          -1.045          -1.668         -10.030           67.484
  252 (vir)           60.323          -1.963          -1.918         -10.520           66.962
  253 (vir)           60.354          -1.848          -2.147         -10.697           67.056
  254 (vir)           60.762          -1.505          -2.194         -11.187           68.251
  255 (vir)           61.118          -1.177          -1.898         -10.819           68.861
  256 (vir)           61.371          -1.100          -1.841         -10.552           68.984
  257 (vir)           62.280          -1.688          -2.217         -11.078           69.453
  258 (vir)           62.758          -1.276          -2.003         -10.811           70.290
  259 (vir)           62.765          -1.375          -1.788         -10.470           70.072
  260 (vir)           63.093          -2.121          -2.127         -10.914           69.759
  261 (vir)           63.436          -1.642          -2.008         -10.784           70.569
  262 (vir)           64.215          -1.188          -1.844         -10.696           71.880
  263 (vir)           64.239          -2.228          -1.948         -10.524           70.587
  264 (vir)           64.401          -1.299          -2.105         -11.138           72.135
  265 (vir)           64.791          -0.766          -2.299         -11.623           73.349
  266 (vir)           64.926          -0.935          -1.914         -10.792           72.870
  267 (vir)           65.224          -1.494          -1.947         -10.833           72.616
  268 (vir)           65.389          -1.112          -1.585         -10.248           72.940
  269 (vir)           65.472          -1.799          -2.022         -10.804           72.455
  270 (vir)           66.041          -1.411          -1.970         -10.861           73.522
  271 (vir)           66.190          -1.972          -1.931         -10.647           72.934
  272 (vir)           66.756          -0.466          -1.343          -9.724           74.671
  273 (vir)           67.278          -1.375          -1.857         -10.520           74.567
  274 (vir)           67.686          -0.849          -1.956         -11.076           75.958
  275 (vir)           67.733          -1.451          -1.729         -10.460           75.013
  276 (vir)           67.927          -1.070          -2.208         -11.456           76.105
  277 (vir)           67.964          -1.019          -2.745         -12.895           77.095
  278 (vir)           68.199          -1.040          -1.722         -10.440           75.877
  279 (vir)           68.305          -0.975          -2.215         -11.527           76.643
  280 (vir)           68.472          -0.904          -2.271         -11.519           76.816
  281 (vir)           69.017          -1.557          -1.967         -10.893           76.386
  282 (vir)           69.277          -1.359          -1.922         -11.046           77.042
  283 (vir)           69.531          -1.470          -1.731         -10.279           76.609
  284 (vir)           69.593          -0.503          -1.422          -9.908           77.576
  285 (vir)           69.748          -0.782          -1.788         -10.665           77.844
  286 (vir)           70.310          -0.664          -2.066         -11.325           78.905
  287 (vir)           70.319          -1.275          -2.402         -12.010           78.653
  288 (vir)           70.438          -1.449          -2.750         -12.847           79.087
  289 (vir)           70.515          -0.363          -1.333          -9.824           78.643
  290 (vir)           70.733          -1.437          -1.953         -10.880           78.222
  291 (vir)           71.531          -0.584          -1.773         -10.733           79.906
  292 (vir)           71.623          -1.133          -1.798         -10.831           79.523
  293 (vir)           72.303          -1.428          -2.114         -11.332           80.093
  294 (vir)           72.677          -1.018          -1.877         -10.901           80.682
  295 (vir)           72.746          -0.647          -1.919         -11.106           81.286
  296 (vir)           73.289          -1.862          -1.564         -10.231           80.094
  297 (vir)           73.330          -0.994          -2.015         -11.351           81.672
  298 (vir)           73.814          -0.710          -1.880         -11.081           82.305
  299 (vir)           74.140          -1.763          -1.939         -11.215           81.654
  300 (vir)           74.405          -0.815          -1.880         -11.058           82.768
  301 (vir)           74.645          -1.146          -1.551         -10.499           82.446
  302 (vir)           74.776          -0.400          -1.560         -10.429           83.245
  303 (vir)           74.806          -0.259          -1.385         -10.148           83.310
  304 (vir)           75.009          -1.043          -1.757         -10.801           83.010
  305 (vir)           75.329          -0.442          -1.545         -10.460           83.803
  306 (vir)           75.810          -0.838          -1.328          -9.737           83.380
  307 (vir)           75.968          -0.991          -1.969         -11.267           84.275
  308 (vir)           75.978          -0.627          -1.300          -9.893           83.943
  309 (vir)           76.272          -1.003          -1.580         -10.507           84.197
  310 (vir)           76.581          -0.077          -1.788         -10.902           85.619
  311 (vir)           77.015          -1.376          -1.766         -10.840           84.713
  312 (vir)           77.057          -0.746          -1.526         -10.391           85.177
  313 (vir)           77.991          -0.457          -1.772         -11.049           86.811
  314 (vir)           78.031          -0.036          -1.255          -9.770           86.511
  315 (vir)           79.030          -0.585          -1.445         -10.463           87.463
  316 (vir)           79.589          -0.876          -1.833         -11.236           88.116
  317 (vir)           79.602          -0.382          -1.681         -10.972           88.511
  318 (vir)           79.939          -0.445          -1.754         -10.937           88.677
  319 (vir)           80.036          -0.753          -2.012         -11.934           89.205
  320 (vir)           80.178          -0.557          -1.968         -11.827           89.481
  321 (vir)           81.233          -0.323          -1.636         -11.034           90.307
  322 (vir)           81.578          -0.467          -2.542         -12.974           91.544
  323 (vir)           82.133          -0.265          -1.622         -11.139           91.384
  324 (vir)           82.219          -0.782          -1.554         -10.515           90.398
  325 (vir)           82.264          -0.266          -1.619         -10.933           91.312
  326 (vir)           82.834          -1.011          -1.797         -11.480           91.506
  327 (vir)           82.835          -0.504          -1.821         -11.283           91.792
  328 (vir)           83.168          -0.588          -1.581         -10.911           91.910
  329 (vir)           83.476          -0.602          -1.857         -11.424           92.441
  330 (vir)           83.922          -0.596          -1.917         -11.964           93.372
  331 (vir)           85.271          -0.285          -1.658         -11.446           94.774
  332 (vir)           85.273          -0.086          -1.215         -10.034           94.005
  333 (vir)           86.133          -0.124          -1.590         -10.800           95.218
  334 (vir)           86.144          -0.470          -1.726         -11.474           95.421
  335 (vir)           86.696          -0.967          -2.273         -12.475           95.929
  336 (vir)           86.867          -0.353          -1.866         -11.731           96.379
  337 (vir)           87.676          -0.410          -1.865         -11.789           97.190
  338 (vir)           88.120          -0.614          -2.570         -13.238           98.174
  339 (vir)           88.622          -1.068          -1.568         -10.923           96.909
  340 (vir)           89.282          -0.331          -2.027         -12.180           99.103
  341 (vir)           89.464          -0.592          -2.756         -13.718           99.835
  342 (vir)           89.697          -0.154          -1.890         -11.849           99.502
  343 (vir)           89.888          -0.474          -2.024         -12.013           99.403
  344 (vir)           90.426          -0.702          -1.714         -11.154           99.164
  345 (vir)           90.449          -0.996          -2.599         -13.459          100.313
  346 (vir)           91.127          -0.700          -1.953         -11.708          100.181
  347 (vir)           91.734          -0.457          -2.127         -12.470          101.619
  348 (vir)           91.851          -0.317          -2.175         -12.272          101.631
  349 (vir)           92.294          -0.163          -2.576         -13.207          102.762
  350 (vir)           92.822           0.223          -2.526         -13.249          103.768
  351 (vir)           93.010          -0.617          -1.811         -11.831          102.412
  352 (vir)           93.037          -0.063          -2.255         -12.767          103.485
  353 (vir)           93.485           0.004          -2.434         -13.056          104.111
  354 (vir)           94.478          -0.177          -2.414         -13.515          105.402
  355 (vir)           95.024          -0.743          -2.313         -13.051          105.020
  356 (vir)           95.209          -0.462          -2.199         -12.611          105.159
  357 (vir)           96.022          -0.768          -2.227         -12.868          105.895
  358 (vir)           96.258           0.098          -2.536         -14.090          107.910
  359 (vir)           96.298          -0.557          -2.415         -13.531          106.857
  360 (vir)           96.975          -0.305          -1.821         -12.602          107.450
  361 (vir)           97.192          -0.098          -1.943         -12.565          107.716
  362 (vir)           97.802          -0.207          -2.106         -12.555          108.043
  363 (vir)           98.549          -0.050          -2.078         -12.963          109.385
  364 (vir)           98.708           0.215          -2.268         -13.250          109.905
  365 (vir)           99.771          -0.755          -2.545         -13.845          110.315
  366 (vir)          100.507           0.047          -2.307         -13.039          111.285
  367 (vir)          101.030          -0.335          -2.062         -13.030          111.663
  368 (vir)          101.819          -0.466          -2.680         -14.265          112.938
  369 (vir)          102.161           1.000          -1.667         -12.105          113.598
  370 (vir)          102.585          -0.141          -1.870         -12.612          113.186
  371 (vir)          103.011          -0.191          -2.234         -13.416          114.002
  372 (vir)          103.300          -0.118          -2.322         -13.757          114.617
  373 (vir)          104.174          -0.069          -1.600         -11.834          114.339
  374 (vir)          104.466           0.037          -1.760         -12.211          114.954
  375 (vir)          104.929          -0.115          -2.140         -13.096          115.771
  376 (vir)          105.277          -0.140          -2.039         -12.848          115.946
  377 (vir)          106.118          -0.671          -2.023         -13.379          116.803
  378 (vir)          106.846           0.069          -1.349         -11.546          117.112
  379 (vir)          107.165          -0.518          -2.051         -13.106          117.702
  380 (vir)          108.469          -0.607          -2.273         -13.608          119.198
  381 (vir)          109.079          -0.432          -2.439         -14.033          120.241
  382 (vir)          109.258          -0.264          -1.966         -13.009          120.037
  383 (vir)          110.902          -0.605          -2.214         -13.360          121.444
  384 (vir)          110.911          -0.233          -2.434         -14.009          122.253
  385 (vir)          111.332          -0.615          -2.262         -13.703          122.158
  386 (vir)          112.281          -0.325          -1.919         -13.192          123.229
  387 (vir)          113.946          -0.102          -1.911         -13.333          125.265
  388 (vir)          114.271           0.101          -1.904         -12.986          125.454
  389 (vir)          114.942          -0.773          -2.129         -13.800          125.841
  390 (vir)          116.213          -0.626          -2.549         -14.735          127.774
  391 (vir)          117.854           0.043          -2.125         -14.108          129.879
  392 (vir)          118.250          -0.564          -2.182         -14.044          129.548
  393 (vir)          120.110          -0.152          -2.000         -14.045          132.003
  394 (vir)          121.305          -0.214          -2.270         -14.355          133.177
  395 (vir)          121.814          -0.097          -2.092         -13.959          133.583
  396 (vir)          122.227          -0.004          -2.093         -14.000          134.132
  397 (vir)          124.409           0.084          -3.052         -16.403          137.844
  398 (vir)          125.516          -0.169          -2.289         -14.950          138.008
  399 (vir)          125.969           0.087          -2.477         -15.215          138.794
  400 (vir)          126.981          -0.460          -1.835         -13.841          138.526
  401 (vir)          128.635          -0.468          -1.817         -13.704          140.053
  402 (vir)          128.716          -0.014          -2.830         -15.969          141.842
  403 (vir)          129.669          -0.136          -2.290         -14.994          142.238
  404 (vir)          130.761          -0.191          -1.948         -14.534          143.156
  405 (vir)          131.494          -0.547          -1.980         -14.551          143.518
  406 (vir)          132.018           0.003          -2.660         -15.634          144.995
  407 (vir)          132.708           0.040          -2.172         -14.902          145.478
  408 (vir)          134.374          -0.206          -2.363         -15.292          147.098
  409 (vir)          134.998          -0.170          -1.928         -14.436          147.336
  410 (vir)          135.381          -0.128          -1.867         -14.358          147.743
  411 (vir)          136.199           0.105          -1.753         -14.077          148.628
  412 (vir)          136.378           0.133          -1.860         -14.270          148.922
  413 (vir)          136.907          -0.184          -2.335         -15.323          149.711
  414 (vir)          137.244          -0.143          -2.092         -14.903          149.913
  415 (vir)          137.918          -0.135          -1.862         -14.398          150.319
  416 (vir)          138.862          -0.013          -2.194         -15.223          151.877
  417 (vir)          138.867          -0.126          -2.249         -15.250          151.741
  418 (vir)          139.111           0.054          -1.888         -14.511          151.788
  419 (vir)          140.186          -0.213          -2.042         -14.856          152.787
  420 (vir)          140.272          -0.124          -2.093         -15.052          153.107
  421 (vir)          140.672          -0.274          -2.111         -14.914          153.201
  422 (vir)          140.976           0.048          -1.981         -14.716          153.759
  423 (vir)          141.074           0.190          -1.874         -14.434          153.824
  424 (vir)          142.026          -0.214          -2.103         -15.002          154.710
  425 (vir)          143.525           0.053          -1.692         -14.190          156.075
  426 (vir)          143.974           0.060          -1.794         -14.360          156.600
  427 (vir)          144.082          -0.152          -1.835         -14.502          156.597
  428 (vir)          144.156           0.006          -1.879         -14.609          156.892
  429 (vir)          144.616          -0.159          -1.702         -14.165          156.921
  430 (vir)          146.005          -0.170          -1.709         -14.152          158.277
  431 (vir)          146.006           0.068          -1.898         -14.632          158.808
  432 (vir)          146.390          -0.284          -1.892         -14.716          158.931
  433 (vir)          147.349           0.281          -2.097         -14.899          160.432
  434 (vir)          147.516          -0.081          -2.074         -15.183          160.544
  435 (vir)          147.533           0.080          -1.693         -14.064          159.984
  436 (vir)          147.829          -0.540          -2.093         -15.349          160.545
  437 (vir)          148.028           0.143          -1.724         -14.133          160.580
  438 (vir)          148.535           0.024          -1.656         -14.016          160.919
  439 (vir)          148.835           0.022          -1.674         -14.146          161.329
  440 (vir)          149.173          -0.128          -1.833         -14.456          161.668
  441 (vir)          150.455           0.027          -1.559         -13.888          162.811
  442 (vir)          150.479          -0.052          -1.604         -14.095          162.918
  443 (vir)          151.963          -0.165          -1.989         -15.188          164.998
  444 (vir)          152.289          -0.482          -1.649         -14.362          164.519
  445 (vir)          152.567          -0.170          -1.754         -14.522          165.165
  446 (vir)          153.231          -0.191          -1.670         -14.330          165.699
  447 (vir)          153.426           0.017          -1.695         -14.337          166.085
  448 (vir)          154.058           0.014          -1.718         -14.385          166.739
  449 (vir)          154.323          -0.265          -1.646         -14.181          166.594
  450 (vir)          154.849          -0.201          -1.736         -14.568          167.479
  451 (vir)          155.800          -0.030          -1.684         -14.371          168.457
  452 (vir)          155.935           0.230          -1.508         -13.783          168.441
  453 (vir)          156.040          -0.027          -2.010         -14.918          168.921
  454 (vir)          156.907           0.048          -1.420         -13.616          169.151
  455 (vir)          156.953           0.057          -2.099         -15.331          170.242
  456 (vir)          157.152          -0.032          -1.795         -14.777          170.102
  457 (vir)          157.514           0.188          -1.506         -13.770          169.966
  458 (vir)          157.766          -0.436          -1.744         -14.685          170.271
  459 (vir)          157.938           0.300          -1.495         -13.812          170.556
  460 (vir)          158.309           0.056          -1.688         -14.385          171.062
  461 (vir)          158.745           0.308          -1.363         -13.399          171.089
  462 (vir)          159.089          -0.068          -1.750         -14.630          171.901
  463 (vir)          159.238           0.118          -1.505         -13.781          171.633
  464 (vir)          159.316           0.075          -1.429         -13.628          171.589
  465 (vir)          159.334          -0.416          -1.843         -14.852          171.928
  466 (vir)          159.919           0.403          -1.441         -13.490          172.371
  467 (vir)          159.980          -0.109          -1.760         -14.626          172.736
  468 (vir)          160.660          -0.242          -1.725         -14.593          173.287
  469 (vir)          160.823          -0.184          -1.386         -13.604          172.856
  470 (vir)          161.226          -0.022          -1.402         -13.546          173.347
  471 (vir)          161.551           0.010          -1.585         -14.053          174.028
  472 (vir)          161.949          -0.421          -1.754         -14.683          174.457
  473 (vir)          162.028          -0.136          -1.695         -14.355          174.552
  474 (vir)          162.479          -0.060          -1.452         -13.803          174.770
  475 (vir)          162.837           0.038          -1.429         -13.798          175.244
  476 (vir)          162.990           0.156          -1.168         -12.833          174.811
  477 (vir)          163.076           0.004          -1.685         -14.353          175.748
  478 (vir)          163.280          -0.045          -1.794         -14.934          176.376
  479 (vir)          163.465          -0.160          -1.712         -14.499          176.091
  480 (vir)          163.945          -0.227          -2.099         -15.314          176.933
  481 (vir)          164.112           0.072          -1.562         -14.241          176.863
  482 (vir)          164.175          -0.102          -1.590         -14.257          176.740
  483 (vir)          164.835           0.043          -1.547         -14.180          177.512
  484 (vir)          164.895          -0.088          -1.501         -14.145          177.451
  485 (vir)          165.343          -0.057          -1.349         -13.680          177.618
  486 (vir)          165.636           0.032          -1.397         -13.622          177.894
  487 (vir)          165.825          -0.058          -1.657         -14.662          178.773
  488 (vir)          166.199           0.020          -1.516         -14.043          178.746
  489 (vir)          166.652          -0.087          -1.667         -14.542          179.440
  490 (vir)          166.838           0.098          -1.544         -14.188          179.579
  491 (vir)          167.148          -0.128          -1.872         -14.737          179.884
  492 (vir)          167.523          -0.317          -1.675         -14.381          179.911
  493 (vir)          167.787          -0.063          -1.647         -14.442          180.518
  494 (vir)          167.923          -0.014          -1.605         -14.246          180.550
  495 (vir)          167.938           0.171          -1.336         -13.578          180.351
  496 (vir)          168.600          -0.165          -1.651         -14.642          181.426
  497 (vir)          168.686          -0.149          -1.589         -14.306          181.254
  498 (vir)          168.985          -0.249          -1.460         -14.032          181.307
  499 (vir)          169.221          -0.040          -1.563         -14.263          181.880
  500 (vir)          169.493          -0.243          -1.777         -14.803          182.276
  501 (vir)          169.622           0.080          -1.527         -14.267          182.442
  502 (vir)          169.645           0.019          -1.462         -14.064          182.265
  503 (vir)          169.718          -0.361          -1.575         -14.397          182.180
  504 (vir)          170.134          -0.077          -1.756         -14.998          183.299
  505 (vir)          170.286           0.073          -1.478         -14.082          182.962
  506 (vir)          171.414          -0.060          -1.528         -14.262          184.088
  507 (vir)          171.598          -0.019          -1.640         -14.382          184.321
  508 (vir)          171.694          -0.189          -1.574         -14.422          184.354
  509 (vir)          172.220           0.040          -1.408         -13.718          184.570
  510 (vir)          172.277          -0.053          -1.594         -14.545          185.175
  511 (vir)          172.993          -0.071          -1.577         -14.405          185.749
  512 (vir)          173.188          -0.140          -1.758         -14.934          186.224
  513 (vir)          173.346          -0.086          -1.677         -14.928          186.511
  514 (vir)          173.403          -0.023          -1.545         -14.218          186.053
  515 (vir)          173.902          -0.056          -1.694         -15.121          187.273
  516 (vir)          174.446           0.059          -1.504         -14.127          187.128
  517 (vir)          174.600          -0.161          -1.688         -14.823          187.574
  518 (vir)          175.145          -0.075          -1.666         -14.953          188.356
  519 (vir)          176.238           0.004          -1.623         -14.568          189.186
  520 (vir)          176.281           0.168          -1.561         -14.536          189.424
  521 (vir)          176.673           0.064          -1.581         -14.614          189.770
  522 (vir)          176.954          -0.389          -1.626         -14.744          189.682
  523 (vir)          177.324          -0.064          -1.599         -14.682          190.343
  524 (vir)          177.361          -0.022          -1.577         -14.558          190.320
  525 (vir)          177.945          -0.274          -1.874         -15.443          191.240
  526 (vir)          178.108           0.019          -1.698         -14.870          191.299
  527 (vir)          178.135           0.039          -1.645         -14.970          191.500
  528 (vir)          178.442           0.018          -1.506         -14.186          191.141
  529 (vir)          178.569          -0.117          -1.778         -15.208          191.881
  530 (vir)          178.992          -0.023          -1.594         -14.509          191.884
  531 (vir)          179.523          -0.149          -1.665         -15.053          192.762
  532 (vir)          179.558          -0.267          -1.730         -15.265          192.826
  533 (vir)          179.981          -0.194          -1.834         -15.514          193.468
  534 (vir)          180.267          -0.084          -1.753         -14.986          193.417
  535 (vir)          180.651          -0.205          -1.668         -15.178          193.956
  536 (vir)          181.184          -0.406          -1.783         -15.558          194.553
  537 (vir)          181.324          -0.040          -1.608         -14.876          194.553
  538 (vir)          181.375          -0.032          -1.905         -15.554          194.992
  539 (vir)          182.116          -0.154          -1.635         -15.135          195.463
  540 (vir)          182.143           0.034          -1.998         -15.290          195.469
  541 (vir)          183.023          -0.123          -1.888         -15.465          196.477
  542 (vir)          183.662           0.058          -1.694         -15.269          197.296
  543 (vir)          183.935           0.006          -1.696         -14.982          197.227
  544 (vir)          184.985          -0.154          -1.727         -15.048          198.153
  545 (vir)          185.555           0.233          -2.199         -15.834          199.422
  546 (vir)          185.735           0.424          -1.191         -13.706          198.674
  547 (vir)          186.225           0.018          -2.074         -15.839          200.007
  548 (vir)          186.710           0.255          -3.526         -17.926          201.365
  549 (vir)          186.864          -0.241          -1.811         -15.693          200.505
  550 (vir)          187.214           0.077          -1.897         -15.468          200.861
  551 (vir)          187.274          -0.070          -1.548         -15.028          200.684
  552 (vir)          188.118          -0.071          -1.894         -15.631          201.784
  553 (vir)          189.055           0.064          -1.740         -15.219          202.598
  554 (vir)          189.080           0.005          -1.849         -15.345          202.580
  555 (vir)          189.591           0.024          -1.827         -15.364          203.152
  556 (vir)          190.330           0.220          -1.547         -14.881          203.884
  557 (vir)          190.566           0.110          -1.895         -15.612          204.393
  558 (vir)          191.163           0.222          -2.423         -16.104          205.066
  559 (vir)          191.258           0.097          -2.531         -16.368          205.192
  560 (vir)          191.461           0.136          -1.596         -14.970          204.971
  561 (vir)          191.916           0.216          -1.777         -15.379          205.733
  562 (vir)          193.111          -0.047          -1.612         -15.405          206.857
  563 (vir)          193.808           0.092          -1.389         -14.705          207.216
  564 (vir)          194.443           0.352          -2.271         -16.015          208.539
  565 (vir)          195.124           0.334          -1.690         -15.199          208.967
  566 (vir)          195.183           0.201          -2.255         -15.964          209.094
  567 (vir)          196.761           0.400          -2.772         -16.679          211.069
  568 (vir)          197.079           0.422          -2.574         -16.325          211.252
  569 (vir)          197.325           0.664          -2.184         -15.446          211.250
  570 (vir)          198.086           0.314          -1.765         -14.915          211.549
  571 (vir)          198.876           0.464          -1.515         -14.433          212.257
  572 (vir)          198.964           0.692          -1.538         -14.422          212.540
  573 (vir)          198.975           0.413          -1.075         -13.433          211.745
  574 (vir)          199.831           0.262          -2.040         -15.994          214.047
  575 (vir)          200.037           0.463          -1.632         -14.588          213.456
  576 (vir)          200.298           0.566          -1.774         -14.946          214.037
  577 (vir)          200.551           0.375          -2.274         -15.803          214.455
  578 (vir)          200.766           0.392          -2.702         -16.942          215.398
  579 (vir)          200.851           0.482          -1.295         -14.133          214.171
  580 (vir)          201.758           0.483          -1.597         -14.980          215.623
  581 (vir)          201.890           0.303          -1.404         -14.374          215.163
  582 (vir)          202.044           0.464          -1.656         -15.057          215.909
  583 (vir)          202.397           0.409          -1.838         -15.278          216.246
  584 (vir)          202.402           0.473          -1.083         -13.595          215.387
  585 (vir)          203.104           0.461          -1.767         -14.904          216.702
  586 (vir)          203.751           0.466          -1.812         -15.246          217.651
  587 (vir)          204.036           0.545          -1.245         -13.988          217.323
  588 (vir)          204.603           0.456          -1.251         -13.893          217.701
  589 (vir)          205.265           0.420          -1.583         -14.907          219.010
  590 (vir)          205.692           0.389          -1.238         -13.967          218.809
  591 (vir)          206.401           0.451          -1.211         -13.885          219.526
  592 (vir)          206.986           0.433          -1.558         -14.518          220.379
  593 (vir)          207.177           0.479          -1.236         -13.999          220.418
  594 (vir)          207.239           0.372          -1.094         -13.637          220.155
  595 (vir)          207.542           0.399          -1.258         -13.908          220.591
  596 (vir)          208.002           0.372          -1.364         -14.262          221.272
  597 (vir)          208.589           0.328          -1.505         -14.759          222.171
  598 (vir)          208.925           0.445          -1.214         -13.812          221.968
  599 (vir)          209.502           0.473          -1.177         -13.690          222.488
  600 (vir)          209.901           0.472          -1.434         -14.431          223.370
  601 (vir)          210.267           0.486          -1.141         -13.726          223.338
  602 (vir)          210.763           0.516          -1.272         -13.974          223.980
  603 (vir)          211.148           0.497          -1.276         -14.111          224.480
  604 (vir)          211.358           0.631          -1.100         -13.515          224.404
  605 (vir)          211.662           0.446          -1.792         -15.148          225.465
  606 (vir)          212.026           0.470          -1.092         -13.434          224.838
  607 (vir)          212.179           0.310          -1.160         -13.544          224.874
  608 (vir)          213.000           0.556          -1.246         -14.022          226.332
  609 (vir)          213.551           0.419          -1.156         -13.691          226.506
  610 (vir)          213.711           0.430          -1.317         -14.060          226.883
  611 (vir)          213.785           0.563          -1.625         -14.891          227.614
  612 (vir)          214.213           0.217          -1.199         -13.930          227.161
  613 (vir)          214.462           0.382          -1.405         -14.331          227.771
  614 (vir)          215.141           0.300          -1.701         -15.184          228.924
  615 (vir)          215.999           0.322          -1.199         -14.116          229.238
  616 (vir)          216.229           0.221          -1.458         -14.327          229.318
  617 (vir)          216.827           0.521          -1.228         -14.021          230.140
  618 (vir)          216.958           0.379          -1.938         -15.610          231.008
  619 (vir)          218.417           0.569          -1.165         -13.702          231.522
  620 (vir)          218.441           0.583          -1.356         -14.347          232.016
  621 (vir)          218.817           1.038          -0.895         -13.334          232.294
  622 (vir)          219.190           0.467          -1.174         -13.779          232.262
  623 (vir)          219.672           0.639          -1.199         -13.702          232.814
  624 (vir)          220.282           0.627          -1.026         -13.430          233.313
  625 (vir)          220.405           0.377          -1.676         -15.186          234.291
  626 (vir)          220.999           0.433          -1.525         -14.995          234.902
  627 (vir)          221.205           0.537          -1.303         -14.609          235.048
  628 (vir)          221.810           0.407          -1.768         -15.500          235.949
  629 (vir)          222.292           0.283          -1.423         -15.005          236.157
  630 (vir)          222.694           0.216          -1.418         -15.137          236.630
  631 (vir)          222.775           0.415          -1.538         -14.920          236.573
  632 (vir)          223.133           0.059          -1.892         -16.290          237.591
  633 (vir)          223.361           0.014          -1.614         -15.653          237.414
  634 (vir)          223.661           0.422          -1.162         -13.539          236.459
  635 (vir)          224.046           0.691          -1.443         -14.502          237.796
  636 (vir)          224.319           0.204          -1.377         -15.260          238.407
  637 (vir)          224.404           0.510          -1.290         -14.570          238.195
  638 (vir)          224.738           0.287          -1.183         -13.980          237.822
  639 (vir)          225.590           0.372          -1.326         -14.380          239.016
  640 (vir)          225.608           0.682          -1.464         -14.629          239.455
  641 (vir)          225.977           0.159          -1.473         -15.431          240.094
  642 (vir)          225.994           0.673          -1.278         -14.448          239.837
  643 (vir)          226.219           0.562          -1.036         -13.638          239.384
  644 (vir)          226.514           0.654          -1.171         -14.272          240.269
  645 (vir)          226.832           0.622          -1.403         -14.434          240.485
  646 (vir)          226.943           0.553          -1.093         -14.031          240.434
  647 (vir)          227.218           0.617          -1.071         -13.939          240.703
  648 (vir)          227.496           0.364          -1.485         -15.218          241.593
  649 (vir)          227.612           0.423          -1.353         -14.789          241.472
  650 (vir)          228.091           0.711          -1.045         -13.815          241.573
  651 (vir)          228.520           0.343          -1.461         -15.006          242.409
  652 (vir)          228.994           0.501          -1.348         -14.728          242.875
  653 (vir)          229.087           0.484          -1.175         -14.402          242.798
  654 (vir)          229.417           0.964          -0.918         -13.384          242.847
  655 (vir)          230.107           0.768          -1.536         -14.903          244.242
  656 (vir)          230.380           0.508          -1.475         -14.672          244.085
  657 (vir)          230.488           0.620          -1.095         -14.278          244.291
  658 (vir)          231.019           0.619          -1.377         -14.389          244.650
  659 (vir)          232.069           0.805          -1.790         -15.663          246.747
  660 (vir)          232.648           0.747          -1.377         -14.167          246.184
  661 (vir)          233.092           0.923          -0.961         -13.596          246.650
  662 (vir)          233.192           0.559          -1.309         -15.003          247.445
  663 (vir)          233.838           0.585          -1.330         -14.724          247.817
  664 (vir)          233.885           0.202          -1.337         -15.502          248.251
  665 (vir)          234.397           0.646          -1.415         -14.700          248.328
  666 (vir)          235.031           0.474          -1.489         -14.767          248.783
  667 (vir)          236.061           0.722          -1.018         -13.982          249.747
  668 (vir)          236.235           0.337          -1.395         -15.036          250.213
  669 (vir)          236.240           0.506          -1.410         -14.620          249.957
  670 (vir)          236.933           0.503          -1.376         -15.412          251.471
  671 (vir)          238.052           0.487          -1.657         -15.438          252.319
  672 (vir)          238.925           0.579          -1.086         -14.342          252.760
  673 (vir)          239.270           0.431          -1.689         -15.916          253.927
  674 (vir)          239.374           0.594          -1.069         -14.292          253.191
  675 (vir)          240.215           0.727          -1.274         -14.995          254.663
  676 (vir)          240.545           0.722          -1.321         -14.527          254.473
  677 (vir)          241.349           0.888          -1.037         -14.103          255.304
  678 (vir)          241.676           0.708          -0.952         -13.693          255.125
  679 (vir)          242.840           0.864          -1.119         -14.237          256.822
  680 (vir)          242.946           0.514          -1.272         -14.940          257.128
  681 (vir)          243.759           0.802          -1.244         -14.881          258.198
  682 (vir)          243.958           0.627          -1.328         -14.951          258.207
  683 (vir)          245.896           0.876          -0.989         -13.947          259.731
  684 (vir)          247.111           0.677          -1.336         -14.910          261.362
  685 (vir)          248.575           0.693          -0.999         -14.098          262.367
  686 (vir)          249.219           0.693          -1.677         -15.313          263.548
  687 (vir)          252.430           0.646          -1.776         -16.228          267.528
  688 (vir)          252.835           0.245          -2.649         -17.961          268.392
  689 (vir)          254.399           0.535          -1.380         -15.601          269.155
  690 (vir)          255.649           0.505          -1.431         -15.798          270.520
  691 (vir)          256.024           0.459          -3.085         -18.887          272.285
  692 (vir)          257.250           0.805          -1.393         -15.517          272.179
  693 (vir)          259.812           0.275          -1.831         -16.786          275.042
  694 (vir)          259.954           0.624          -1.680         -16.448          275.346
  695 (vir)          260.850           0.220          -1.045         -14.799          274.824
  696 (vir)          261.052           0.581          -1.723         -16.529          276.439
  697 (vir)          261.561           0.599          -1.802         -16.705          277.064
  698 (vir)          261.942           0.335          -1.030         -14.745          275.992
  699 (vir)          262.069           0.462          -1.825         -16.776          277.482
  700 (vir)          263.091           0.748          -1.224         -14.906          277.521
  701 (vir)          263.815           0.715          -1.294         -15.458          278.693
  702 (vir)          263.879           0.492          -1.773         -16.672          279.269
  703 (vir)          265.222           0.695          -1.310         -15.537          280.143
  704 (vir)          265.423           0.572          -0.978         -14.490          279.506
  705 (vir)          265.860           0.567          -0.993         -14.566          280.001
  706 (vir)          266.142           0.797          -0.925         -14.232          280.247
  707 (vir)          267.075           0.736          -1.110         -14.823          281.525
  708 (vir)          267.808           0.735          -1.394         -15.968          283.117
  709 (vir)          268.727           0.398          -1.022         -14.785          282.888
  710 (vir)          269.371           0.536          -1.749         -16.548          284.705
  711 (vir)          270.489           0.768          -1.528         -16.341          286.069
  712 (vir)          270.805           0.127          -3.359         -20.096          287.669
  713 (vir)          271.662           0.616          -1.497         -16.252          287.033
  714 (vir)          273.147           0.257          -3.487         -20.118          290.035
  715 (vir)          274.926           0.374          -1.779         -16.859          290.381
  716 (vir)          275.165           0.679          -1.255         -15.434          290.023
  717 (vir)          275.845           0.521          -1.143         -15.183          290.406
  718 (vir)          276.365           0.121          -3.051         -19.526          292.961
  719 (vir)          276.766           0.523          -3.698         -20.455          294.046
  720 (vir)          277.783           0.254          -3.314         -19.855          294.579
  721 (vir)          278.916           0.339          -1.483         -16.107          293.879
  722 (vir)          279.506           0.405          -1.223         -15.399          294.088
  723 (vir)          280.508           0.364          -1.663         -16.380          295.588
  724 (vir)          283.582           0.350          -2.088         -17.733          299.577
  725 (vir)          285.815           0.268          -1.117         -15.450          300.416
  726 (vir)          287.768           0.334          -4.469         -22.130          305.763
  727 (vir)          288.415           0.309          -1.389         -16.285          303.620
  728 (vir)          290.056           0.845          -1.797         -17.379          306.483
  729 (vir)          294.503           0.653          -1.503         -16.450          310.104
  730 (vir)          313.810           0.651          -1.550         -16.801          329.712
  731 (vir)          322.941           0.235          -1.379         -16.338          338.134
  732 (vir)          326.322           0.396          -1.817         -17.297          342.199
  733 (vir)          326.945           0.447          -1.749         -17.152          342.794
  734 (vir)          335.150           0.556          -1.547         -16.980          351.140
  735 (vir)          340.047           0.582          -2.270         -18.411          356.770
  736 (vir)          343.085           0.933          -2.279         -18.458          360.197
  737 (vir)          347.765           0.794          -2.275         -18.527          364.810
  738 (vir)          350.384           0.756          -2.637         -19.157          367.659
  739 (vir)          354.956           0.386          -2.188         -18.488          371.642
  740 (vir)          357.208           0.616          -2.816         -19.539          374.547
  741 (vir)          754.692           1.100         -13.029         -46.270          789.034
  742 (vir)          768.274           0.801         -12.843         -46.137          802.369
  743 (vir)          769.948           1.485         -12.797         -46.073          804.709
  744 (vir)          778.841           0.294         -12.646         -45.916          812.405
  745 (vir)          782.969           0.130         -12.587         -45.861          816.373
  746 (vir)          784.275           0.202         -12.542         -45.759          817.693
  747 (vir)          786.018           0.009         -12.480         -45.629          819.176
  748 (vir)          791.845          -1.374         -12.474         -45.771          823.768
  749 (vir)         3986.598          -1.059         -14.789         -94.571         4065.320
  750 (vir)         3999.706          -1.009         -14.734         -94.524         4078.486
  751 (vir)         4000.905          -0.972         -14.731         -94.524         4079.727
  752 (vir)         4009.013          -0.954         -14.693         -94.487         4087.853
  753 (vir)         4012.873          -0.963         -14.678         -94.476         4091.707
  754 (vir)         4015.908          -0.987         -14.655         -94.438         4094.704
  755 (vir)         4017.465          -0.987         -14.652         -94.435         4096.261
  756 (vir)         4022.513          -0.909         -14.636         -94.433         4101.402
