 
  kpoint:     0.0000    0.0000    0.0000
 
    n          ϵ_nk^DFT (eV)     Σ^c_nk (eV)     Σ^x_nk (eV)     v_n^xc (eV)   ϵ_nk^G0W0 (eV)
 
    1 (occ)         -269.001           2.569         -96.910         -61.542         -301.801
    2 (occ)         -268.982           2.558         -96.893         -61.556         -301.761
    3 (occ)          -18.826           5.521         -25.764         -16.760          -22.309
    4 (occ)          -14.245           3.268         -22.387         -15.338          -18.026
    5 (occ)          -11.525           2.399         -20.171         -14.380          -14.918
    6 (occ)          -10.173           1.331         -21.197         -15.793          -14.247
    7 (occ)           -8.541           0.776         -19.312         -14.369          -12.708
    8 (occ)           -6.768          -0.264         -16.394         -13.100          -10.326
    9 (vir)           -1.034          -2.280          -6.317         -11.649            2.018
   10 (vir)            0.573          -1.015          -1.828          -4.925            2.656
   11 (vir)            1.149          -0.940          -1.553          -4.404            3.060
   12 (vir)            1.347          -1.079          -2.081          -5.366            3.553
   13 (vir)            2.853          -0.786          -1.268          -3.825            4.624
   14 (vir)            3.155          -1.024          -1.444          -4.490            5.177
   15 (vir)            3.190          -0.890          -1.172          -4.125            5.253
   16 (vir)            4.269          -0.929          -1.209          -4.122            6.253
   17 (vir)            4.716          -1.447          -2.222          -6.080            7.126
   18 (vir)            4.950          -1.153          -2.100          -5.666            7.363
   19 (vir)            5.162          -1.644          -1.716          -5.411            7.214
   20 (vir)            7.439          -1.704          -2.880          -6.922            9.777
   21 (vir)            8.174          -2.410          -3.429          -8.019           10.354
   22 (vir)            9.048          -2.032          -2.653          -7.652           12.014
   23 (vir)            9.066          -2.250          -2.906          -7.405           11.314
   24 (vir)            9.164          -1.814          -1.684          -5.673           11.339
   25 (vir)            9.176          -1.070          -1.449          -4.648           11.305
   26 (vir)           10.595          -2.384          -3.937          -8.995           13.269
   27 (vir)           11.662          -2.285          -2.400          -7.325           14.302
   28 (vir)           12.847          -2.595          -1.982          -7.242           15.512
   29 (vir)           13.594          -2.176          -2.418          -7.861           16.860
   30 (vir)           14.475          -2.463          -2.583          -7.770           17.200
   31 (vir)           15.733          -1.879          -1.626          -6.346           18.573
   32 (vir)           16.633          -1.857          -1.815          -6.630           19.591
   33 (vir)           17.825          -2.099          -1.142          -6.118           20.702
   34 (vir)           19.328          -3.457          -2.015          -8.218           22.074
   35 (vir)           19.540          -2.197          -0.937          -5.810           22.216
   36 (vir)           19.586          -2.252          -1.874          -7.217           22.677
   37 (vir)           19.649          -2.541          -1.837          -7.192           22.463
   38 (vir)           19.692          -3.884          -2.421          -9.174           22.561
   39 (vir)           20.785          -4.103          -3.874         -11.208           24.017
   40 (vir)           20.825          -2.430          -0.961          -6.115           23.549
   41 (vir)           21.795          -2.457          -2.050          -7.461           24.748
   42 (vir)           21.826          -2.494          -0.914          -6.017           24.435
   43 (vir)           22.413          -2.348          -2.271          -7.592           25.386
   44 (vir)           23.379          -2.830          -1.029          -6.360           25.879
   45 (vir)           23.479          -3.298          -2.561          -8.790           26.410
   46 (vir)           24.689          -3.091          -2.370          -8.092           27.319
   47 (vir)           24.838          -1.966          -0.966          -6.228           28.134
   48 (vir)           26.650          -2.199          -0.898          -5.893           29.446
   49 (vir)           28.275          -2.959          -1.806          -7.604           31.114
   50 (vir)           28.796          -2.848          -1.473          -7.266           31.741
   51 (vir)           29.068          -1.193          -0.970          -6.402           33.306
   52 (vir)           30.340          -2.326          -0.844          -6.141           33.311
   53 (vir)           32.030          -1.863          -0.600          -5.382           34.948
   54 (vir)           32.637          -3.507          -1.909          -8.575           35.796
   55 (vir)           34.893          -3.422          -1.836          -9.078           38.713
   56 (vir)           36.800          -2.170          -0.814          -6.053           39.869
   57 (vir)           41.971          -4.705          -3.026         -11.581           45.822
   58 (vir)           42.166          -3.494          -3.703         -12.711           47.679
   59 (vir)           42.579          -1.959          -1.612          -8.656           47.664
   60 (vir)           43.043          -3.913          -2.505         -10.375           47.001
   61 (vir)           44.271          -3.170          -2.191         -10.016           48.927
   62 (vir)           46.736          -2.859          -3.239         -11.809           52.446
   63 (vir)           47.080          -2.067          -1.546          -9.385           52.852
   64 (vir)           47.290           3.649          -2.434         -10.854           59.360
   65 (vir)           48.084          -1.400          -2.565         -11.018           55.137
   66 (vir)           48.622          -2.077          -1.507          -8.195           53.233
   67 (vir)           49.040          -3.326          -1.897         -10.190           54.007
   68 (vir)           50.616          -2.103          -2.928         -11.458           57.043
   69 (vir)           51.573           0.042          -2.085         -10.623           60.154
   70 (vir)           52.346          -6.438          -2.189         -10.566           54.285
   71 (vir)           52.976          -1.986          -1.874         -10.046           59.163
   72 (vir)           53.422          -2.855          -1.144          -8.954           58.377
   73 (vir)           53.976          -0.827          -1.618          -9.855           61.386
   74 (vir)           54.234          -1.791          -2.385         -11.262           61.320
   75 (vir)           54.240          -1.424          -2.331         -10.749           61.234
   76 (vir)           56.191          -0.969          -1.409          -9.804           63.617
   77 (vir)           56.611          -1.472          -2.597         -11.420           63.962
   78 (vir)           57.362          -4.392          -1.030          -8.836           60.776
   79 (vir)           58.620          -1.636          -1.875         -10.548           65.657
   80 (vir)           58.782          -0.523          -1.413          -9.575           66.420
   81 (vir)           61.675          -1.749          -1.359          -9.704           68.271
   82 (vir)           63.745          -2.651          -1.356          -9.681           69.420
   83 (vir)           64.589          -2.280          -1.772         -10.513           71.050
   84 (vir)           64.845          -0.755          -2.230         -11.057           72.917
   85 (vir)           64.913          -0.808          -1.348          -9.434           72.191
   86 (vir)           65.183          -1.843          -1.996         -11.133           72.477
   87 (vir)           66.606          -0.652          -1.487          -9.652           74.118
   88 (vir)           66.950          -1.507          -1.948         -10.852           74.346
   89 (vir)           67.736           0.677          -0.923          -8.690           76.180
   90 (vir)           68.511          -1.783          -0.905          -8.842           74.664
   91 (vir)           69.296          -0.279          -1.173          -9.269           77.113
   92 (vir)           69.433          -2.240          -3.733         -15.056           78.516
   93 (vir)           70.300          -1.514          -1.577         -10.106           77.314
   94 (vir)           70.835          -3.107          -1.568          -9.932           76.093
   95 (vir)           71.177          -1.002          -1.328          -9.771           78.618
   96 (vir)           73.119          -0.161          -1.007          -9.114           81.065
   97 (vir)           73.193          -1.675          -1.133          -9.305           79.690
   98 (vir)           75.134          -0.588          -0.806          -8.834           82.574
   99 (vir)           75.581          -0.394          -0.941          -9.261           83.507
  100 (vir)           79.526          -1.832          -1.317          -9.965           86.341
  101 (vir)           83.780           0.041          -1.157          -9.578           92.242
  102 (vir)           84.137          -0.585          -1.079         -10.010           92.483
  103 (vir)           85.197          -0.324          -2.375         -12.277           94.774
  104 (vir)           89.212          -0.662          -1.602         -10.683           97.631
  105 (vir)           89.314          -0.344          -1.968         -11.690           98.692
  106 (vir)           89.560          -0.294          -3.280         -15.168          101.154
  107 (vir)           89.870          -0.499          -2.176         -12.522           99.717
  108 (vir)           89.896          -0.998          -2.784         -13.583           99.697
  109 (vir)           90.240          -0.062          -1.357         -11.028           99.849
  110 (vir)           94.987          -0.081          -2.631         -14.414          106.688
  111 (vir)           96.126           0.397          -1.011         -10.207          105.719
  112 (vir)           97.294          -0.196          -1.793         -12.383          107.689
  113 (vir)           98.388          -0.233          -2.244         -13.549          109.460
  114 (vir)          100.830          -0.029          -2.498         -13.526          111.829
  115 (vir)          101.369          -0.358          -2.064         -13.094          112.042
  116 (vir)          102.168          -0.058          -2.024         -12.492          112.578
  117 (vir)          103.781           0.282          -2.077         -12.772          114.759
  118 (vir)          105.399           0.004          -2.161         -13.043          116.284
  119 (vir)          110.001           0.110          -1.674         -12.541          120.978
  120 (vir)          116.214           0.426          -1.129         -11.293          126.804
  121 (vir)          120.166           0.530          -2.066         -13.443          132.073
  122 (vir)          129.731           0.485          -1.959         -14.508          142.765
  123 (vir)          130.480           0.407          -2.665         -15.584          143.807
  124 (vir)          130.552           0.068          -2.253         -15.075          143.443
  125 (vir)          131.636           0.428          -1.931         -14.477          144.610
  126 (vir)          133.159           0.647          -1.767         -14.222          146.260
  127 (vir)          133.454           0.454          -1.762         -13.936          146.082
  128 (vir)          136.815           0.396          -1.626         -13.839          149.423
  129 (vir)          143.911           0.104          -1.488         -13.612          156.139
  130 (vir)          144.417           0.244          -1.676         -14.042          157.027
  131 (vir)          144.580           0.221          -1.940         -14.652          157.513
  132 (vir)          144.914           0.247          -1.703         -14.219          157.678
  133 (vir)          146.681           0.175          -1.718         -14.305          159.442
  134 (vir)          147.153           0.498          -2.085         -15.161          160.726
  135 (vir)          150.857           0.089          -1.884         -15.006          164.068
  136 (vir)          151.882           0.183          -2.312         -16.003          165.756
  137 (vir)          151.973           0.738          -1.342         -13.486          164.856
  138 (vir)          153.350           0.041          -1.768         -14.519          166.142
  139 (vir)          153.769           0.084          -1.646         -14.312          166.519
  140 (vir)          154.427           0.351          -1.543         -14.109          167.343
  141 (vir)          156.041           0.535          -1.233         -12.822          168.165
  142 (vir)          156.134           0.680          -1.049         -12.475          168.239
  143 (vir)          159.269           0.537          -1.095         -12.447          171.159
  144 (vir)          159.448          -0.084          -1.903         -14.929          172.390
  145 (vir)          160.881           0.743          -1.109         -12.494          173.009
  146 (vir)          161.768           0.757          -0.852         -11.711          173.385
  147 (vir)          162.277           0.318          -1.663         -14.842          175.774
  148 (vir)          162.881           0.197          -2.066         -15.398          176.411
  149 (vir)          162.994           0.508          -1.499         -13.863          175.866
  150 (vir)          163.982           0.454          -1.078         -12.503          175.862
  151 (vir)          164.680           0.280          -1.571         -14.212          177.601
  152 (vir)          165.966           0.462          -1.713         -14.385          179.100
  153 (vir)          166.914           0.869          -1.078         -12.595          179.300
  154 (vir)          166.925           0.719          -1.090         -12.593          179.147
  155 (vir)          167.742           0.370          -1.733         -14.944          181.324
  156 (vir)          169.520           0.102          -2.431         -15.664          182.855
  157 (vir)          170.957           0.405          -1.626         -14.974          184.711
  158 (vir)          171.610           0.281          -1.790         -15.188          185.290
  159 (vir)          173.035           0.170          -1.644         -15.186          186.747
  160 (vir)          173.295           0.048          -1.541         -14.268          186.070
  161 (vir)          178.548           0.577          -1.458         -14.244          191.911
  162 (vir)          179.073           0.101          -1.779         -15.518          192.914
  163 (vir)          181.616           0.395          -1.562         -15.045          195.494
  164 (vir)          182.023           0.245          -2.030         -15.199          195.438
  165 (vir)          186.471           0.448          -1.407         -14.799          200.311
  166 (vir)          186.510           0.431          -1.343         -14.247          199.844
  167 (vir)          186.886           0.074          -2.799         -16.931          201.092
  168 (vir)          186.958           0.331          -1.554         -14.790          200.526
  169 (vir)          187.379          -0.251          -3.709         -17.547          200.967
  170 (vir)          188.768           0.986          -1.477         -13.795          202.073
  171 (vir)          193.572           0.591          -1.497         -14.205          206.872
  172 (vir)          194.166           0.557          -1.132         -13.737          207.328
  173 (vir)          196.052           0.643          -1.422         -13.894          209.167
  174 (vir)          198.230           0.967          -0.928         -12.935          211.204
  175 (vir)          199.932           0.578          -1.089         -13.507          212.927
  176 (vir)          201.397           0.173          -1.845         -15.317          215.042
  177 (vir)          201.766           0.624          -0.972         -13.121          214.539
  178 (vir)          202.168           0.690          -1.042         -13.489          215.305
  179 (vir)          202.256           0.478          -0.951         -13.038          214.820
  180 (vir)          203.033           0.598          -1.052         -13.493          216.072
  181 (vir)          203.791           0.357          -1.381         -13.814          216.581
  182 (vir)          204.633           0.476          -1.614         -14.473          217.967
  183 (vir)          204.686           0.745          -0.748         -12.218          216.901
  184 (vir)          205.269           0.634          -0.878         -12.463          217.488
  185 (vir)          207.059           0.463          -1.383         -13.822          219.961
  186 (vir)          208.237           0.669          -0.882         -12.633          220.657
  187 (vir)          210.783           0.532          -1.088         -13.539          223.767
  188 (vir)          214.739           0.301          -2.083         -15.757          228.715
  189 (vir)          215.625           0.541          -0.910         -12.752          228.008
  190 (vir)          216.297           0.761          -0.792         -12.549          228.815
  191 (vir)          217.398           0.195          -1.898         -14.590          230.285
  192 (vir)          218.041           0.586          -1.595         -15.017          232.048
  193 (vir)          220.492           0.843          -0.888         -13.322          233.769
  194 (vir)          220.681           0.731          -0.833         -13.114          233.693
  195 (vir)          221.392           0.615          -1.285         -14.017          234.739
  196 (vir)          221.447           0.912          -0.998         -14.004          235.366
  197 (vir)          222.298           0.769          -0.798         -12.920          235.188
  198 (vir)          223.837           0.308          -2.330         -16.731          238.545
  199 (vir)          225.114           0.448          -1.761         -16.156          239.957
  200 (vir)          225.328           0.282          -1.725         -15.210          239.094
  201 (vir)          225.888           0.655          -0.914         -13.353          238.982
  202 (vir)          228.196           0.520          -1.210         -14.249          241.755
  203 (vir)          229.250           0.879          -0.901         -13.372          242.598
  204 (vir)          229.721           0.533          -0.878         -13.200          242.576
  205 (vir)          231.074           0.683          -0.890         -13.302          244.168
  206 (vir)          233.974           0.214          -1.630         -16.259          248.817
  207 (vir)          239.989           0.842          -0.954         -13.858          253.736
  208 (vir)          240.658           0.812          -1.231         -15.153          255.392
  209 (vir)          242.256           1.354          -0.963         -14.313          256.960
  210 (vir)          244.175           0.640          -1.305         -14.342          257.853
  211 (vir)          247.859           0.723          -1.034         -14.428          261.976
  212 (vir)          248.441           0.784          -1.122         -14.152          262.255
  213 (vir)          251.652           0.503          -1.998         -17.170          267.325
  214 (vir)          257.353           0.610          -1.325         -15.364          272.002
  215 (vir)          262.314           0.723          -1.061         -14.893          276.869
  216 (vir)          263.538           0.712          -1.018         -14.772          278.004
  217 (vir)          263.885           0.694          -1.419         -15.962          279.123
  218 (vir)          265.651           0.657          -1.405         -15.696          280.599
  219 (vir)          269.726           0.967          -0.960         -14.621          284.355
  220 (vir)          273.665           0.874          -1.467         -16.285          289.356
  221 (vir)          274.545           0.743          -1.338         -16.103          290.053
  222 (vir)          275.039           0.616          -1.032         -14.892          289.516
  223 (vir)          283.087          -0.106          -3.963         -21.219          300.237
  224 (vir)          290.153           0.820          -1.142         -15.752          305.582
  225 (vir)          297.493           0.877          -1.362         -16.077          313.085
  226 (vir)          298.708           0.476          -1.221         -15.555          313.517
  227 (vir)          312.085           0.811          -1.358         -16.103          327.641
  228 (vir)          339.463           0.660          -1.560         -16.961          355.524
  229 (vir)          347.254           0.070          -2.393         -18.666          363.598
  230 (vir)          352.482           0.120          -2.538         -19.066          369.130
  231 (vir)          765.406          -2.592         -12.816         -46.008          796.006
  232 (vir)          789.819          -3.834         -12.453         -45.635          819.168
  233 (vir)         3995.483          -4.774         -14.755         -94.547         4070.501
  234 (vir)         4020.538          -3.746         -14.650         -94.449         4096.591
