 
  kpoint:     0.0000    0.0000    0.0000
 
    n          ϵ_nk^DFT (eV)     Σ^c_nk (eV)     Σ^x_nk (eV)     v_n^xc (eV)   ϵ_nk^G0W0 (eV)
 
    1 (occ)         -511.921          -1.722        -132.586         -83.729         -562.499
    2 (occ)         -511.921          -1.652        -132.578         -83.729         -562.421
    3 (occ)          -28.199           6.526         -33.601         -21.557          -33.717
    4 (occ)          -22.645           5.469         -32.584         -21.917          -27.844
    5 (occ)          -13.010           0.963         -25.091         -19.453          -17.684
    6 (occ)          -12.336           3.030         -26.587         -19.056          -16.837
    7 (occ)          -10.390           2.276         -26.191         -19.569          -14.737
    8 (occ)           -7.803           2.325         -26.940         -20.031          -12.387
    9 (occ)           -6.390           2.347         -27.433         -20.494          -10.983
   10 (vir)           -1.560          -3.091         -12.081         -19.075            2.343
   11 (vir)           -0.170          -1.013          -2.654          -6.254            2.417
   12 (vir)            1.008          -1.250          -3.453          -7.311            3.616
   13 (vir)            5.341          -1.237          -2.532          -6.408            7.980
   14 (vir)            5.611          -0.945          -2.588          -6.297            8.374
   15 (vir)            6.203          -1.309          -2.369          -6.540            9.065
   16 (vir)            6.767          -1.684          -3.280          -8.011            9.814
   17 (vir)            7.358          -1.206          -2.703          -6.837           10.286
   18 (vir)            7.919          -0.825          -2.322          -6.048           10.819
   19 (vir)            8.694          -1.395          -2.263          -6.510           11.546
   20 (vir)            9.539          -1.548          -2.423          -6.572           12.140
   21 (vir)           12.531          -1.589          -2.268          -7.106           15.780
   22 (vir)           13.554          -1.682          -2.215          -7.161           16.818
   23 (vir)           15.466          -1.703          -1.834          -6.776           18.705
   24 (vir)           15.735          -1.768          -2.306          -7.324           18.985
   25 (vir)           18.416          -2.043          -2.880          -8.310           21.803
   26 (vir)           18.440          -1.679          -2.356          -7.452           21.857
   27 (vir)           23.131          -1.733          -1.796          -6.853           26.455
   28 (vir)           24.385          -2.136          -2.497          -8.124           27.876
   29 (vir)           25.282          -2.664          -3.483         -10.066           29.201
   30 (vir)           25.976          -2.164          -2.327          -8.154           29.639
   31 (vir)           29.174          -2.463          -3.134          -9.845           33.422
   32 (vir)           31.111          -3.118          -3.701         -11.160           35.452
   33 (vir)           31.493          -2.828          -3.419         -10.625           35.871
   34 (vir)           32.126          -2.699          -3.536         -10.653           36.543
   35 (vir)           33.238          -3.282          -3.411         -10.943           37.488
   36 (vir)           33.489          -2.770          -3.318         -10.474           37.874
   37 (vir)           34.655          -3.280          -4.066         -11.779           39.088
   38 (vir)           34.874          -3.549          -4.153         -12.065           39.237
   39 (vir)           34.944          -3.002          -3.863         -11.513           39.591
   40 (vir)           36.604          -3.448          -3.487         -11.476           41.144
   41 (vir)           39.535          -2.969          -2.854         -11.020           44.732
   42 (vir)           42.144          -2.700          -2.998         -11.164           47.610
   43 (vir)           43.453          -3.598          -4.224         -13.815           49.446
   44 (vir)           47.004          -2.159          -2.294          -9.683           52.234
   45 (vir)           47.103          -2.343          -2.755         -10.394           52.399
   46 (vir)           50.854          -2.510          -1.816          -9.501           56.029
   47 (vir)           53.266          -2.779          -1.817          -9.701           58.370
   48 (vir)           55.479          -2.072          -1.630          -9.475           61.251
   49 (vir)           56.835          -2.220          -1.542          -9.441           62.514
   50 (vir)           57.384          -2.450          -1.630          -9.704           63.007
   51 (vir)           60.459          -2.499          -2.250         -10.746           66.455
   52 (vir)           60.656          -2.177          -1.348          -9.218           66.348
   53 (vir)           64.201          -1.824          -1.739          -9.786           70.424
   54 (vir)           65.494          -1.566          -1.674         -10.011           72.266
   55 (vir)           67.162          -1.896          -1.759          -9.643           73.151
   56 (vir)           67.714          -2.183          -1.570          -9.877           73.839
   57 (vir)           70.258          -1.497          -1.738          -9.885           76.908
   58 (vir)           71.920          -2.511          -1.573          -9.613           77.449
   59 (vir)           72.089          -2.687          -1.838         -10.106           77.670
   60 (vir)           73.897          -2.398          -2.881         -11.956           80.573
   61 (vir)           79.041          -2.395          -2.689         -12.441           86.397
   62 (vir)           79.292          -2.476          -3.000         -12.586           86.402
   63 (vir)           80.284          -3.765          -3.227         -14.079           87.371
   64 (vir)           81.844          -3.151          -3.549         -14.760           89.903
   65 (vir)           82.911          -1.842          -4.589         -15.732           92.213
   66 (vir)           84.530          -3.209          -4.138         -15.728           92.911
   67 (vir)           88.101          -3.558          -3.169         -14.408           95.781
   68 (vir)           92.317          -2.986          -3.123         -14.463          100.671
   69 (vir)           95.408          -3.342          -3.386         -14.999          103.679
   70 (vir)          100.576          -4.583          -4.010         -16.142          108.125
   71 (vir)          100.600          -4.311          -4.213         -16.489          108.564
   72 (vir)          102.742          -3.475          -3.394         -15.533          111.406
   73 (vir)          104.345          -3.515          -2.960         -14.651          112.521
   74 (vir)          104.891          -3.744          -4.865         -18.052          114.334
   75 (vir)          107.096          -3.925          -4.484         -17.689          116.377
   76 (vir)          109.160          -4.179          -4.328         -17.488          118.141
   77 (vir)          110.445          -4.247          -4.753         -18.130          119.574
   78 (vir)          110.580          -3.103          -3.838         -16.359          119.998
   79 (vir)          111.867          -2.447          -3.146         -15.151          121.425
   80 (vir)          113.919          -3.634          -3.987         -16.727          123.024
   81 (vir)          114.486          -3.390          -3.695         -16.063          123.464
   82 (vir)          115.685          -2.882          -3.811         -16.111          125.103
   83 (vir)          116.486          -3.492          -4.428         -17.858          126.425
   84 (vir)          118.078          -2.839          -4.690         -18.961          129.510
   85 (vir)          122.003          -3.480          -3.282         -16.191          131.432
   86 (vir)          122.200          -3.173          -3.064         -15.558          131.520
   87 (vir)          122.278          -1.856          -2.751         -15.283          132.954
   88 (vir)          129.218          -2.430          -3.606         -16.809          139.991
   89 (vir)          136.839          -0.966          -6.643         -22.649          151.878
   90 (vir)          136.936          -2.520          -6.626         -22.626          150.417
   91 (vir)          141.479          -1.035          -3.392         -17.211          154.262
   92 (vir)          148.338          -3.058          -3.623         -18.029          159.685
   93 (vir)          149.607          -2.651          -4.199         -18.967          161.725
   94 (vir)          156.638           0.127          -1.031         -11.587          167.322
   95 (vir)          157.100          -0.451          -0.916         -11.291          167.024
   96 (vir)          159.472          -1.068          -1.792         -13.411          170.023
   97 (vir)          161.773          -1.158          -1.241         -12.230          171.604
   98 (vir)          162.952          -2.816          -4.491         -20.060          175.705
   99 (vir)          173.405           0.675          -1.361         -13.089          185.808
  100 (vir)          175.358           1.150          -1.386         -13.415          188.537
  101 (vir)          179.668           0.821          -1.710         -14.204          192.982
  102 (vir)          180.583           0.491          -1.516         -13.816          193.374
  103 (vir)          190.612          -2.085          -1.956         -14.928          201.498
  104 (vir)          191.026          -6.351          -1.622         -14.000          197.052
  105 (vir)          192.088           0.138          -1.527         -14.266          204.965
  106 (vir)          192.417          -1.524          -1.475         -14.088          203.506
  107 (vir)          194.931          -1.499          -2.899         -17.148          207.681
  108 (vir)          196.805          -0.158          -2.170         -15.434          209.910
  109 (vir)          197.422          -4.383          -2.943         -17.065          207.161
  110 (vir)          199.083          -0.290          -1.197         -12.707          210.303
  111 (vir)          204.436           1.028          -1.153         -12.835          217.146
  112 (vir)          206.367           0.350          -1.178         -13.303          218.843
  113 (vir)          206.502           0.794          -1.327         -13.627          219.596
  114 (vir)          209.868           0.245          -1.324         -13.995          222.785
  115 (vir)          211.446          -0.688          -1.088         -13.501          223.170
  116 (vir)          214.422          -0.260          -0.994         -13.087          226.256
  117 (vir)          216.766           1.150          -0.980         -13.011          229.948
  118 (vir)          222.905           1.224          -1.525         -15.024          237.627
  119 (vir)          226.063          -1.529          -2.112         -16.303          238.724
  120 (vir)          226.468           0.850          -2.218         -17.011          242.112
  121 (vir)          229.419          -0.147          -2.114         -17.483          244.641
  122 (vir)          231.394          -0.209          -1.818         -16.185          245.551
  123 (vir)          232.033          -0.014          -1.877         -16.543          246.686
  124 (vir)          232.814          -0.779          -1.868         -16.212          246.378
  125 (vir)          233.856           0.193          -1.947         -16.776          248.878
  126 (vir)          236.093          -0.589          -2.316         -18.052          251.240
  127 (vir)          239.403          -0.400          -1.908         -16.841          253.936
  128 (vir)          243.466           1.258          -2.337         -18.736          261.124
  129 (vir)          244.779           1.559          -2.373         -18.793          262.758
  130 (vir)          255.534          -2.294          -2.412         -19.322          270.150
  131 (vir)          256.251          -2.402          -2.406         -19.256          270.699
  132 (vir)          259.318          -1.340          -2.382         -19.319          274.916
  133 (vir)          271.533           2.443          -2.112         -18.626          290.491
  134 (vir)          273.962           3.616          -2.165         -18.709          294.122
  135 (vir)          274.119           1.262          -2.195         -18.875          292.061
  136 (vir)          276.743         -22.081          -2.727         -19.859          271.793
  137 (vir)          278.944         -12.342          -2.946         -20.397          284.054
  138 (vir)          285.244           3.283          -2.625         -20.102          306.005
  139 (vir)          288.798           1.139          -2.980         -21.070          308.027
  140 (vir)          288.919           2.091          -2.868         -20.780          308.921
  141 (vir)          294.026           6.849          -2.902         -21.163          319.137
  142 (vir)          296.951           7.187          -3.159         -22.170          323.148
  143 (vir)          299.118           6.205          -2.673         -20.782          323.431
  144 (vir)          299.621           9.248          -3.401         -22.746          328.214
  145 (vir)          301.378           6.718          -3.339         -22.804          327.561
  146 (vir)          303.348           6.651          -3.246         -22.154          328.907
  147 (vir)          304.048           4.988          -3.089         -22.036          327.982
  148 (vir)          305.175           7.734          -2.904         -21.610          331.615
  149 (vir)          306.961           8.370          -3.164         -22.294          334.461
  150 (vir)          310.152           7.950          -3.666         -23.481          337.916
  151 (vir)          313.589           8.508          -3.567         -23.409          341.938
  152 (vir)          314.094           5.891          -3.863         -23.224          339.346
  153 (vir)          316.154           6.148          -4.135         -23.796          341.963
  154 (vir)          317.622           6.312          -3.195         -22.491          343.231
  155 (vir)          321.464          10.337          -3.716         -23.948          352.032
  156 (vir)          322.394           7.918          -3.114         -22.509          349.708
  157 (vir)          327.921           6.333          -4.698         -25.274          354.830
  158 (vir)          328.676           6.396          -4.446         -25.104          355.729
  159 (vir)          333.332           5.026          -4.602         -24.823          358.579
  160 (vir)          338.553           4.853          -4.563         -24.930          363.774
  161 (vir)          343.523           6.484          -3.316         -23.254          369.945
  162 (vir)          359.551           6.243          -3.439         -23.822          386.177
  163 (vir)          372.393           2.511          -5.451         -26.151          395.604
  164 (vir)          373.664           9.473          -3.073         -22.660          402.724
  165 (vir)          374.224           6.841          -3.238         -22.966          400.794
  166 (vir)          375.265           3.270          -5.763         -26.878          399.649
  167 (vir)          376.258           4.685          -2.936         -22.331          400.338
  168 (vir)          382.075           3.638          -4.573         -24.982          406.122
  169 (vir)          449.026           2.089          -4.224         -24.512          471.402
  170 (vir)          449.288           2.298          -3.892         -23.970          471.664
  171 (vir)         1289.571           1.310         -18.102         -62.229         1335.009
  172 (vir)         1303.570           1.336         -17.961         -62.136         1349.082
  173 (vir)         6854.590           0.700         -20.665        -126.388         6961.013
  174 (vir)         6871.691           0.708         -20.611        -126.347         6978.135
