 
  kpoint:     0.0000    0.0000    0.0000
 
    n          ϵ_nk^DFT (eV)     Σ^c_nk (eV)     Σ^x_nk (eV)     v_n^xc (eV)   ϵ_nk^G0W0 (eV)
 
    1 (occ)         -510.300          -2.432        -132.565         -83.738         -561.558
    2 (occ)          -25.293           6.447         -33.153         -21.507          -30.492
    3 (occ)          -13.139           1.268         -24.943         -18.378          -18.436
    4 (occ)           -9.249           1.938         -25.888         -19.010          -14.189
    5 (occ)           -7.163           2.067         -26.015         -19.147          -11.965
    6 (vir)           -0.317          -0.838          -2.524          -6.038            2.358
    7 (vir)            1.481          -0.751          -2.331          -5.454            3.853
    8 (vir)            5.860          -0.697          -2.050          -5.525            8.638
    9 (vir)            6.379          -1.076          -2.529          -6.801            9.575
   10 (vir)            6.445          -0.817          -3.091          -6.982            9.519
   11 (vir)            7.317          -1.672          -3.655          -8.621           10.611
   12 (vir)            9.711          -1.586          -3.008          -7.457           12.573
   13 (vir)           11.409          -1.269          -1.983          -6.637           14.793
   14 (vir)           12.964          -1.334          -1.834          -6.680           16.476
   15 (vir)           14.563          -1.287          -1.861          -6.654           18.069
   16 (vir)           15.421          -1.342          -2.794          -7.654           18.939
   17 (vir)           19.873          -1.803          -0.822          -5.476           22.723
   18 (vir)           23.112          -2.425          -0.999          -6.039           25.727
   19 (vir)           23.843          -1.630          -1.440          -6.378           27.152
   20 (vir)           25.227          -1.881          -2.397          -8.161           29.110
   21 (vir)           26.123          -3.206          -3.565         -10.280           29.632
   22 (vir)           32.341          -3.986          -4.051         -11.963           36.266
   23 (vir)           32.708          -2.695          -3.299         -10.343           37.056
   24 (vir)           33.237          -2.358          -3.036          -9.939           37.782
   25 (vir)           34.808          -3.520          -4.390         -12.588           39.485
   26 (vir)           35.000          -2.284          -3.259         -10.271           39.728
   27 (vir)           36.362          -1.134          -3.593         -11.642           43.277
   28 (vir)           46.131          -3.635          -2.788         -10.353           50.061
   29 (vir)           48.725          -1.733          -1.433          -8.877           54.437
   30 (vir)           51.480          -3.242          -1.523          -9.111           55.825
   31 (vir)           51.947          -0.984          -1.502          -9.043           58.505
   32 (vir)           54.254          -2.314          -1.709          -9.783           60.014
   33 (vir)           59.170          -0.799          -1.070          -8.429           65.730
   34 (vir)           59.463          -2.269          -1.391          -9.375           65.178
   35 (vir)           60.508          -2.210          -1.591          -9.700           66.407
   36 (vir)           60.600          -1.447          -1.002          -8.415           66.566
   37 (vir)           62.908          -0.943          -0.822          -8.200           69.342
   38 (vir)           65.837          -1.952          -1.882          -9.691           71.694
   39 (vir)           67.021          -1.111          -1.507          -9.275           73.678
   40 (vir)           69.246          -1.202          -1.614          -9.407           75.837
   41 (vir)           69.753          -1.228          -2.004         -10.495           77.016
   42 (vir)           74.807          -6.570          -1.922         -10.444           76.759
   43 (vir)           76.755          -1.100          -2.533         -11.428           84.550
   44 (vir)           81.240          -1.182          -3.166         -13.233           90.126
   45 (vir)           82.192          -1.277          -1.545         -10.049           89.419
   46 (vir)           84.628           0.068          -4.313         -15.569           95.952
   47 (vir)           97.087          -2.823          -2.939         -14.402          105.727
   48 (vir)           99.683          -1.819          -4.002         -16.202          110.065
   49 (vir)          100.993          -1.221          -3.059         -14.755          111.468
   50 (vir)          101.316           1.492          -3.396         -15.150          114.562
   51 (vir)          106.347           0.829          -2.701         -14.254          118.729
   52 (vir)          106.766          -1.199          -5.143         -18.443          118.867
   53 (vir)          110.490          -2.335          -3.971         -16.518          120.703
   54 (vir)          111.206          -2.827          -3.616         -15.376          120.139
   55 (vir)          115.810           0.011          -3.311         -15.697          128.207
   56 (vir)          121.754          -2.081          -2.625         -14.494          131.542
   57 (vir)          125.263          10.118          -4.284         -17.796          148.893
   58 (vir)          126.654           7.531          -3.100         -15.649          146.735
   59 (vir)          137.379         -16.761          -6.642         -22.764          136.739
   60 (vir)          141.136          -6.767          -3.266         -17.149          148.252
   61 (vir)          141.879         -15.521          -2.391         -15.041          139.007
   62 (vir)          152.175          -3.293          -0.994         -11.375          159.262
   63 (vir)          156.885           5.693          -1.628         -13.335          174.286
   64 (vir)          159.545          -1.136          -0.821         -11.134          168.721
   65 (vir)          161.875          -3.038          -0.911         -11.383          169.309
   66 (vir)          171.032           2.959          -1.329         -13.198          185.860
   67 (vir)          173.927           2.070          -1.099         -12.145          187.042
   68 (vir)          179.958           2.923          -1.550         -13.936          195.267
   69 (vir)          188.762           1.884          -0.970         -12.112          201.788
   70 (vir)          188.787           2.672          -1.990         -14.850          204.318
   71 (vir)          189.997           2.365          -1.379         -13.777          204.760
   72 (vir)          190.871           2.166          -1.239         -13.189          204.987
   73 (vir)          192.935           2.796          -1.452         -14.030          208.309
   74 (vir)          194.764           3.030          -2.472         -16.215          211.537
   75 (vir)          195.793           4.652          -3.088         -17.374          214.730
   76 (vir)          197.660           1.631          -1.086         -12.416          210.621
   77 (vir)          198.679           4.422          -1.951         -14.902          216.051
   78 (vir)          205.296           2.532          -1.077         -13.026          219.776
   79 (vir)          207.654           2.817          -1.267         -13.872          223.076
   80 (vir)          209.323           2.885          -1.187         -13.268          224.289
   81 (vir)          210.349           1.889          -1.004         -12.958          224.192
   82 (vir)          210.872           3.190          -1.056         -13.340          226.346
   83 (vir)          214.482           2.432          -0.798         -12.454          228.569
   84 (vir)          215.535           2.870          -1.195         -13.693          230.904
   85 (vir)          222.333           1.972          -1.286         -13.718          236.737
   86 (vir)          226.309           3.348          -2.114         -16.341          243.884
   87 (vir)          229.540           0.117          -1.689         -15.736          243.705
   88 (vir)          234.002           0.964          -1.643         -15.710          249.033
   89 (vir)          234.548           2.096          -1.840         -16.047          250.851
   90 (vir)          241.371           2.214          -2.059         -17.157          258.684
   91 (vir)          242.637           1.626          -1.448         -14.812          257.627
   92 (vir)          262.830           2.002          -2.493         -18.915          281.254
   93 (vir)          263.507          -3.638          -2.191         -18.581          276.258
   94 (vir)          273.834           2.863          -2.582         -19.477          293.591
   95 (vir)          275.369           2.603          -2.295         -19.155          294.832
   96 (vir)          286.868           3.174          -2.569         -19.913          307.385
   97 (vir)          287.020           3.152          -2.808         -20.074          307.438
   98 (vir)          292.697           2.241          -2.355         -19.576          312.158
   99 (vir)          296.056           3.302          -2.772         -20.784          317.369
  100 (vir)          297.362           2.483          -2.895         -21.091          318.041
  101 (vir)          302.476           2.393          -3.301         -22.663          324.231
  102 (vir)          306.549           4.059          -3.646         -22.824          329.787
  103 (vir)          313.906           1.948          -3.610         -23.529          335.772
  104 (vir)          316.283           4.355          -3.337         -22.296          339.597
  105 (vir)          317.636           2.025          -2.440         -20.514          337.735
  106 (vir)          318.198           1.658          -3.337         -23.055          339.574
  107 (vir)          327.008           2.816          -5.255         -24.838          349.407
  108 (vir)          345.297           1.787          -2.924         -22.211          366.372
  109 (vir)          362.746           3.432          -5.076         -25.908          387.010
  110 (vir)          364.118           2.130          -2.257         -20.321          384.312
  111 (vir)          367.217           2.240          -3.155         -22.666          388.967
  112 (vir)          378.542           2.159          -2.967         -22.615          400.350
  113 (vir)          387.036           4.107          -3.842         -24.246          411.547
  114 (vir)          447.863           2.153          -3.111         -22.988          469.893
  115 (vir)          448.267           2.306          -4.877         -25.328          471.024
  116 (vir)         1304.145           0.767         -17.935         -62.151         1349.128
  117 (vir)         6871.165           0.081         -20.584        -126.320         6976.982
