 
  kpoint:     0.0000    0.0000    0.0000
 
    n          ϵ_nk^DFT (eV)     Σ^c_nk (eV)     Σ^x_nk (eV)     v_n^xc (eV)   ϵ_nk^G0W0 (eV)
 
    1 (occ)        -3106.884          -6.361        -319.551        -198.789        -3234.007
    2 (occ)         -294.809         -12.730        -105.113         -64.911         -347.741
    3 (occ)         -229.875          -3.074         -97.484         -67.006         -263.427
    4 (occ)         -229.875          -3.074         -97.484         -67.006         -263.427
    5 (occ)         -229.875          -3.074         -97.484         -67.006         -263.427
    6 (occ)          -24.051           7.328         -31.637         -20.992          -27.368
    7 (occ)          -10.272           0.895         -23.799         -18.054          -15.122
    8 (occ)          -10.272           0.895         -23.799         -18.054          -15.122
    9 (occ)          -10.272           0.895         -23.799         -18.054          -15.122
   10 (vir)            5.204          -0.615          -2.260          -5.769            8.098
   11 (vir)            5.204          -0.615          -2.260          -5.769            8.098
   12 (vir)            5.204          -0.615          -2.260          -5.769            8.098
   13 (vir)            6.977          -1.595          -3.674          -8.702           10.409
   14 (vir)            8.636          -2.131          -6.106         -12.840           13.240
   15 (vir)            8.636          -2.131          -6.106         -12.840           13.240
   16 (vir)            8.636          -2.131          -6.106         -12.840           13.240
   17 (vir)            8.636          -2.131          -6.106         -12.840           13.240
   18 (vir)            8.636          -2.131          -6.106         -12.840           13.240
   19 (vir)           31.494          -4.808          -4.883         -12.613           34.417
   20 (vir)           31.494          -4.808          -4.883         -12.613           34.417
   21 (vir)           31.494          -4.808          -4.883         -12.613           34.417
   22 (vir)           34.069          -7.177          -5.137         -15.401           37.156
   23 (vir)           34.069          -7.177          -5.137         -15.401           37.156
   24 (vir)           34.069          -7.177          -5.137         -15.401           37.156
   25 (vir)           34.069          -7.177          -5.137         -15.401           37.156
   26 (vir)           34.069          -7.177          -5.137         -15.401           37.156
   27 (vir)           42.940          -0.146          -2.811         -12.111           52.094
   28 (vir)           42.940          -0.146          -2.811         -12.111           52.094
   29 (vir)           42.940          -0.146          -2.811         -12.111           52.094
   30 (vir)           42.940          -0.146          -2.811         -12.111           52.094
   31 (vir)           42.940          -0.146          -2.811         -12.111           52.094
   32 (vir)           42.940          -0.146          -2.811         -12.111           52.094
   33 (vir)           42.940          -0.146          -2.811         -12.111           52.094
   34 (vir)           58.249          -3.064          -7.640         -18.117           65.663
   35 (vir)          100.413          -7.277          -6.475         -20.905          107.566
   36 (vir)          100.413          -7.277          -6.475         -20.905          107.566
   37 (vir)          100.413          -7.277          -6.475         -20.905          107.566
   38 (vir)          100.413          -7.277          -6.475         -20.905          107.566
   39 (vir)          100.413          -7.277          -6.475         -20.905          107.566
   40 (vir)          114.565          -0.082          -2.539         -16.074          128.018
   41 (vir)          114.565          -0.082          -2.539         -16.074          128.018
   42 (vir)          114.565          -0.082          -2.539         -16.074          128.018
   43 (vir)          114.565          -0.082          -2.539         -16.074          128.018
   44 (vir)          114.565          -0.082          -2.539         -16.074          128.018
   45 (vir)          114.565          -0.082          -2.539         -16.074          128.018
   46 (vir)          114.565          -0.082          -2.539         -16.074          128.018
   47 (vir)          114.565          -0.082          -2.539         -16.074          128.018
   48 (vir)          114.565          -0.082          -2.539         -16.074          128.018
   49 (vir)          116.738          -7.512         -10.536         -26.104          124.793
   50 (vir)          116.738          -7.512         -10.536         -26.104          124.793
   51 (vir)          116.738          -7.512         -10.536         -26.104          124.793
   52 (vir)          126.302          -8.235          -3.524         -18.621          133.164
   53 (vir)          126.302          -8.235          -3.524         -18.621          133.164
   54 (vir)          126.302          -8.235          -3.524         -18.621          133.164
   55 (vir)          126.302          -8.235          -3.524         -18.621          133.164
   56 (vir)          126.302          -8.235          -3.524         -18.621          133.164
   57 (vir)          126.302          -8.235          -3.524         -18.621          133.164
   58 (vir)          126.302          -8.235          -3.524         -18.621          133.164
   59 (vir)          251.328           3.046         -14.078         -33.453          273.750
   60 (vir)          341.536           0.901         -16.723         -41.686          367.400
   61 (vir)          341.536           0.901         -16.723         -41.686          367.400
   62 (vir)          341.536           0.901         -16.723         -41.686          367.400
   63 (vir)          341.536           0.901         -16.723         -41.686          367.400
   64 (vir)          341.536           0.901         -16.723         -41.686          367.400
   65 (vir)          886.695           1.289         -22.849         -59.929          925.063
   66 (vir)         1464.041           2.998         -41.350        -100.887         1526.576
   67 (vir)         1464.041           2.998         -41.350        -100.887         1526.576
   68 (vir)         1464.041           2.998         -41.350        -100.887         1526.576
   69 (vir)         3055.183           2.469         -38.121        -108.319         3127.851
   70 (vir)        16355.108           1.468         -58.821        -239.193        16536.948
