 
  kpoint:     0.0000    0.0000    0.0000
 
    n          ϵ_nk^DFT (eV)     Σ^c_nk (eV)     Σ^x_nk (eV)     v_n^xc (eV)   ϵ_nk^G0W0 (eV)
 
    1 (occ)       -13901.611           3.286        -665.094        -410.018       -14153.401
    2 (occ)        -1807.248           3.900        -247.089        -150.969        -1899.469
    3 (occ)        -1635.121           3.040        -240.969        -160.053        -1712.996
    4 (occ)        -1635.121           3.040        -240.969        -160.053        -1712.996
    5 (occ)        -1635.121           3.040        -240.969        -160.053        -1712.996
    6 (occ)         -254.393          11.917        -108.132         -67.045         -283.562
    7 (occ)         -193.162           8.182         -99.742         -65.881         -218.841
    8 (occ)         -193.162           8.182         -99.742         -65.881         -218.841
    9 (occ)         -193.162           8.182         -99.742         -65.881         -218.841
   10 (occ)          -83.405           9.343         -82.835         -61.853          -95.044
   11 (occ)          -83.405           9.343         -82.835         -61.853          -95.044
   12 (occ)          -83.405           9.343         -82.835         -61.853          -95.044
   13 (occ)          -83.405           9.343         -82.835         -61.853          -95.044
   14 (occ)          -83.405           9.343         -82.835         -61.853          -95.044
   15 (occ)          -22.155           6.334         -29.442         -20.213          -25.049
   16 (occ)           -9.272           0.644         -21.509         -16.586          -13.551
   17 (occ)           -9.272           0.644         -21.509         -16.586          -13.551
   18 (occ)           -9.272           0.644         -21.509         -16.586          -13.551
   19 (vir)            4.769          -0.570          -2.431          -5.866            7.634
   20 (vir)            4.769          -0.570          -2.431          -5.866            7.634
   21 (vir)            4.769          -0.570          -2.431          -5.866            7.634
   22 (vir)            5.399          -1.502          -3.628          -8.380            8.649
   23 (vir)            8.179          -1.774          -6.283         -12.118           12.240
   24 (vir)            8.179          -1.774          -6.283         -12.118           12.240
   25 (vir)            8.179          -1.774          -6.283         -12.118           12.240
   26 (vir)            8.179          -1.774          -6.283         -12.118           12.240
   27 (vir)            8.179          -1.774          -6.283         -12.118           12.240
   28 (vir)           29.744          -5.801          -2.786         -11.109           32.266
   29 (vir)           29.744          -5.801          -2.786         -11.109           32.266
   30 (vir)           29.744          -5.801          -2.786         -11.109           32.266
   31 (vir)           29.744          -5.801          -2.786         -11.109           32.266
   32 (vir)           29.744          -5.801          -2.786         -11.109           32.266
   33 (vir)           29.744          -5.801          -2.786         -11.109           32.266
   34 (vir)           29.744          -5.801          -2.786         -11.109           32.266
   35 (vir)           30.282          -3.338          -5.807         -13.470           34.607
   36 (vir)           30.282          -3.338          -5.807         -13.470           34.607
   37 (vir)           30.282          -3.338          -5.807         -13.470           34.607
   38 (vir)           40.925          -2.669          -7.970         -18.035           48.321
   39 (vir)           40.925          -2.669          -7.970         -18.035           48.321
   40 (vir)           40.925          -2.669          -7.970         -18.035           48.321
   41 (vir)           40.925          -2.669          -7.970         -18.035           48.321
   42 (vir)           40.925          -2.669          -7.970         -18.035           48.321
   43 (vir)           48.414          -1.549          -8.142         -17.978           56.701
   44 (vir)           79.390           1.601          -2.457         -14.282           92.816
   45 (vir)           79.390           1.601          -2.457         -14.282           92.816
   46 (vir)           79.390           1.601          -2.457         -14.282           92.816
   47 (vir)           79.390           1.601          -2.457         -14.282           92.816
   48 (vir)           79.390           1.601          -2.457         -14.282           92.816
   49 (vir)           79.390           1.601          -2.457         -14.282           92.816
   50 (vir)           79.390           1.601          -2.457         -14.282           92.816
   51 (vir)           79.390           1.601          -2.457         -14.282           92.816
   52 (vir)           79.390           1.601          -2.457         -14.282           92.816
   53 (vir)           81.787          -0.432          -4.512         -17.012           93.856
   54 (vir)           81.787          -0.432          -4.512         -17.012           93.856
   55 (vir)           81.787          -0.432          -4.512         -17.012           93.856
   56 (vir)           81.787          -0.432          -4.512         -17.012           93.856
   57 (vir)           81.787          -0.432          -4.512         -17.012           93.856
   58 (vir)           81.787          -0.432          -4.512         -17.012           93.856
   59 (vir)           81.787          -0.432          -4.512         -17.012           93.856
   60 (vir)          115.191          -1.171         -10.742         -25.386          128.664
   61 (vir)          115.191          -1.171         -10.742         -25.386          128.664
   62 (vir)          115.191          -1.171         -10.742         -25.386          128.664
   63 (vir)          145.991          -1.966         -15.384         -34.284          162.925
   64 (vir)          145.991          -1.966         -15.384         -34.284          162.925
   65 (vir)          145.991          -1.966         -15.384         -34.284          162.925
   66 (vir)          145.991          -1.966         -15.384         -34.284          162.925
   67 (vir)          145.991          -1.966         -15.384         -34.284          162.925
   68 (vir)          225.683          -0.452         -17.899         -38.179          245.511
   69 (vir)          403.728          -1.658         -26.295         -56.740          432.515
   70 (vir)          403.728          -1.658         -26.295         -56.740          432.515
   71 (vir)          403.728          -1.658         -26.295         -56.740          432.515
   72 (vir)          854.044           0.938         -30.440         -69.638          894.179
   73 (vir)         2796.177          -1.595         -45.993        -114.781         2863.370
   74 (vir)         9549.292          -1.531         -78.323        -206.693         9676.131
   75 (vir)        53727.437          -1.706        -127.968        -462.284        54060.048
