 
  kpoint:     0.0000    0.0000    0.0000
 
    n          ϵ_nk^DFT (eV)     Σ^c_nk (eV)     Σ^x_nk (eV)     v_n^xc (eV)   ϵ_nk^G0W0 (eV)
 
    1 (occ)       -31649.320           3.906        -996.678        -611.920       -32030.173
    2 (occ)       -31649.320           3.906        -996.678        -611.920       -32030.173
    3 (occ)        -4768.778           5.114        -393.053        -237.889        -4918.828
    4 (occ)        -4768.778           5.114        -393.053        -237.889        -4918.828
    5 (occ)        -4481.581           6.112        -387.918        -252.466        -4610.921
    6 (occ)        -4481.581           6.112        -387.918        -252.466        -4610.921
    7 (occ)        -4481.504           6.117        -387.993        -252.488        -4610.891
    8 (occ)        -4481.504           6.117        -387.993        -252.488        -4610.891
    9 (occ)        -4481.504           6.117        -387.993        -252.488        -4610.891
   10 (occ)        -4481.504           6.117        -387.993        -252.488        -4610.891
   11 (occ)         -960.292           7.135        -184.312        -113.117        -1024.352
   12 (occ)         -960.292           7.136        -184.312        -113.117        -1024.351
   13 (occ)         -839.594           8.024        -176.335        -115.185         -892.720
   14 (occ)         -839.594           8.028        -176.336        -115.186         -892.717
   15 (occ)         -839.406           8.213        -176.450        -115.212         -892.431
   16 (occ)         -839.406           8.213        -176.450        -115.212         -892.431
   17 (occ)         -839.406           8.214        -176.451        -115.212         -892.431
   18 (occ)         -839.406           8.214        -176.451        -115.212         -892.431
   19 (occ)         -615.030           8.553        -163.632        -118.303         -651.806
   20 (occ)         -615.030           8.553        -163.632        -118.303         -651.806
   21 (occ)         -614.989           8.561        -163.641        -118.309         -651.760
   22 (occ)         -614.989           8.561        -163.641        -118.309         -651.760
   23 (occ)         -614.989           8.561        -163.641        -118.309         -651.760
   24 (occ)         -614.989           8.561        -163.641        -118.309         -651.760
   25 (occ)         -614.864           8.555        -163.678        -118.328         -651.660
   26 (occ)         -614.864           8.555        -163.678        -118.328         -651.660
   27 (occ)         -614.864           8.555        -163.678        -118.328         -651.660
   28 (occ)         -614.864           8.555        -163.678        -118.328         -651.660
   29 (occ)         -166.999          12.988         -81.525         -51.979         -183.557
   30 (occ)         -166.998          12.950         -81.524         -51.979         -183.594
   31 (occ)         -125.028          11.485         -73.299         -49.796         -137.046
   32 (occ)         -125.022          11.486         -73.306         -49.805         -137.037
   33 (occ)         -124.609          12.000         -73.551         -49.867         -136.293
   34 (occ)         -124.609          12.000         -73.551         -49.867         -136.293
   35 (occ)         -124.608          11.995         -73.551         -49.867         -136.297
   36 (occ)         -124.608          11.995         -73.551         -49.867         -136.297
   37 (occ)          -53.052           4.537         -55.414         -43.353          -60.576
   38 (occ)          -52.942           4.506         -55.572         -43.549          -60.458
   39 (occ)          -52.892           4.519         -55.512         -43.457          -60.428
   40 (occ)          -52.892           4.519         -55.512         -43.457          -60.428
   41 (occ)          -52.862           4.506         -55.556         -43.520          -60.392
   42 (occ)          -52.862           4.506         -55.556         -43.520          -60.392
   43 (occ)          -52.543           4.534         -55.645         -43.563          -60.090
   44 (occ)          -52.543           4.534         -55.645         -43.563          -60.090
   45 (occ)          -52.540           4.534         -55.650         -43.570          -60.087
   46 (occ)          -52.540           4.534         -55.650         -43.570          -60.087
   47 (occ)          -17.737           4.814         -23.084         -16.210          -19.797
   48 (occ)          -15.181           3.740         -22.704         -16.812          -17.334
   49 (occ)           -9.607          -0.030         -17.063         -14.308          -12.392
   50 (occ)           -7.984           0.915         -16.922         -13.118          -10.873
   51 (occ)           -7.984           0.915         -16.922         -13.118          -10.873
   52 (occ)           -6.308           0.235         -16.980         -13.777           -9.275
   53 (occ)           -6.308           0.235         -16.980         -13.777           -9.275
   54 (vir)           -4.284          -1.702          -9.632         -13.925           -1.693
   55 (vir)            2.245          -1.723          -3.827          -7.998            4.693
   56 (vir)            3.219          -2.188          -5.622         -10.525            5.933
   57 (vir)            3.219          -2.188          -5.622         -10.525            5.933
   58 (vir)            3.254          -1.485          -2.681          -6.235            5.322
   59 (vir)            3.731          -1.831          -3.134          -7.207            5.973
   60 (vir)            3.984          -1.199          -3.235          -6.926            6.475
   61 (vir)            3.984          -1.199          -3.235          -6.926            6.475
   62 (vir)            4.595          -1.293          -2.876          -6.592            7.018
   63 (vir)            4.595          -1.293          -2.876          -6.592            7.018
   64 (vir)            4.623          -2.265          -5.507         -10.575            7.425
   65 (vir)            4.623          -2.265          -5.507         -10.575            7.425
   66 (vir)            6.389          -2.436          -3.791          -8.672            8.835
   67 (vir)            6.473          -2.560          -5.730         -11.046            9.229
   68 (vir)            6.473          -2.560          -5.730         -11.046            9.229
   69 (vir)            8.309          -2.904          -4.705         -10.433           11.132
   70 (vir)            9.275          -3.598          -4.647         -10.608           11.638
   71 (vir)            9.275          -3.598          -4.647         -10.608           11.638
   72 (vir)           12.296          -4.198          -4.305         -11.436           15.229
   73 (vir)           12.296          -4.198          -4.305         -11.436           15.229
   74 (vir)           12.975          -4.478          -5.131         -12.765           16.131
   75 (vir)           12.975          -4.478          -5.131         -12.765           16.131
   76 (vir)           13.688          -4.043          -4.441         -11.710           16.915
   77 (vir)           13.688          -4.043          -4.441         -11.710           16.915
   78 (vir)           14.141          -4.034          -4.418         -10.885           16.575
   79 (vir)           14.204          -4.543          -6.031         -13.766           17.397
   80 (vir)           14.767          -4.304          -4.993         -12.609           18.079
   81 (vir)           14.767          -4.304          -4.993         -12.609           18.079
   82 (vir)           16.453          -5.253          -5.970         -14.280           19.510
   83 (vir)           16.453          -5.253          -5.970         -14.280           19.510
   84 (vir)           19.570          -5.206          -7.645         -16.696           23.415
   85 (vir)           19.570          -5.206          -7.645         -16.696           23.415
   86 (vir)           19.999          -4.409          -6.385         -14.370           23.575
   87 (vir)           28.723          -3.617          -8.711         -18.108           34.503
   88 (vir)           29.114          -4.247         -11.489         -22.197           35.575
   89 (vir)           29.114          -4.247         -11.489         -22.197           35.575
   90 (vir)           29.158          -3.860          -7.067         -15.473           33.703
   91 (vir)           29.158          -3.860          -7.067         -15.473           33.703
   92 (vir)           29.473          -4.189         -11.181         -21.723           35.827
   93 (vir)           29.473          -4.189         -11.181         -21.723           35.827
   94 (vir)           29.798          -4.160          -8.662         -17.953           34.928
   95 (vir)           29.798          -4.160          -8.662         -17.953           34.928
   96 (vir)           29.896          -4.582         -10.272         -20.347           35.389
   97 (vir)           30.462          -4.147         -10.791         -21.183           36.707
   98 (vir)           30.462          -4.147         -10.791         -21.183           36.707
   99 (vir)           31.087          -5.310         -10.110         -20.182           35.849
  100 (vir)           31.087          -5.310         -10.110         -20.182           35.849
  101 (vir)           31.360          -4.087          -9.876         -19.921           37.317
  102 (vir)           31.360          -4.087          -9.876         -19.921           37.317
  103 (vir)           31.821          -2.774          -8.151         -17.505           38.401
  104 (vir)           32.863          -0.382          -6.874         -15.670           41.277
  105 (vir)           32.863          -0.382          -6.874         -15.670           41.277
  106 (vir)           34.710          -3.067          -7.205         -16.242           40.680
  107 (vir)           35.707          -2.922          -8.136         -17.578           42.227
  108 (vir)           35.707          -2.922          -8.136         -17.578           42.227
  109 (vir)           36.134          -2.746          -6.904         -16.301           42.785
  110 (vir)           36.134          -2.746          -6.904         -16.301           42.785
  111 (vir)           37.466          -3.130          -7.671         -17.098           43.762
  112 (vir)           37.466          -3.130          -7.671         -17.098           43.762
  113 (vir)           37.681          -2.043          -6.759         -15.905           44.784
  114 (vir)           40.156          -1.258          -4.392         -13.440           47.946
  115 (vir)           42.091          -2.402          -6.021         -15.426           49.095
  116 (vir)           42.091          -2.402          -6.021         -15.426           49.095
  117 (vir)           43.192           0.423          -2.141         -11.506           52.981
  118 (vir)           43.192           0.423          -2.141         -11.506           52.981
  119 (vir)           43.441          -2.106          -7.082         -16.371           50.624
  120 (vir)           44.563          -0.652          -3.811         -13.822           53.921
  121 (vir)           44.563          -0.652          -3.811         -13.822           53.921
  122 (vir)           45.312           0.632          -2.133         -11.627           55.439
  123 (vir)           45.312           0.632          -2.133         -11.627           55.439
  124 (vir)           46.832           1.252          -2.177         -11.797           57.704
  125 (vir)           46.832           1.252          -2.177         -11.797           57.704
  126 (vir)           47.160           1.280          -2.174         -11.812           58.078
  127 (vir)           47.160           1.280          -2.174         -11.812           58.078
  128 (vir)           48.254           0.477          -2.112         -11.771           58.392
  129 (vir)           48.254           0.477          -2.112         -11.771           58.392
  130 (vir)           49.376          -0.690          -3.755         -13.414           58.346
  131 (vir)           53.307           0.052          -2.479         -12.483           63.364
  132 (vir)           53.307           0.052          -2.479         -12.483           63.364
  133 (vir)           56.307          -2.400          -8.198         -20.004           65.714
  134 (vir)           65.355          -0.000          -3.300         -13.952           76.007
  135 (vir)           65.355          -0.000          -3.300         -13.952           76.007
  136 (vir)           74.194          -1.334          -6.319         -17.797           84.338
  137 (vir)           81.763          -4.346         -13.808         -29.939           93.547
  138 (vir)           81.763          -4.346         -13.808         -29.939           93.547
  139 (vir)           81.823          -3.921         -13.922         -30.085           94.064
  140 (vir)           81.823          -3.921         -13.922         -30.085           94.064
  141 (vir)           82.559          -3.920         -13.734         -29.850           94.756
  142 (vir)           82.559          -3.920         -13.734         -29.850           94.756
  143 (vir)           83.657          -4.263         -13.264         -29.221           95.351
  144 (vir)           83.657          -4.263         -13.264         -29.221           95.351
  145 (vir)           84.095          -4.180         -12.819         -28.559           95.656
  146 (vir)           84.095          -4.180         -12.819         -28.559           95.656
  147 (vir)           84.280          -4.260         -13.072         -29.015           95.964
  148 (vir)           84.280          -4.260         -13.072         -29.015           95.964
  149 (vir)           85.977          -3.678         -11.939         -27.570           97.930
  150 (vir)           86.199          -4.218         -12.385         -27.999           97.595
  151 (vir)          137.297          -4.294         -17.273         -35.226          150.957
  152 (vir)          137.297          -4.294         -17.273         -35.226          150.957
  153 (vir)          139.309          -4.426         -17.089         -35.051          152.844
  154 (vir)          139.309          -4.426         -17.089         -35.051          152.844
  155 (vir)          140.937          -4.339         -16.135         -34.294          154.757
  156 (vir)          142.364          -4.054         -14.379         -32.645          156.575
  157 (vir)          142.364          -4.054         -14.379         -32.645          156.575
  158 (vir)          143.063          -4.104         -14.214         -32.461          157.206
  159 (vir)          143.063          -4.104         -14.214         -32.461          157.206
  160 (vir)          143.557          -4.278         -14.298         -32.565          157.546
  161 (vir)          143.557          -4.278         -14.298         -32.565          157.546
  162 (vir)          144.562          -4.216         -15.526         -33.659          158.479
  163 (vir)          147.202          -4.816         -14.023         -32.296          160.659
  164 (vir)          147.202          -4.816         -14.023         -32.296          160.659
  165 (vir)          153.808          -3.691         -13.989         -32.163          168.291
  166 (vir)          154.192          -5.164         -15.137         -33.596          167.487
  167 (vir)          179.909          -1.130         -16.755         -35.463          197.487
  168 (vir)          195.581          -0.516         -15.898         -34.818          213.984
  169 (vir)          300.572          -1.320         -16.922         -44.793          327.123
  170 (vir)          300.572          -1.320         -16.922         -44.792          327.123
  171 (vir)          300.737          -1.729         -16.938         -44.815          326.885
  172 (vir)          300.737          -1.729         -16.938         -44.815          326.885
  173 (vir)          301.130          -1.820         -16.916         -44.785          327.179
  174 (vir)          301.130          -1.820         -16.916         -44.785          327.179
  175 (vir)          301.609          -1.459         -16.868         -44.717          327.999
  176 (vir)          301.609          -1.459         -16.868         -44.717          327.999
  177 (vir)          301.807          -1.618         -16.847         -44.683          328.025
  178 (vir)          301.807          -1.618         -16.847         -44.683          328.025
  179 (vir)          301.856          -1.385         -16.849         -44.694          328.316
  180 (vir)          301.856          -1.385         -16.849         -44.694          328.316
  181 (vir)          302.164          -1.362         -16.813         -44.663          328.652
  182 (vir)          302.715          -1.278         -16.813         -44.616          329.240
  183 (vir)          496.306          -1.916         -32.579         -67.470          529.280
  184 (vir)          496.306          -1.916         -32.579         -67.470          529.280
  185 (vir)          496.730          -1.895         -32.543         -67.428          529.720
  186 (vir)          496.730          -1.895         -32.543         -67.428          529.720
  187 (vir)          497.171          -1.928         -32.548         -67.439          530.135
  188 (vir)          497.172          -1.928         -32.548         -67.439          530.135
  189 (vir)          499.813          -1.944         -32.431         -67.322          532.760
  190 (vir)          499.813          -1.944         -32.431         -67.322          532.760
  191 (vir)          501.567          -1.886         -32.386         -67.282          534.577
  192 (vir)          502.344          -1.932         -32.330         -67.220          535.303
  193 (vir)          706.561          -0.400         -31.488         -66.624          741.296
  194 (vir)          717.465          -0.431         -31.262         -66.524          752.295
  195 (vir)         1270.661          -2.901         -62.158        -118.873         1324.474
  196 (vir)         1270.661          -2.901         -62.158        -118.873         1324.474
  197 (vir)         1272.684          -2.899         -62.108        -118.847         1326.524
  198 (vir)         1272.684          -2.899         -62.108        -118.847         1326.524
  199 (vir)         1276.641          -2.930         -61.878        -118.776         1330.609
  200 (vir)         1286.093          -2.919         -61.648        -118.644         1340.170
  201 (vir)         2379.454          -2.207         -50.139        -114.455         2441.563
  202 (vir)         2389.557          -2.199         -50.016        -114.379         2451.722
  203 (vir)         7139.864          -2.150         -71.245        -180.181         7246.650
  204 (vir)         7149.240          -2.147         -71.183        -180.144         7256.054
  205 (vir)        20475.382          -1.787         -94.159        -273.901        20653.337
  206 (vir)        20484.046          -1.786         -94.128        -273.879        20662.012
  207 (vir)        59243.132          -1.486        -129.652        -435.109        59547.103
  208 (vir)        59251.423          -1.486        -129.637        -435.101        59555.401
  209 (vir)       273833.948          -1.913        -155.800        -840.906       274517.141
  210 (vir)       273848.475          -1.913        -155.794        -840.908       274531.676
