 
  kpoint:     0.0000    0.0000    0.0000
 
    n          ϵ_nk^DFT (eV)     Σ^c_nk (eV)     Σ^x_nk (eV)     v_n^xc (eV)   ϵ_nk^G0W0 (eV)
 
    1 (occ)         -269.263           3.622         -96.902         -61.535         -301.007
    2 (occ)         -269.257           3.632         -96.895         -61.539         -300.981
    3 (occ)         -269.257           3.634         -96.895         -61.539         -300.979
    4 (occ)         -269.247           3.706         -96.879         -61.548         -300.873
    5 (occ)         -269.247           3.707         -96.879         -61.548         -300.871
    6 (occ)         -269.242           3.745         -96.872         -61.552         -300.816
    7 (occ)          -21.160           7.550         -26.442         -16.849          -23.203
    8 (occ)          -18.375           5.843         -25.606         -16.922          -21.217
    9 (occ)          -18.374           5.842         -25.605         -16.921          -21.216
   10 (occ)          -14.754           4.060         -23.442         -16.319          -17.817
   11 (occ)          -14.754           4.054         -23.442         -16.319          -17.823
   12 (occ)          -12.800           3.001         -20.596         -14.553          -15.842
   13 (occ)          -11.099           2.512         -21.112         -15.210          -14.489
   14 (occ)          -10.866           2.406         -22.155         -16.812          -13.803
   15 (occ)          -10.165           1.957         -20.570         -15.301          -13.477
   16 (occ)          -10.164           1.957         -20.569         -15.300          -13.477
   17 (occ)           -9.043           2.165         -17.541         -13.197          -11.222
   18 (occ)           -8.193           1.225         -20.517         -15.883          -11.602
   19 (occ)           -8.193           1.225         -20.517         -15.883          -11.602
   20 (occ)           -6.325          -0.088         -16.031         -13.478           -8.967
   21 (occ)           -6.325          -0.088         -16.031         -13.477           -8.967
   22 (vir)           -1.229          -2.677          -8.020         -12.997            1.071
   23 (vir)           -1.229          -2.677          -8.019         -12.997            1.071
   24 (vir)            0.118          -1.433          -2.377          -5.716            2.024
   25 (vir)            0.856          -1.243          -1.784          -4.768            2.597
   26 (vir)            0.856          -1.243          -1.784          -4.768            2.597
   27 (vir)            1.590          -1.284          -1.887          -4.928            3.347
   28 (vir)            1.590          -1.284          -1.887          -4.928            3.347
   29 (vir)            2.539          -1.361          -1.898          -5.005            4.285
   30 (vir)            2.553          -4.927          -6.040         -12.670            4.256
   31 (vir)            2.597          -1.657          -2.271          -5.885            4.554
   32 (vir)            2.881          -1.411          -1.335          -4.458            4.592
   33 (vir)            3.682          -1.379          -1.384          -4.629            5.547
   34 (vir)            3.828          -1.381          -1.333          -4.447            5.560
   35 (vir)            3.828          -1.381          -1.333          -4.447            5.560
   36 (vir)            4.371          -1.567          -1.962          -5.367            6.208
   37 (vir)            4.371          -1.568          -1.962          -5.366            6.208
   38 (vir)            4.406          -1.292          -1.711          -4.824            6.227
   39 (vir)            4.406          -1.288          -1.711          -4.823            6.230
   40 (vir)            5.690          -1.668          -1.425          -4.894            7.491
   41 (vir)            5.690          -1.668          -1.425          -4.894            7.491
   42 (vir)            6.468          -2.296          -4.033          -8.542            8.680
   43 (vir)            6.639          -2.836          -4.858         -10.087            9.032
   44 (vir)            6.639          -2.839          -4.857         -10.085            9.028
   45 (vir)            7.177          -2.478          -3.716          -8.337            9.319
   46 (vir)            7.177          -2.475          -3.714          -8.332            9.321
   47 (vir)            7.517          -2.445          -1.591          -5.458            8.939
   48 (vir)            7.583          -1.945          -2.457          -6.470            9.651
   49 (vir)            7.583          -1.880          -2.456          -6.468            9.715
   50 (vir)            7.914          -1.347          -1.725          -4.549            9.391
   51 (vir)            8.148          -2.330          -2.937          -7.102            9.983
   52 (vir)            8.149          -2.355          -2.939          -7.104            9.960
   53 (vir)            8.335          -2.793          -3.009          -8.159           10.692
   54 (vir)            8.430          -2.301          -2.989          -7.178           10.318
   55 (vir)            9.870          -0.962          -0.626          -3.272           11.554
   56 (vir)           10.249          -1.606          -1.082          -4.634           12.195
   57 (vir)           10.462          -2.833          -3.514          -8.607           12.722
   58 (vir)           10.463          -2.841          -3.515          -8.608           12.715
   59 (vir)           11.153          -2.084          -2.625          -6.698           13.142
   60 (vir)           11.153          -2.076          -2.625          -6.698           13.150
   61 (vir)           12.649          -2.059          -1.790          -5.776           14.575
   62 (vir)           12.649          -2.060          -1.790          -5.776           14.576
   63 (vir)           13.218          -2.141          -1.922          -6.175           15.330
   64 (vir)           13.219          -2.142          -1.922          -6.175           15.330
   65 (vir)           13.299          -2.702          -3.113          -8.912           16.396
   66 (vir)           13.574          -2.752          -2.203          -7.351           15.970
   67 (vir)           13.574          -2.751          -2.203          -7.351           15.970
   68 (vir)           14.450          -2.735          -2.764          -7.704           16.655
   69 (vir)           14.574          -5.268          -5.730         -13.501           17.076
   70 (vir)           14.674          -4.209          -4.537         -10.959           16.887
   71 (vir)           14.994          -2.497          -2.137          -6.807           17.167
   72 (vir)           16.040          -2.709          -2.100          -7.610           18.842
   73 (vir)           16.040          -2.710          -2.100          -7.610           18.840
   74 (vir)           17.210          -3.910          -3.939         -10.294           19.655
   75 (vir)           17.256          -3.386          -2.607          -8.371           19.633
   76 (vir)           17.256          -3.315          -2.607          -8.370           19.704
   77 (vir)           18.099          -3.391          -3.065          -8.374           20.017
   78 (vir)           18.195          -3.821          -2.200          -8.471           20.644
   79 (vir)           18.990          -3.752          -2.888          -8.877           21.228
   80 (vir)           18.991          -3.752          -2.888          -8.877           21.228
   81 (vir)           19.115          -3.057          -1.795          -7.578           21.842
   82 (vir)           19.357          -3.888          -2.324          -8.804           21.949
   83 (vir)           19.357          -3.890          -2.324          -8.804           21.948
   84 (vir)           19.735          -3.886          -2.075          -8.149           21.923
   85 (vir)           19.735          -3.886          -2.076          -8.150           21.923
   86 (vir)           19.801          -3.652          -1.958          -7.823           22.014
   87 (vir)           19.943          -3.356          -1.515          -7.055           22.127
   88 (vir)           21.257          -2.955          -1.794          -6.922           23.429
   89 (vir)           21.257          -2.959          -1.794          -6.922           23.426
   90 (vir)           22.536          -3.564          -2.480          -8.298           24.790
   91 (vir)           22.536          -3.564          -2.480          -8.298           24.790
   92 (vir)           22.856          -4.359          -2.793          -9.386           25.090
   93 (vir)           23.221          -2.776          -1.381          -6.953           26.016
   94 (vir)           23.454          -4.689          -3.226         -10.155           25.694
   95 (vir)           23.648          -4.117          -2.602          -8.966           25.896
   96 (vir)           23.649          -4.107          -2.602          -8.966           25.906
   97 (vir)           23.689          -3.337          -1.246          -6.927           26.033
   98 (vir)           23.689          -3.337          -1.246          -6.927           26.033
   99 (vir)           23.753          -3.292          -1.251          -6.778           25.988
  100 (vir)           23.753          -3.292          -1.251          -6.778           25.987
  101 (vir)           26.240          -3.506          -1.168          -6.844           28.410
  102 (vir)           26.516          -3.254          -1.655          -7.194           28.801
  103 (vir)           26.516          -3.271          -1.655          -7.194           28.784
  104 (vir)           26.643          -3.098          -1.950          -7.161           28.756
  105 (vir)           26.643          -3.073          -1.950          -7.161           28.782
  106 (vir)           27.048          -3.266          -1.414          -7.013           29.380
  107 (vir)           27.049          -3.267          -1.414          -7.013           29.380
  108 (vir)           27.066          -3.187          -1.937          -8.568           30.510
  109 (vir)           27.066          -3.187          -1.937          -8.568           30.510
  110 (vir)           29.301          -3.746          -2.210          -8.591           31.936
  111 (vir)           29.301          -3.722          -2.210          -8.591           31.960
  112 (vir)           29.944          -4.311          -2.298          -9.141           32.476
  113 (vir)           29.948          -3.441          -1.991          -8.537           33.053
  114 (vir)           29.948          -3.503          -1.991          -8.537           32.990
  115 (vir)           30.010          -3.745          -1.265          -7.326           32.325
  116 (vir)           30.010          -3.749          -1.265          -7.326           32.322
  117 (vir)           31.767          -2.413          -0.786          -6.397           34.964
  118 (vir)           32.171          -3.908          -1.824          -8.626           35.064
  119 (vir)           32.913          -2.913          -1.258          -7.010           35.753
  120 (vir)           32.913          -2.910          -1.258          -7.010           35.755
  121 (vir)           32.954          -2.803          -2.026          -7.754           35.879
  122 (vir)           33.882          -2.273          -1.839          -8.595           38.366
  123 (vir)           34.838          -2.826          -0.836          -6.368           37.544
  124 (vir)           37.239          -1.831          -0.330          -4.767           39.845
  125 (vir)           37.450          -2.201          -1.436          -7.417           41.229
  126 (vir)           37.450          -2.166          -1.437          -7.417           41.265
  127 (vir)           39.547          -1.812          -3.879         -12.689           46.545
  128 (vir)           39.679          -2.456          -1.950          -8.999           44.273
  129 (vir)           39.681          -2.457          -1.950          -8.999           44.273
  130 (vir)           39.976          -1.463          -1.284          -7.641           44.871
  131 (vir)           40.409          -3.121          -2.292         -10.077           45.073
  132 (vir)           40.916          -4.310          -2.340          -9.723           43.989
  133 (vir)           41.318          -5.054          -2.597         -10.635           44.301
  134 (vir)           41.926          -2.548          -2.214          -9.705           46.868
  135 (vir)           41.926          -2.560          -2.215          -9.706           46.857
  136 (vir)           43.840          -4.591          -3.489         -12.878           48.639
  137 (vir)           43.841          -4.605          -3.489         -12.879           48.625
  138 (vir)           44.184          -3.240          -2.499         -11.078           49.522
  139 (vir)           44.251          -1.656          -1.624          -8.080           49.050
  140 (vir)           45.771          -2.426          -2.998         -11.335           51.682
  141 (vir)           46.161          -3.053          -2.320         -10.488           51.275
  142 (vir)           46.162          -3.054          -2.320         -10.488           51.275
  143 (vir)           46.332          -3.931          -2.714         -11.270           50.957
  144 (vir)           46.332          -3.891          -2.714         -11.270           50.997
  145 (vir)           47.451          -2.465          -2.880         -11.227           53.332
  146 (vir)           47.504          -3.600          -3.049         -11.461           52.316
  147 (vir)           47.692          -2.651          -1.820          -9.321           52.541
  148 (vir)           47.693          -2.618          -1.821          -9.321           52.575
  149 (vir)           49.049          -4.112          -2.255         -10.487           53.169
  150 (vir)           49.051          -2.770          -2.255         -10.487           54.512
  151 (vir)           50.455          -2.676          -2.446         -11.320           56.653
  152 (vir)           50.455          -2.677          -2.446         -11.320           56.651
  153 (vir)           50.975          -1.861          -0.825          -7.327           55.616
  154 (vir)           51.714          -2.268          -2.340         -10.903           58.010
  155 (vir)           51.715          -2.263          -2.340         -10.903           58.016
  156 (vir)           51.932          -1.770          -2.195          -9.837           57.805
  157 (vir)           51.933          -1.771          -2.195          -9.837           57.805
  158 (vir)           52.270          -1.375          -2.227         -10.603           59.270
  159 (vir)           52.270          -1.380          -2.227         -10.603           59.266
  160 (vir)           52.652          -3.361          -1.511          -9.834           57.613
  161 (vir)           52.686          -2.516          -1.992         -10.664           58.841
  162 (vir)           52.686          -2.516          -1.992         -10.664           58.841
  163 (vir)           53.271          -2.772          -1.928         -10.966           59.536
  164 (vir)           53.696          -1.662          -2.327         -10.847           60.554
  165 (vir)           53.698          -1.647          -2.327         -10.848           60.571
  166 (vir)           55.953          -1.082          -2.513         -11.290           63.649
  167 (vir)           55.953          -1.060          -2.512         -11.290           63.671
  168 (vir)           56.611          -2.146          -2.147         -10.929           63.248
  169 (vir)           56.652          -1.740          -1.960         -10.807           63.760
  170 (vir)           56.653          -1.739          -1.960         -10.807           63.760
  171 (vir)           57.179          -1.146          -1.865          -9.833           64.001
  172 (vir)           57.179          -1.127          -1.865          -9.833           64.020
  173 (vir)           58.031          -1.334          -1.599          -9.343           64.441
  174 (vir)           59.301          -1.049          -1.455          -9.829           66.627
  175 (vir)           59.302          -1.049          -1.455          -9.830           66.627
  176 (vir)           59.461          -0.762          -1.329          -9.536           66.906
  177 (vir)           59.461          -0.762          -1.329          -9.536           66.906
  178 (vir)           59.661          -0.959          -1.821         -10.286           67.167
  179 (vir)           59.661          -0.976          -1.821         -10.285           67.149
  180 (vir)           60.275          -0.761          -1.867         -10.663           68.310
  181 (vir)           60.366          -2.604          -1.965         -11.121           66.918
  182 (vir)           61.104          -1.085          -2.415         -11.166           68.770
  183 (vir)           61.813          -0.677          -2.193         -10.936           69.879
  184 (vir)           61.814          -0.937          -2.193         -10.936           69.620
  185 (vir)           62.673          -1.647          -1.597          -9.644           69.073
  186 (vir)           63.177          -1.092          -1.729         -10.223           70.579
  187 (vir)           63.718          -1.147          -1.778         -10.768           71.560
  188 (vir)           64.246          -1.001          -2.378         -11.951           72.818
  189 (vir)           64.246          -1.000          -2.378         -11.951           72.819
  190 (vir)           64.554          -1.132          -2.412         -12.035           73.045
  191 (vir)           65.278          -1.394          -2.287         -11.431           73.028
  192 (vir)           65.278          -1.376          -2.287         -11.430           73.046
  193 (vir)           66.090          -3.204          -1.235          -9.759           71.410
  194 (vir)           66.753          -0.194          -1.261          -9.661           74.959
  195 (vir)           66.753          -0.194          -1.260          -9.659           74.959
  196 (vir)           67.034          -1.401          -1.546          -9.982           74.070
  197 (vir)           67.035          -1.473          -1.546          -9.982           73.998
  198 (vir)           67.499          -1.043          -2.134         -11.087           75.408
  199 (vir)           67.500          -1.017          -2.135         -11.088           75.436
  200 (vir)           67.802          -0.937          -2.991         -13.468           77.342
  201 (vir)           67.802          -0.938          -2.990         -13.467           77.341
  202 (vir)           67.835          -1.565          -2.329         -11.337           75.278
  203 (vir)           67.835          -2.012          -2.329         -11.337           74.830
  204 (vir)           69.367          -0.846          -1.786         -10.196           76.931
  205 (vir)           70.176          -0.644          -1.761         -10.943           78.714
  206 (vir)           70.231          -1.613          -3.807         -15.216           80.027
  207 (vir)           70.890          -1.088          -1.957         -10.252           78.097
  208 (vir)           71.045          -0.658          -2.602         -12.472           80.257
  209 (vir)           71.046          -0.656          -2.601         -12.471           80.259
  210 (vir)           71.272          -0.115          -0.841          -8.656           78.973
  211 (vir)           71.385          -0.958          -1.828         -10.882           79.481
  212 (vir)           71.385          -0.981          -1.829         -10.883           79.459
  213 (vir)           73.064          -0.654          -2.450         -11.872           81.833
  214 (vir)           74.248           0.075          -1.051          -9.427           82.699
  215 (vir)           74.248           0.074          -1.051          -9.427           82.698
  216 (vir)           74.322           0.073          -0.914          -8.424           81.906
  217 (vir)           74.493          -0.633          -1.883         -11.083           83.060
  218 (vir)           74.494          -0.624          -1.883         -11.084           83.070
  219 (vir)           74.753          -0.729          -1.607         -10.288           82.704
  220 (vir)           74.753          -0.726          -1.607         -10.288           82.708
  221 (vir)           76.065          -0.246          -1.156          -9.367           84.030
  222 (vir)           76.622          -1.077          -2.067         -11.715           85.193
  223 (vir)           77.877          -0.660          -1.061          -9.641           85.797
  224 (vir)           78.246          -0.291          -1.754         -11.612           87.813
  225 (vir)           78.247          -0.292          -1.754         -11.612           87.813
  226 (vir)           79.613          -1.149          -2.200         -12.366           88.630
  227 (vir)           81.680          -0.913          -1.790         -10.996           89.975
  228 (vir)           81.682          -0.910          -1.790         -10.996           89.979
  229 (vir)           82.145          -2.390          -4.469         -17.471           92.758
  230 (vir)           82.776          -0.630          -1.746         -11.225           91.625
  231 (vir)           82.776          -0.651          -1.746         -11.224           91.603
  232 (vir)           83.358          -0.401          -1.843         -12.104           93.218
  233 (vir)           83.360          -0.401          -1.843         -12.103           93.219
  234 (vir)           84.967          -0.331          -1.364         -10.800           94.072
  235 (vir)           85.641          -0.427          -2.041         -12.197           95.370
  236 (vir)           88.818          -0.378          -1.407         -10.337           97.369
  237 (vir)           88.818          -0.332          -1.407         -10.336           97.415
  238 (vir)           88.877          -0.784          -2.925         -13.991           99.158
  239 (vir)           88.877          -0.797          -2.925         -13.990           99.145
  240 (vir)           89.407          -1.074          -3.653         -15.613          100.293
  241 (vir)           90.011          -0.566          -3.377         -15.002          101.070
  242 (vir)           90.517          -0.558          -2.539         -13.593          101.012
  243 (vir)           90.517          -0.558          -2.539         -13.592          101.013
  244 (vir)           92.035          -0.452          -1.677         -11.395          101.300
  245 (vir)           92.129          -0.384          -2.228         -12.275          101.791
  246 (vir)           92.132          -0.377          -2.228         -12.276          101.802
  247 (vir)           92.188          -0.613          -2.205         -12.689          102.059
  248 (vir)           92.189          -0.841          -2.205         -12.689          101.831
  249 (vir)           92.731          -0.501          -1.517         -10.487          101.201
  250 (vir)           94.666          -0.324          -2.683         -14.531          106.190
  251 (vir)           94.666          -0.317          -2.683         -14.531          106.196
  252 (vir)           95.183          -0.511          -1.979         -12.893          105.586
  253 (vir)           95.504          -0.247          -1.705         -12.358          105.910
  254 (vir)           95.505          -0.247          -1.705         -12.357          105.909
  255 (vir)           98.844          -1.097          -1.799         -12.752          108.700
  256 (vir)          100.860           1.607          -3.261         -15.466          114.671
  257 (vir)          100.861           0.879          -3.262         -15.466          113.944
  258 (vir)          101.848           0.009          -1.769         -12.329          112.417
  259 (vir)          101.851           0.009          -1.769         -12.330          112.420
  260 (vir)          102.958          -0.268          -2.354         -13.964          114.300
  261 (vir)          102.958          -0.261          -2.354         -13.964          114.307
  262 (vir)          106.569           0.757          -2.574         -14.440          119.192
  263 (vir)          107.024          -0.342          -1.839         -13.043          117.885
  264 (vir)          107.540          -0.653          -2.081         -13.001          117.807
  265 (vir)          108.856          -0.023          -1.577         -12.173          119.429
  266 (vir)          109.346          -0.456          -2.611         -13.925          120.204
  267 (vir)          109.347          -0.459          -2.611         -13.925          120.201
  268 (vir)          110.981          -0.364          -1.764         -12.749          121.601
  269 (vir)          110.982          -0.346          -1.764         -12.749          121.621
  270 (vir)          114.680          -0.693          -2.206         -13.617          125.398
  271 (vir)          114.929           0.571          -1.654         -12.289          126.134
  272 (vir)          119.930           0.041          -2.086         -13.825          131.710
  273 (vir)          119.931          -0.500          -2.086         -13.825          131.170
  274 (vir)          120.130          -0.099          -1.915         -14.010          132.126
  275 (vir)          120.131          -0.096          -1.915         -14.010          132.129
  276 (vir)          122.582           0.251          -2.241         -14.888          135.480
  277 (vir)          124.855           0.429          -2.682         -15.454          138.055
  278 (vir)          124.858           0.514          -2.682         -15.453          138.143
  279 (vir)          125.179           0.224          -2.042         -14.656          138.016
  280 (vir)          126.885           0.026          -1.575         -12.479          137.815
  281 (vir)          127.572           0.229          -1.985         -14.498          140.314
  282 (vir)          129.257           0.191          -1.912         -14.501          142.037
  283 (vir)          129.794          -0.179          -2.025         -14.642          142.231
  284 (vir)          130.655          -0.025          -2.822         -15.886          143.695
  285 (vir)          130.656          -0.456          -2.821         -15.886          143.264
  286 (vir)          133.981          -0.093          -1.900         -14.363          146.352
  287 (vir)          133.981          -0.091          -1.900         -14.363          146.353
  288 (vir)          134.158           0.031          -1.797         -14.032          146.424
  289 (vir)          135.720           0.036          -1.778         -14.130          148.108
  290 (vir)          135.721           0.035          -1.778         -14.129          148.107
  291 (vir)          136.217           0.241          -2.184         -15.034          149.307
  292 (vir)          136.218           0.213          -2.184         -15.034          149.280
  293 (vir)          139.086           0.037          -2.364         -15.494          152.253
  294 (vir)          139.087           0.033          -2.364         -15.494          152.250
  295 (vir)          139.148          -0.174          -1.849         -14.396          151.521
  296 (vir)          140.768           0.006          -1.759         -14.319          153.334
  297 (vir)          140.768           0.005          -1.759         -14.319          153.334
  298 (vir)          141.044           0.195          -2.881         -16.273          154.630
  299 (vir)          142.598          -0.108          -1.864         -14.493          155.119
  300 (vir)          142.600          -0.080          -1.864         -14.493          155.149
  301 (vir)          142.772           0.120          -1.755         -14.336          155.473
  302 (vir)          142.773           0.120          -1.755         -14.336          155.474
  303 (vir)          143.274          -0.031          -1.651         -14.030          155.622
  304 (vir)          143.274          -0.031          -1.651         -14.029          155.621
  305 (vir)          144.686          -1.128          -2.439         -16.123          157.242
  306 (vir)          145.210          -0.251          -2.033         -15.330          158.256
  307 (vir)          145.913           0.654          -2.488         -15.621          159.700
  308 (vir)          147.210          -0.039          -1.448         -13.507          159.230
  309 (vir)          147.211          -0.042          -1.447         -13.506          159.228
  310 (vir)          148.378          -0.142          -1.552         -13.754          160.439
  311 (vir)          148.379          -0.142          -1.552         -13.755          160.441
  312 (vir)          148.505           0.035          -1.950         -14.365          160.954
  313 (vir)          150.495          -0.447          -1.931         -15.184          163.301
  314 (vir)          150.496          -0.448          -1.931         -15.186          163.302
  315 (vir)          151.057          -0.613          -1.452         -13.844          162.835
  316 (vir)          152.837          -0.036          -2.141         -15.318          165.979
  317 (vir)          152.840          -0.032          -2.140         -15.316          165.984
  318 (vir)          153.077           0.210          -1.904         -14.831          166.215
  319 (vir)          155.384          -0.272          -1.686         -14.343          167.769
  320 (vir)          156.179           0.324          -1.892         -14.195          168.807
  321 (vir)          156.180           0.323          -1.892         -14.196          168.806
  322 (vir)          157.457           0.338          -1.428         -13.824          170.191
  323 (vir)          157.459           0.340          -1.428         -13.823          170.194
  324 (vir)          157.489          -0.596          -1.777         -14.818          169.934
  325 (vir)          157.490          -0.673          -1.777         -14.818          169.858
  326 (vir)          157.810          -1.439          -1.919         -15.334          169.786
  327 (vir)          159.028           1.141          -1.683         -14.606          173.092
  328 (vir)          160.594          -0.362          -1.634         -14.558          173.156
  329 (vir)          160.596          -0.362          -1.634         -14.557          173.157
  330 (vir)          161.081           0.210          -1.211         -12.890          172.970
  331 (vir)          161.082           0.210          -1.210         -12.889          172.970
  332 (vir)          161.676          -0.584          -2.487         -16.341          174.945
  333 (vir)          161.679          -0.617          -2.487         -16.340          174.915
  334 (vir)          161.830          -0.621          -2.330         -16.082          174.961
  335 (vir)          161.881           0.159          -1.738         -14.344          174.646
  336 (vir)          162.067          -0.100          -1.388         -13.670          174.250
  337 (vir)          162.067          -0.100          -1.388         -13.670          174.249
  338 (vir)          162.183           0.497          -0.849         -11.646          173.476
  339 (vir)          162.522          -0.014          -1.838         -15.181          175.852
  340 (vir)          162.523          -0.011          -1.838         -15.182          175.856
  341 (vir)          163.299          -0.070          -1.357         -13.365          175.238
  342 (vir)          163.300          -0.078          -1.356         -13.364          175.230
  343 (vir)          165.164          -0.197          -1.237         -13.447          177.177
  344 (vir)          166.029           0.001          -1.976         -14.727          178.782
  345 (vir)          166.257          -0.497          -1.619         -14.694          178.836
  346 (vir)          166.275          -2.468          -1.895         -15.132          177.043
  347 (vir)          166.276          -3.607          -1.895         -15.133          175.907
  348 (vir)          166.751           0.529          -1.797         -15.200          180.684
  349 (vir)          166.881          -0.085          -1.682         -15.023          180.137
  350 (vir)          167.312          -0.306          -2.003         -15.348          180.350
  351 (vir)          167.702          -0.098          -1.619         -14.392          180.377
  352 (vir)          167.702          -0.091          -1.619         -14.391          180.384
  353 (vir)          167.908          -0.193          -1.602         -14.149          180.262
  354 (vir)          167.911          -0.203          -1.602         -14.151          180.256
  355 (vir)          168.157          -0.228          -1.659         -14.818          181.089
  356 (vir)          168.417           0.104          -1.484         -14.354          181.392
  357 (vir)          168.420           0.105          -1.483         -14.351          181.392
  358 (vir)          169.462          -0.436          -1.663         -14.787          182.150
  359 (vir)          169.465          -0.435          -1.662         -14.784          182.152
  360 (vir)          172.523          -0.127          -1.565         -14.643          185.474
  361 (vir)          172.528          -0.128          -1.565         -14.643          185.478
  362 (vir)          172.757          -0.180          -1.529         -13.999          185.046
  363 (vir)          172.759          -0.183          -1.530         -13.999          185.045
  364 (vir)          173.505          -0.280          -1.917         -16.045          187.353
  365 (vir)          174.010           0.197          -1.464         -13.479          186.221
  366 (vir)          176.330           0.366          -1.733         -14.579          189.542
  367 (vir)          176.545          -0.316          -1.714         -15.317          189.832
  368 (vir)          176.600          -0.331          -1.602         -14.690          189.357
  369 (vir)          176.604          -0.332          -1.602         -14.688          189.359
  370 (vir)          176.704          -0.050          -1.207         -13.215          188.661
  371 (vir)          177.036          -0.097          -1.667         -15.189          190.461
  372 (vir)          177.037          -0.097          -1.667         -15.190          190.463
  373 (vir)          177.950          -0.189          -1.962         -15.573          191.373
  374 (vir)          177.953          -0.181          -1.961         -15.573          191.384
  375 (vir)          178.761          -0.323          -1.722         -15.293          192.009
  376 (vir)          178.764          -0.324          -1.722         -15.293          192.011
  377 (vir)          179.407           0.029          -1.785         -14.649          192.300
  378 (vir)          179.411           0.026          -1.785         -14.648          192.301
  379 (vir)          180.113          -0.346          -1.906         -15.958          193.820
  380 (vir)          180.114          -0.346          -1.906         -15.957          193.820
  381 (vir)          180.257          -0.239          -1.447         -14.613          193.185
  382 (vir)          180.452          -0.286          -1.779         -15.754          194.142
  383 (vir)          184.245          -0.137          -1.437         -14.790          197.460
  384 (vir)          184.566           0.132          -5.672         -21.434          200.460
  385 (vir)          184.904          -0.024          -1.609         -15.121          198.392
  386 (vir)          184.905          -0.016          -1.609         -15.121          198.402
  387 (vir)          185.907          -0.101          -1.667         -15.270          199.408
  388 (vir)          186.454          -0.012          -1.526         -15.107          200.023
  389 (vir)          186.455          -0.009          -1.526         -15.106          200.026
  390 (vir)          186.784           0.655          -1.721         -14.829          200.548
  391 (vir)          189.189           0.150          -1.825         -15.451          202.966
  392 (vir)          189.192           0.152          -1.825         -15.451          202.971
  393 (vir)          190.044          -0.122          -1.633         -15.407          203.696
  394 (vir)          191.578          -0.137          -1.522         -15.316          205.235
  395 (vir)          191.579          -0.137          -1.522         -15.316          205.236
  396 (vir)          194.911           0.311          -0.967         -12.911          207.165
  397 (vir)          194.932           0.215          -1.647         -15.334          208.833
  398 (vir)          195.556           0.275          -2.244         -16.161          209.747
  399 (vir)          196.025           0.667          -3.875         -18.106          210.924
  400 (vir)          196.026           0.669          -3.874         -18.104          210.926
  401 (vir)          197.466           0.402          -1.229         -13.475          210.115
  402 (vir)          198.562           0.489          -2.519         -16.412          212.945
  403 (vir)          198.564           0.529          -2.524         -16.420          212.989
  404 (vir)          198.778           0.432          -1.149         -13.939          212.000
  405 (vir)          198.791          -0.116          -2.494         -17.639          213.820
  406 (vir)          199.754           0.415          -2.590         -16.490          214.069
  407 (vir)          199.757           0.394          -2.595         -16.498          214.054
  408 (vir)          200.924           0.217          -2.312         -16.050          214.878
  409 (vir)          201.573           0.412          -1.076         -13.610          214.520
  410 (vir)          201.574           0.413          -1.076         -13.611          214.522
  411 (vir)          202.019           0.396          -1.715         -15.674          216.374
  412 (vir)          202.020           0.395          -1.715         -15.674          216.375
  413 (vir)          203.051           0.491          -0.970         -12.999          215.572
  414 (vir)          203.054           0.491          -0.970         -12.999          215.575
  415 (vir)          206.546           0.103          -1.687         -15.045          220.008
  416 (vir)          206.547           0.107          -1.687         -15.046          220.013
  417 (vir)          207.301           0.347          -1.127         -13.691          220.211
  418 (vir)          207.673           0.141          -1.155         -14.111          220.769
  419 (vir)          207.674           0.142          -1.155         -14.111          220.771
  420 (vir)          208.482           0.535          -1.962         -15.003          222.059
  421 (vir)          208.484           0.540          -1.962         -15.004          222.067
  422 (vir)          211.119           0.406          -2.054         -15.983          225.455
  423 (vir)          211.119           0.422          -2.054         -15.984          225.471
  424 (vir)          211.288           0.566          -0.935         -13.207          224.126
  425 (vir)          213.263           0.542          -0.810         -12.628          225.623
  426 (vir)          213.266           0.542          -0.810         -12.627          225.626
  427 (vir)          214.734           0.193          -0.964         -13.344          227.306
  428 (vir)          215.631           0.167          -1.270         -14.317          228.845
  429 (vir)          216.485           0.372          -1.313         -14.519          230.062
  430 (vir)          217.092           0.983          -0.902         -13.444          230.617
  431 (vir)          217.305           0.150          -1.480         -14.949          230.925
  432 (vir)          217.640           0.562          -1.755         -15.030          231.476
  433 (vir)          217.644           0.560          -1.755         -15.031          231.480
  434 (vir)          218.793           0.648          -1.189         -13.724          231.976
  435 (vir)          218.794           0.631          -1.189         -13.723          231.959
  436 (vir)          219.897           0.936          -0.942         -13.629          233.520
  437 (vir)          219.899           0.935          -0.942         -13.630          233.522
  438 (vir)          219.942           0.178          -1.601         -14.839          233.358
  439 (vir)          219.944           0.176          -1.601         -14.841          233.360
  440 (vir)          220.285           0.880          -0.712         -12.318          232.773
  441 (vir)          222.497          -0.301          -1.760         -16.410          236.846
  442 (vir)          222.501          -0.301          -1.760         -16.412          236.853
  443 (vir)          223.058           0.135          -1.367         -15.403          237.229
  444 (vir)          223.060           0.134          -1.368         -15.406          237.232
  445 (vir)          223.478           0.492          -2.883         -17.921          239.009
  446 (vir)          223.747           0.507          -1.028         -12.895          236.121
  447 (vir)          224.472           0.324          -1.159         -13.910          237.548
  448 (vir)          224.473           0.324          -1.159         -13.910          237.549
  449 (vir)          224.653           0.728          -0.859         -13.006          237.529
  450 (vir)          225.339           0.813          -0.960         -13.581          238.772
  451 (vir)          225.339           0.829          -0.960         -13.580          238.788
  452 (vir)          225.706           0.908          -2.725         -16.670          240.559
  453 (vir)          226.288           0.320          -1.291         -15.096          240.413
  454 (vir)          226.295           0.320          -1.291         -15.096          240.420
  455 (vir)          227.026          -0.204          -1.824         -16.569          241.566
  456 (vir)          229.088           0.898          -0.889         -13.262          242.359
  457 (vir)          229.088           0.899          -0.889         -13.262          242.360
  458 (vir)          230.725           0.480          -1.438         -14.569          244.335
  459 (vir)          230.918           0.706          -1.764         -15.635          245.495
  460 (vir)          230.923           0.698          -1.764         -15.636          245.492
  461 (vir)          231.586           0.144          -1.567         -16.302          246.466
  462 (vir)          233.402           0.012          -1.417         -15.817          247.814
  463 (vir)          233.519           0.564          -1.099         -13.728          246.712
  464 (vir)          235.305           0.171          -1.479         -15.401          249.398
  465 (vir)          235.307           0.174          -1.479         -15.401          249.403
  466 (vir)          235.464           1.006          -0.917         -13.574          249.127
  467 (vir)          235.466           1.007          -0.917         -13.574          249.130
  468 (vir)          237.043           0.674          -0.982         -13.854          250.590
  469 (vir)          239.762           0.927          -1.102         -14.895          254.481
  470 (vir)          240.753           0.327          -1.696         -16.238          255.623
  471 (vir)          240.754           0.286          -1.696         -16.239          255.583
  472 (vir)          241.958           0.903          -0.958         -13.908          255.811
  473 (vir)          244.078           0.941          -1.131         -14.575          258.463
  474 (vir)          244.079           0.918          -1.131         -14.576          258.442
  475 (vir)          252.926           0.576          -1.497         -15.837          267.841
  476 (vir)          252.931           0.578          -1.497         -15.837          267.850
  477 (vir)          255.737           0.791          -1.288         -15.256          270.496
  478 (vir)          255.743           0.787          -1.288         -15.256          270.498
  479 (vir)          256.992           0.292          -1.675         -16.432          272.041
  480 (vir)          258.401           0.202          -1.045         -14.763          272.322
  481 (vir)          260.186           0.304          -1.021         -14.678          274.147
  482 (vir)          260.197           0.304          -1.021         -14.678          274.157
  483 (vir)          260.486           0.456          -1.845         -16.762          275.860
  484 (vir)          260.488           0.454          -1.846         -16.765          275.861
  485 (vir)          260.704           0.560          -1.155         -15.031          275.140
  486 (vir)          263.630           0.628          -1.565         -16.225          278.917
  487 (vir)          263.633           0.629          -1.565         -16.225          278.922
  488 (vir)          263.897           0.621          -1.049         -14.752          278.221
  489 (vir)          266.915           0.428          -1.014         -14.726          281.054
  490 (vir)          266.928           0.428          -1.014         -14.726          281.068
  491 (vir)          269.521           0.121          -3.637         -20.559          286.564
  492 (vir)          269.527           0.122          -3.638         -20.560          286.572
  493 (vir)          270.472           0.612          -1.592         -16.452          285.945
  494 (vir)          274.831           0.102          -3.819         -21.272          292.386
  495 (vir)          275.466           0.452          -1.031         -14.907          289.794
  496 (vir)          275.974           0.185          -4.081         -21.389          293.467
  497 (vir)          275.985           0.199          -4.080         -21.386          293.489
  498 (vir)          283.021           0.337          -1.626         -16.882          298.614
  499 (vir)          283.025           0.336          -1.625         -16.880          298.616
  500 (vir)          287.389           0.375          -4.568         -22.274          305.470
  501 (vir)          290.485           0.684          -1.324         -15.965          305.811
  502 (vir)          290.496           0.684          -1.324         -15.966          305.822
  503 (vir)          290.817           0.883          -1.687         -17.227          307.240
  504 (vir)          317.391           0.670          -1.528         -16.754          333.287
  505 (vir)          322.107           0.357          -2.094         -17.782          338.152
  506 (vir)          337.949           0.773          -2.291         -18.439          354.869
  507 (vir)          337.953           0.773          -2.291         -18.437          354.872
  508 (vir)          345.042           0.737          -2.315         -18.576          362.041
  509 (vir)          345.054           0.790          -2.315         -18.575          362.104
  510 (vir)          355.030           1.464          -2.172         -18.498          372.821
  511 (vir)          751.930           0.679         -13.056         -46.279          785.831
  512 (vir)          768.279           0.687         -12.814         -46.081          802.233
  513 (vir)          768.282           0.691         -12.814         -46.077          802.237
  514 (vir)          781.559           0.614         -12.599         -45.861          815.435
  515 (vir)          781.572           0.635         -12.599         -45.857          815.465
  516 (vir)          791.183          -0.322         -12.474         -45.755          824.142
  517 (vir)         3983.534          -1.208         -14.801         -94.581         4062.106
  518 (vir)         3998.976          -1.160         -14.737         -94.529         4077.608
  519 (vir)         3998.977          -1.159         -14.737         -94.528         4077.609
  520 (vir)         4011.263          -1.159         -14.683         -94.478         4089.899
  521 (vir)         4011.273          -1.159         -14.683         -94.477         4089.907
  522 (vir)         4021.650          -1.228         -14.638         -94.434         4100.218
