 
  kpoint:     0.0000    0.0000    0.0000
 
    n          ϵ_nk^DFT (eV)     Σ^c_nk (eV)     Σ^x_nk (eV)     v_n^xc (eV)   ϵ_nk^G0W0 (eV)
 
    1 (occ)         -510.291          -2.128        -132.566         -83.735         -561.249
    2 (occ)         -270.108           0.734         -96.849         -61.528         -304.695
    3 (occ)         -270.108           0.751         -96.848         -61.528         -304.677
    4 (occ)         -268.648           1.072         -96.873         -61.544         -302.904
    5 (occ)         -268.648           1.072         -96.873         -61.544         -302.905
    6 (occ)          -25.841           7.701         -32.662         -21.017          -29.785
    7 (occ)          -19.205           5.396         -25.662         -16.743          -22.727
    8 (occ)          -17.870           4.981         -25.187         -16.550          -21.526
    9 (occ)          -15.171           3.749         -24.319         -16.768          -18.973
   10 (occ)          -14.735           3.752         -23.658         -16.012          -18.629
   11 (occ)          -12.203           2.114         -22.284         -16.489          -15.884
   12 (occ)          -11.909           2.594         -21.194         -14.829          -15.680
   13 (occ)          -10.722           1.592         -19.816         -14.257          -14.689
   14 (occ)          -10.496           1.928         -21.722         -16.209          -14.081
   15 (occ)           -9.557           1.263         -19.878         -14.616          -13.555
   16 (occ)           -9.000           1.039         -19.992         -15.000          -12.953
   17 (occ)           -8.962           1.320         -20.088         -14.806          -12.924
   18 (occ)           -8.475           0.943         -20.698         -16.240          -11.990
   19 (occ)           -8.145           0.877         -19.493         -14.649          -12.112
   20 (occ)           -7.537           1.837         -23.138         -17.774          -11.064
   21 (occ)           -5.793           2.191         -23.861         -18.149           -9.315
   22 (vir)            0.105          -1.238          -2.330          -5.539            2.077
   23 (vir)            0.537          -1.133          -1.959          -5.041            2.487
   24 (vir)            0.815          -1.098          -1.847          -4.839            2.709
   25 (vir)            1.128          -1.192          -2.042          -5.183            3.078
   26 (vir)            1.675          -1.067          -1.694          -4.678            3.592
   27 (vir)            1.683          -1.176          -1.823          -4.957            3.641
   28 (vir)            2.021          -1.181          -1.789          -4.968            4.018
   29 (vir)            2.062          -2.360          -5.689         -10.547            4.561
   30 (vir)            2.329          -1.181          -1.978          -5.208            4.378
   31 (vir)            2.385          -1.045          -2.135          -5.088            4.292
   32 (vir)            2.754          -1.253          -2.035          -5.407            4.873
   33 (vir)            2.776          -1.346          -2.301          -5.767            4.897
   34 (vir)            3.097          -1.127          -1.418          -4.468            5.019
   35 (vir)            3.371          -1.576          -2.786          -6.603            5.611
   36 (vir)            3.745          -1.153          -1.570          -4.755            5.777
   37 (vir)            3.859          -1.338          -2.024          -5.545            6.042
   38 (vir)            4.514          -1.557          -2.532          -6.298            6.724
   39 (vir)            4.626          -1.296          -1.851          -5.174            6.653
   40 (vir)            4.697          -1.368          -2.066          -5.651            6.914
   41 (vir)            5.394          -2.004          -3.390          -7.772            7.772
   42 (vir)            6.286          -1.635          -2.414          -6.282            8.518
   43 (vir)            6.399          -2.696          -4.696          -9.854            8.861
   44 (vir)            6.582          -2.975          -5.239         -10.651            9.020
   45 (vir)            7.238          -1.902          -2.866          -7.010            9.480
   46 (vir)            7.487          -2.199          -3.378          -8.008            9.918
   47 (vir)            7.790          -2.207          -3.267          -7.720           10.035
   48 (vir)            7.910          -2.417          -3.593          -8.346           10.246
   49 (vir)            8.066          -1.703          -2.160          -5.936           10.139
   50 (vir)            8.188          -2.004          -2.604          -6.822           10.401
   51 (vir)            8.271          -2.707          -3.880          -9.121           10.805
   52 (vir)            8.491          -2.075          -3.073          -7.468           10.811
   53 (vir)            8.538          -3.138          -5.008         -10.788           11.181
   54 (vir)            8.641          -2.613          -3.757          -8.914           11.186
   55 (vir)            8.820          -2.244          -3.081          -7.727           11.221
   56 (vir)            9.055          -2.451          -3.739          -8.540           11.406
   57 (vir)            9.245          -2.191          -2.684          -7.084           11.454
   58 (vir)            9.432          -1.955          -2.271          -6.508           11.713
   59 (vir)           10.320          -2.398          -2.766          -7.806           12.962
   60 (vir)           10.745          -2.115          -1.814          -6.225           13.042
   61 (vir)           11.502          -1.927          -2.236          -6.531           13.870
   62 (vir)           11.991          -3.072          -2.293          -7.128           13.753
   63 (vir)           12.332          -2.279          -2.082          -6.704           14.676
   64 (vir)           13.085          -1.945          -1.530          -5.877           15.486
   65 (vir)           13.975          -1.971          -1.801          -6.174           16.377
   66 (vir)           14.058          -2.490          -2.146          -7.078           16.500
   67 (vir)           14.852          -2.555          -2.167          -7.293           17.423
   68 (vir)           14.914          -2.809          -2.257          -7.618           17.467
   69 (vir)           15.005          -2.569          -2.468          -7.478           17.447
   70 (vir)           15.390          -2.614          -2.314          -7.541           18.003
   71 (vir)           15.746          -2.840          -2.787          -8.256           18.375
   72 (vir)           16.244          -2.964          -2.675          -8.149           18.754
   73 (vir)           16.457          -2.433          -2.563          -7.628           19.089
   74 (vir)           16.737          -3.167          -2.945          -8.630           19.255
   75 (vir)           16.738          -2.760          -2.456          -7.693           19.215
   76 (vir)           17.319          -2.684          -1.729          -6.986           19.891
   77 (vir)           17.921          -2.726          -1.615          -6.896           20.475
   78 (vir)           18.288          -2.421          -2.209          -7.221           20.880
   79 (vir)           18.359          -2.587          -1.366          -6.596           21.001
   80 (vir)           18.802          -3.951          -3.010          -9.421           21.262
   81 (vir)           18.884          -2.671          -1.544          -6.861           21.530
   82 (vir)           19.568          -4.970          -3.585         -10.941           21.954
   83 (vir)           20.138          -2.495          -1.486          -6.824           22.981
   84 (vir)           20.474          -3.431          -2.291          -8.472           23.224
   85 (vir)           20.698          -2.864          -2.142          -7.786           23.478
   86 (vir)           20.963          -2.794          -1.726          -7.248           23.691
   87 (vir)           21.023          -3.351          -2.198          -8.103           23.576
   88 (vir)           21.347          -2.600          -1.612          -7.160           24.296
   89 (vir)           21.654          -2.886          -2.244          -7.765           24.289
   90 (vir)           21.680          -2.646          -1.609          -7.077           24.503
   91 (vir)           21.701          -2.883          -2.026          -7.536           24.328
   92 (vir)           22.012          -3.113          -1.827          -7.365           24.437
   93 (vir)           22.240          -2.877          -1.873          -7.413           24.903
   94 (vir)           22.949          -2.884          -2.652          -8.507           25.920
   95 (vir)           23.387          -3.251          -2.473          -8.380           26.042
   96 (vir)           23.810          -2.856          -1.557          -7.186           26.584
   97 (vir)           23.813          -3.036          -2.308          -8.110           26.579
   98 (vir)           23.901          -3.176          -1.719          -7.452           26.457
   99 (vir)           24.415          -2.936          -2.491          -8.166           27.153
  100 (vir)           24.445          -2.706          -1.186          -6.403           26.956
  101 (vir)           25.092          -3.297          -2.220          -8.202           27.778
  102 (vir)           25.203          -3.235          -1.791          -7.793           27.969
  103 (vir)           25.570          -2.670          -1.730          -7.303           28.473
  104 (vir)           27.021          -2.967          -1.792          -7.785           30.046
  105 (vir)           27.337          -3.482          -2.403          -8.817           30.269
  106 (vir)           27.559          -2.739          -1.828          -7.792           30.783
  107 (vir)           27.584          -2.859          -1.014          -6.331           30.043
  108 (vir)           27.791          -2.853          -1.068          -6.385           30.255
  109 (vir)           27.892          -2.737          -1.744          -7.624           31.036
  110 (vir)           28.151          -2.360          -0.933          -6.216           31.075
  111 (vir)           28.637          -3.056          -1.821          -7.593           31.353
  112 (vir)           28.759          -3.097          -1.622          -7.430           31.470
  113 (vir)           28.879          -3.018          -2.102          -8.436           32.195
  114 (vir)           29.003          -2.809          -1.212          -6.697           31.680
  115 (vir)           30.037          -3.260          -1.642          -7.764           32.899
  116 (vir)           30.279          -3.157          -1.890          -7.984           33.215
  117 (vir)           30.843          -3.138          -2.069          -7.999           33.635
  118 (vir)           32.216          -3.012          -1.664          -7.861           35.401
  119 (vir)           32.220          -3.028          -2.528          -9.186           35.850
  120 (vir)           32.523          -3.331          -1.611          -7.632           35.213
  121 (vir)           33.297          -2.775          -1.069          -6.478           35.931
  122 (vir)           33.484          -2.824          -1.058          -6.619           36.221
  123 (vir)           34.039          -2.770          -1.152          -7.026           37.143
  124 (vir)           34.091          -4.349          -1.910          -8.486           36.318
  125 (vir)           34.472          -3.121          -1.224          -7.053           37.180
  126 (vir)           35.574          -3.394          -1.390          -7.357           38.147
  127 (vir)           36.008          -3.246          -1.420          -7.289           38.631
  128 (vir)           36.962          -3.268          -2.708          -9.626           40.612
  129 (vir)           37.032          -3.156          -1.145          -7.122           39.853
  130 (vir)           37.613          -3.702          -1.467          -7.598           40.042
  131 (vir)           37.807          -4.142          -1.974          -8.913           40.604
  132 (vir)           37.993          -3.989          -1.708          -8.130           40.426
  133 (vir)           38.354          -3.428          -1.669          -8.037           41.295
  134 (vir)           38.859          -4.015          -1.527          -7.885           41.202
  135 (vir)           39.765          -3.782          -1.359          -7.434           42.056
  136 (vir)           40.290          -4.658          -2.467          -9.850           43.015
  137 (vir)           40.736          -4.038          -2.671         -10.060           44.087
  138 (vir)           43.594          -5.034          -2.462         -10.448           46.545
  139 (vir)           43.660          -3.866          -2.294          -9.637           47.136
  140 (vir)           43.945          -4.280          -2.006          -9.515           47.174
  141 (vir)           45.849          -4.442          -2.941         -11.230           49.696
  142 (vir)           46.006          -3.477          -2.180         -10.290           50.638
  143 (vir)           46.916          -3.424          -3.169         -12.179           52.502
  144 (vir)           47.147          -4.695          -3.025         -11.550           50.977
  145 (vir)           47.894          -3.265          -2.550         -10.785           52.864
  146 (vir)           47.949          -1.236          -2.072         -10.003           54.644
  147 (vir)           48.203          -4.791          -2.890         -11.714           52.237
  148 (vir)           48.244          -2.330          -2.244         -10.570           54.240
  149 (vir)           48.311          -4.502          -2.775         -11.053           52.087
  150 (vir)           48.600          -1.976          -2.287         -10.704           55.042
  151 (vir)           48.854          -1.444          -3.383         -12.227           56.254
  152 (vir)           50.034          -5.390          -2.776         -11.476           53.345
  153 (vir)           50.833          -3.304          -2.176         -10.519           55.872
  154 (vir)           50.869          -4.304          -2.341         -10.808           55.032
  155 (vir)           51.448          -4.380          -2.714         -11.614           55.968
  156 (vir)           51.562          -2.907          -2.181         -10.621           57.095
  157 (vir)           51.941          -5.414          -2.996         -11.950           55.481
  158 (vir)           52.280          -3.478          -2.714         -11.614           57.702
  159 (vir)           52.648          -2.695          -2.965         -12.158           59.145
  160 (vir)           52.676          -2.152          -2.089         -10.440           58.875
  161 (vir)           53.060          -1.067          -2.167         -10.538           60.363
  162 (vir)           53.320          -3.715          -2.030         -10.368           57.944
  163 (vir)           53.374          -4.409          -2.079         -10.161           57.046
  164 (vir)           53.759          -4.395          -2.512         -11.233           58.085
  165 (vir)           54.403          -3.861          -2.534         -11.493           59.501
  166 (vir)           54.498          -2.927          -2.360         -11.267           60.478
  167 (vir)           54.755          -3.570          -2.007         -10.499           59.678
  168 (vir)           54.887          -4.744          -2.338         -11.239           59.044
  169 (vir)           55.143          -5.248          -2.433         -11.455           58.916
  170 (vir)           55.494          -5.377          -2.410         -11.188           58.895
  171 (vir)           55.794          -1.616          -2.264         -11.026           62.940
  172 (vir)           55.920          -5.505          -1.917         -10.337           58.835
  173 (vir)           56.157          -4.754          -2.037         -10.585           59.951
  174 (vir)           56.181          -5.437          -2.049         -10.396           59.092
  175 (vir)           57.037          -2.938          -1.724          -9.925           62.300
  176 (vir)           57.064          -1.400          -1.415          -9.496           63.744
  177 (vir)           57.411          -3.599          -2.065         -10.685           62.431
  178 (vir)           57.460          -3.756          -2.401         -11.090           62.393
  179 (vir)           57.797          -5.797          -2.019         -10.678           60.659
  180 (vir)           58.673          -0.817          -1.120          -8.952           65.688
  181 (vir)           58.737          -4.339          -1.170          -9.140           62.367
  182 (vir)           58.778          -2.123          -2.571         -11.694           65.777
  183 (vir)           59.357          -2.070          -1.460          -9.786           65.614
  184 (vir)           59.525          -4.360          -2.443         -11.375           64.097
  185 (vir)           60.216          -2.795          -2.306         -11.132           66.248
  186 (vir)           61.159          -2.333          -2.035         -10.527           67.317
  187 (vir)           61.406          -6.294          -1.995         -10.671           63.788
  188 (vir)           62.393          -2.419          -1.346          -9.616           68.245
  189 (vir)           63.073          -4.492          -2.022         -10.903           67.462
  190 (vir)           63.744          -5.311          -2.323         -11.593           67.703
  191 (vir)           63.950          -4.994          -1.790         -10.331           67.495
  192 (vir)           64.079          -2.301          -1.452          -9.828           70.155
  193 (vir)           64.715          -4.405          -1.698         -10.220           68.832
  194 (vir)           65.469          -4.089          -1.635         -10.198           69.943
  195 (vir)           65.863          -3.949          -2.012         -10.564           70.466
  196 (vir)           65.938          -1.762          -1.327          -9.494           72.344
  197 (vir)           66.038          -3.115          -1.772         -10.593           71.744
  198 (vir)           66.413          -3.981          -2.124         -10.784           71.092
  199 (vir)           67.259          -2.401          -1.713         -10.190           73.334
  200 (vir)           68.109          -2.868          -1.846         -10.720           74.114
  201 (vir)           68.206          -2.362          -1.317          -9.636           74.163
  202 (vir)           68.340          -6.959          -2.181         -11.313           70.513
  203 (vir)           68.447          -2.405          -1.410          -9.790           74.422
  204 (vir)           68.641          -3.425          -1.507         -10.099           73.808
  205 (vir)           69.942          -1.797          -1.590         -10.049           76.605
  206 (vir)           70.422          -2.347          -1.619         -10.182           76.639
  207 (vir)           70.582           4.567          -2.093         -11.151           84.207
  208 (vir)           70.620          -0.918          -1.505         -10.012           78.209
  209 (vir)           71.327           0.783          -1.342          -9.863           80.631
  210 (vir)           71.859           4.022          -1.923         -10.835           84.793
  211 (vir)           72.599           2.113          -1.647         -10.535           83.600
  212 (vir)           72.858          -3.318          -1.747         -10.687           78.479
  213 (vir)           73.194           4.544          -1.346          -9.883           86.274
  214 (vir)           73.764           3.873          -1.585         -10.440           86.493
  215 (vir)           73.924          -2.350          -1.554         -10.407           80.427
  216 (vir)           74.363           0.368          -1.480         -10.069           83.320
  217 (vir)           74.837          -3.300          -1.797         -10.969           80.709
  218 (vir)           74.874          -5.742          -1.403          -9.838           77.567
  219 (vir)           75.134           0.433          -1.171          -9.594           83.990
  220 (vir)           75.455           1.140          -1.620         -10.372           85.346
  221 (vir)           75.732           0.319          -1.668         -10.539           84.922
  222 (vir)           75.956          -0.058          -1.026          -9.219           84.091
  223 (vir)           75.989           3.657          -1.822         -10.923           88.747
  224 (vir)           76.573           5.073          -1.176          -9.441           89.910
  225 (vir)           77.161           1.290          -0.970          -9.100           86.580
  226 (vir)           77.549          -0.123          -1.025          -9.210           85.611
  227 (vir)           78.007           4.213          -1.992         -11.318           91.546
  228 (vir)           78.487           3.214          -1.927         -11.148           90.922
  229 (vir)           78.856           0.558          -1.350         -10.076           88.140
  230 (vir)           79.863          -0.209          -1.938         -11.632           89.347
  231 (vir)           80.320          -2.603          -1.733         -11.056           87.041
  232 (vir)           80.655          -0.950          -1.829         -11.256           89.133
  233 (vir)           80.659          -1.684          -1.347         -10.152           87.780
  234 (vir)           81.018           0.129          -1.240          -9.866           89.774
  235 (vir)           81.880           0.231          -1.309         -10.101           90.904
  236 (vir)           82.009          -2.028          -1.924         -11.223           89.280
  237 (vir)           82.130          -2.382          -1.671         -10.953           89.029
  238 (vir)           82.558          -0.195          -1.604         -10.933           91.692
  239 (vir)           82.905          -1.643          -1.593         -10.904           90.573
  240 (vir)           83.404          -0.465          -1.050          -9.432           91.322
  241 (vir)           84.194          -1.054          -1.211          -9.733           91.663
  242 (vir)           84.379           2.831          -1.425         -10.306           96.091
  243 (vir)           84.727          -2.646          -1.444         -10.452           91.089
  244 (vir)           86.080          -2.076          -1.476         -10.522           93.050
  245 (vir)           86.909          -2.310          -1.791         -11.351           94.160
  246 (vir)           87.055          -1.796          -2.072         -11.942           95.128
  247 (vir)           87.148          -2.200          -1.997         -11.885           94.835
  248 (vir)           87.880          -1.048          -1.450         -10.706           96.088
  249 (vir)           88.889           1.840          -1.581         -11.131          100.279
  250 (vir)           89.845          -1.881          -2.610         -13.046           98.400
  251 (vir)           90.062          -3.504          -2.492         -12.856           96.922
  252 (vir)           90.234          -7.929          -1.380         -10.650           91.575
  253 (vir)           90.716          -0.236          -2.212         -12.642          100.911
  254 (vir)           90.985          -0.601          -2.574         -13.049          100.860
  255 (vir)           91.624           0.961          -1.526         -10.841          101.900
  256 (vir)           92.475          -0.830          -2.156         -12.286          101.775
  257 (vir)           92.875          -1.143          -2.140         -12.389          101.981
  258 (vir)           93.753           3.782          -1.979         -11.987          107.542
  259 (vir)           93.827          -2.241          -3.010         -14.408          102.983
  260 (vir)           93.935           4.375          -1.910         -11.235          107.635
  261 (vir)           95.793           0.428          -2.417         -12.971          106.775
  262 (vir)           96.897           1.337          -2.857         -13.910          109.288
  263 (vir)           97.046           3.145          -1.697         -11.051          109.546
  264 (vir)           97.186          -1.076          -2.114         -12.861          106.857
  265 (vir)           97.615          -1.580          -2.432         -13.375          106.979
  266 (vir)           97.709          -2.398          -2.426         -13.409          106.293
  267 (vir)           98.847          -4.794          -2.306         -13.343          105.090
  268 (vir)           99.706          -2.657          -2.320         -12.871          107.600
  269 (vir)          100.179          -2.817          -1.539         -11.638          107.461
  270 (vir)          100.570           4.166          -2.213         -12.697          115.220
  271 (vir)          101.537          -0.075          -2.017         -12.400          111.845
  272 (vir)          102.746          -2.416          -1.796         -12.221          110.755
  273 (vir)          103.605          -0.677          -2.174         -12.893          113.647
  274 (vir)          103.847           2.086          -1.716         -11.980          116.197
  275 (vir)          103.910          -1.244          -1.860         -12.301          113.107
  276 (vir)          104.109           1.716          -1.539         -11.697          115.984
  277 (vir)          104.255           1.768          -1.594         -11.717          116.146
  278 (vir)          104.879          -4.986          -2.128         -13.347          111.113
  279 (vir)          105.515          -1.843          -2.585         -13.894          114.981
  280 (vir)          106.279          -4.543          -1.537         -11.888          112.086
  281 (vir)          106.781           0.491          -1.889         -12.670          118.053
  282 (vir)          107.768          -3.111          -2.863         -14.561          116.355
  283 (vir)          109.588          -3.715          -2.250         -13.504          117.127
  284 (vir)          109.786          -4.587          -2.360         -13.932          116.771
  285 (vir)          109.959          -4.006          -2.112         -13.868          117.709
  286 (vir)          111.118          -7.117          -3.200         -15.326          116.127
  287 (vir)          112.011          -2.336          -2.080         -13.549          121.143
  288 (vir)          114.081          -4.769          -2.813         -14.887          121.386
  289 (vir)          114.303          -1.401          -2.567         -14.265          124.600
  290 (vir)          115.651          -4.363          -2.182         -13.929          123.034
  291 (vir)          115.804          -0.101          -2.274         -14.083          127.512
  292 (vir)          117.150          -2.827          -3.244         -15.626          126.704
  293 (vir)          117.858          -1.464          -2.600         -14.945          128.739
  294 (vir)          117.905          -1.939          -2.008         -13.358          127.316
  295 (vir)          120.179          -4.376          -2.653         -14.760          127.910
  296 (vir)          123.607           4.241          -3.565         -17.194          141.476
  297 (vir)          125.338          -5.886          -3.463         -17.211          133.199
  298 (vir)          125.844          -3.808          -2.681         -15.140          134.495
  299 (vir)          127.686          -1.802          -2.956         -16.139          139.067
  300 (vir)          127.786          -1.513          -3.032         -15.922          139.163
  301 (vir)          134.759           2.523          -3.163         -16.583          150.702
  302 (vir)          136.427          -4.334          -5.765         -21.098          147.426
  303 (vir)          137.956           0.442          -2.272         -15.129          151.255
  304 (vir)          138.004          -4.668          -2.131         -14.623          145.828
  305 (vir)          138.449          -2.440          -1.734         -14.271          148.546
  306 (vir)          139.871          -7.415          -2.149         -15.205          145.512
  307 (vir)          140.537           0.781          -2.857         -16.113          154.574
  308 (vir)          140.626          -6.956          -2.036         -15.009          146.643
  309 (vir)          140.740          -2.357          -2.199         -14.909          151.093
  310 (vir)          142.885          -4.634          -1.733         -14.255          150.774
  311 (vir)          143.214           2.014          -3.192         -17.272          159.308
  312 (vir)          143.756          -3.816          -1.684         -14.105          152.361
  313 (vir)          144.273          -2.988          -1.736         -14.284          153.833
  314 (vir)          146.789           0.431          -1.726         -14.117          159.611
  315 (vir)          147.381          -4.950          -1.635         -13.949          154.745
  316 (vir)          147.396           0.666          -3.871         -18.387          162.577
  317 (vir)          148.405          -2.140          -1.699         -14.078          158.643
  318 (vir)          148.823          -0.089          -1.823         -14.426          161.337
  319 (vir)          150.252          -1.029          -1.403         -13.468          161.288
  320 (vir)          150.711          -3.722          -1.726         -14.218          159.481
  321 (vir)          151.149           1.345          -2.085         -15.016          165.426
  322 (vir)          152.673           1.964          -2.378         -16.210          168.470
  323 (vir)          152.727           0.947          -2.177         -15.611          167.108
  324 (vir)          152.822           1.422          -1.541         -13.871          166.575
  325 (vir)          152.832           1.863          -1.702         -14.241          167.234
  326 (vir)          153.652           2.122          -1.788         -14.668          168.653
  327 (vir)          155.335           2.193          -1.770         -14.574          170.332
  328 (vir)          156.047           0.744          -1.241         -12.845          168.396
  329 (vir)          156.122           2.104          -1.488         -13.834          170.573
  330 (vir)          156.208           1.602          -1.367         -13.305          169.749
  331 (vir)          157.141           2.201          -1.384         -13.547          171.505
  332 (vir)          157.456           0.278          -1.369         -13.473          169.837
  333 (vir)          157.759           1.164          -1.376         -13.319          170.866
  334 (vir)          158.185           2.784          -1.692         -14.384          173.661
  335 (vir)          158.738           2.207          -1.572         -13.885          173.259
  336 (vir)          158.963           3.493          -1.651         -14.115          174.920
  337 (vir)          159.335          -6.646          -0.812         -11.543          163.420
  338 (vir)          159.410           1.119          -0.896         -11.766          171.398
  339 (vir)          159.672           1.571          -1.439         -13.709          173.514
  340 (vir)          159.701           1.164          -1.850         -14.743          173.758
  341 (vir)          159.815           1.693          -1.653         -14.250          174.104
  342 (vir)          160.864           2.731          -2.000         -15.116          176.712
  343 (vir)          160.942           1.488          -1.691         -14.328          175.067
  344 (vir)          162.101           1.497          -1.766         -14.606          176.437
  345 (vir)          162.196           0.906          -1.136         -12.595          174.561
  346 (vir)          162.591          -5.032          -1.380         -13.648          169.827
  347 (vir)          162.827          -5.345          -1.676         -14.436          170.242
  348 (vir)          164.058           0.596          -1.542         -13.770          176.883
  349 (vir)          164.334          -1.877          -1.366         -13.597          174.689
  350 (vir)          164.413           0.547          -1.515         -14.090          177.535
  351 (vir)          164.893           2.824          -1.826         -14.890          180.781
  352 (vir)          165.710           2.712          -1.638         -14.347          181.130
  353 (vir)          166.422           1.081          -1.362         -13.326          179.467
  354 (vir)          166.522          -0.673          -1.478         -14.024          178.394
  355 (vir)          167.391           0.897          -1.405         -13.746          180.629
  356 (vir)          167.831           1.685          -1.752         -14.499          182.264
  357 (vir)          168.087           0.491          -1.177         -12.961          180.361
  358 (vir)          168.208           1.878          -1.113         -12.775          181.746
  359 (vir)          168.533           1.727          -1.205         -13.084          182.139
  360 (vir)          168.667           4.978          -1.307         -13.334          185.671
  361 (vir)          168.940          -6.160          -1.324         -13.712          175.167
  362 (vir)          169.027           0.420          -1.471         -13.972          181.947
  363 (vir)          169.773          -5.519          -1.900         -14.976          177.330
  364 (vir)          169.777           1.374          -1.531         -13.954          183.574
  365 (vir)          170.275           2.496          -1.590         -13.876          185.057
  366 (vir)          170.579           3.006          -1.297         -13.428          185.717
  367 (vir)          170.734          -7.736          -1.409         -13.498          175.088
  368 (vir)          171.051           1.019          -1.509         -13.898          184.459
  369 (vir)          171.746          -6.566          -1.955         -14.951          178.175
  370 (vir)          172.019           1.840          -1.309         -13.465          186.015
  371 (vir)          172.393          -0.198          -1.393         -13.646          184.448
  372 (vir)          173.212           3.164          -1.378         -13.620          188.617
  373 (vir)          174.115          -0.050          -1.488         -14.104          186.680
  374 (vir)          174.520           0.582          -1.490         -14.114          187.726
  375 (vir)          175.667          -8.952          -1.583         -13.900          179.032
  376 (vir)          175.905           1.034          -1.579         -14.721          190.082
  377 (vir)          176.485          -3.681          -1.604         -14.609          185.808
  378 (vir)          176.557           0.409          -1.876         -15.147          190.237
  379 (vir)          177.363           1.174          -1.552         -14.608          191.593
  380 (vir)          177.897           1.483          -2.040         -15.957          193.297
  381 (vir)          178.630           5.989          -1.515         -14.173          197.277
  382 (vir)          178.987           1.565          -1.578         -14.524          193.499
  383 (vir)          179.425           1.282          -1.854         -15.458          194.310
  384 (vir)          179.481         -13.398          -1.836         -15.496          179.742
  385 (vir)          179.681          -5.206          -1.509         -14.667          187.634
  386 (vir)          179.936           0.763          -1.835         -15.085          193.949
  387 (vir)          180.482           1.676          -1.524         -14.756          195.390
  388 (vir)          181.194           2.788          -1.728         -15.178          197.432
  389 (vir)          181.995           1.548          -1.794         -15.337          197.085
  390 (vir)          182.768           1.209          -1.640         -14.819          197.156
  391 (vir)          182.951           4.255          -1.627         -14.794          200.374
  392 (vir)          183.333          -1.117          -1.346         -13.950          194.821
  393 (vir)          184.554           5.183          -1.708         -14.644          202.674
  394 (vir)          184.847         -10.083          -1.640         -14.639          187.763
  395 (vir)          186.093           0.550          -0.958         -12.681          198.365
  396 (vir)          187.030           4.600          -3.165         -17.449          205.915
  397 (vir)          187.296           1.009          -1.143         -13.488          200.650
  398 (vir)          187.666           1.709          -2.222         -16.054          203.208
  399 (vir)          187.839           1.871          -1.734         -15.070          203.046
  400 (vir)          188.597           2.434          -2.230         -15.681          204.482
  401 (vir)          189.587           1.767          -2.217         -16.140          205.277
  402 (vir)          190.345          -2.531          -2.150         -15.656          201.320
  403 (vir)          190.375           1.119          -2.702         -16.580          205.372
  404 (vir)          190.410          -1.808          -1.383         -14.220          201.438
  405 (vir)          193.129           1.781          -1.580         -14.378          207.709
  406 (vir)          194.137           1.987          -2.280         -15.788          209.632
  407 (vir)          194.291           2.187          -1.533         -14.777          209.722
  408 (vir)          195.213           1.500          -1.534         -14.880          210.060
  409 (vir)          196.043          -4.715          -1.108         -13.545          203.766
  410 (vir)          196.385           2.373          -1.608         -14.863          212.013
  411 (vir)          197.218           2.059          -1.145         -13.645          211.777
  412 (vir)          198.041           2.762          -1.645         -14.670          213.828
  413 (vir)          198.881           1.778          -1.157         -13.788          213.290
  414 (vir)          199.100           1.956          -1.144         -13.774          213.685
  415 (vir)          199.520           2.090          -1.336         -14.090          214.364
  416 (vir)          199.646          -0.137          -1.481         -14.076          212.104
  417 (vir)          200.396           1.959          -1.143         -13.841          215.052
  418 (vir)          200.460           1.688          -1.306         -14.112          214.954
  419 (vir)          201.266           2.607          -1.819         -14.852          216.906
  420 (vir)          201.607           2.203          -1.418         -14.059          216.451
  421 (vir)          201.623           2.081          -1.337         -14.280          216.647
  422 (vir)          202.176           2.124          -1.379         -14.182          217.103
  423 (vir)          202.666          -4.652          -1.041         -13.565          210.539
  424 (vir)          203.032           0.857          -0.955         -12.971          215.905
  425 (vir)          203.339           1.359          -1.235         -14.000          217.463
  426 (vir)          203.923           1.351          -1.211         -14.037          218.100
  427 (vir)          204.652          -1.292          -1.072         -13.390          215.678
  428 (vir)          204.789           1.823          -1.516         -14.491          219.588
  429 (vir)          204.941           2.474          -1.288         -13.938          220.065
  430 (vir)          205.015           1.283          -1.113         -13.320          218.505
  431 (vir)          205.950          -3.953          -0.937         -12.982          214.043
  432 (vir)          206.423           1.414          -1.198         -13.941          220.579
  433 (vir)          207.478           1.039          -1.384         -14.343          221.476
  434 (vir)          207.592           2.785          -1.186         -13.688          222.879
  435 (vir)          207.615           1.781          -0.936         -12.932          221.392
  436 (vir)          207.731           1.915          -0.941         -12.865          221.571
  437 (vir)          208.980           3.067          -0.845         -12.525          223.727
  438 (vir)          209.072           2.909          -1.024         -13.307          224.264
  439 (vir)          209.376           2.947          -1.264         -13.813          224.872
  440 (vir)          209.568           1.394          -0.830         -12.625          222.756
  441 (vir)          209.792           2.525          -1.229         -13.815          224.903
  442 (vir)          209.957           2.806          -0.978         -13.304          225.089
  443 (vir)          210.904           2.049          -1.016         -13.073          225.010
  444 (vir)          211.428           2.730          -1.072         -13.615          226.701
  445 (vir)          211.800           2.555          -1.311         -14.138          227.182
  446 (vir)          212.144           4.694          -0.915         -13.045          228.968
  447 (vir)          212.358           0.704          -1.439         -14.371          225.994
  448 (vir)          213.300           2.686          -1.095         -13.323          228.214
  449 (vir)          213.456           1.492          -0.872         -12.594          226.671
  450 (vir)          213.798           1.243          -0.945         -13.218          227.313
  451 (vir)          214.313           2.638          -1.521         -14.506          229.935
  452 (vir)          214.533           1.367          -0.934         -13.228          228.194
  453 (vir)          214.673           2.785          -0.936         -12.992          229.514
  454 (vir)          216.933           2.297          -2.160         -15.493          232.564
  455 (vir)          217.216           2.634          -2.540         -16.449          233.759
  456 (vir)          218.557           7.274          -1.175         -13.656          238.311
  457 (vir)          218.686           1.969          -1.544         -14.359          233.470
  458 (vir)          220.505          -2.362          -0.920         -13.238          230.462
  459 (vir)          222.362           2.099          -1.950         -15.880          238.391
  460 (vir)          223.099           1.361          -1.845         -16.124          238.739
  461 (vir)          223.312           5.287          -1.562         -15.312          242.349
  462 (vir)          223.597           1.971          -1.634         -15.184          239.118
  463 (vir)          223.975           1.106          -1.325         -14.630          238.385
  464 (vir)          224.480           2.359          -1.726         -15.821          240.934
  465 (vir)          225.022           1.699          -1.468         -14.643          239.897
  466 (vir)          225.306           1.923          -1.666         -15.454          241.017
  467 (vir)          225.828           2.634          -1.369         -14.828          241.920
  468 (vir)          225.906           2.724          -1.634         -14.969          241.966
  469 (vir)          226.418           1.530          -2.579         -17.233          242.601
  470 (vir)          226.504           2.588          -0.996         -13.611          241.707
  471 (vir)          226.554           1.820          -0.902         -13.403          240.875
  472 (vir)          226.702           2.631          -0.899         -13.435          241.869
  473 (vir)          226.849           2.827          -1.902         -15.611          243.386
  474 (vir)          226.946           2.773          -1.596         -14.953          243.076
  475 (vir)          227.244           2.051          -0.906         -13.344          241.733
  476 (vir)          227.820           2.837          -1.007         -13.365          243.015
  477 (vir)          227.885           2.442          -1.511         -14.065          242.881
  478 (vir)          227.993           2.426          -1.813         -15.380          243.986
  479 (vir)          228.428           2.493          -1.014         -13.774          243.682
  480 (vir)          228.494         -17.187          -1.298         -14.845          224.854
  481 (vir)          229.619           2.253          -1.352         -14.128          244.648
  482 (vir)          229.634           2.372          -1.168         -14.552          245.390
  483 (vir)          229.670           2.449          -1.522         -14.678          245.276
  484 (vir)          229.964           2.520          -0.921         -13.483          245.045
  485 (vir)          230.465           2.248          -1.063         -13.865          245.516
  486 (vir)          231.707           2.067          -1.162         -14.571          247.183
  487 (vir)          231.832           1.639          -1.301         -14.438          246.609
  488 (vir)          232.990           1.933          -1.235         -14.077          247.764
  489 (vir)          233.091          -0.184          -1.047         -14.087          245.946
  490 (vir)          233.758           0.889          -1.252         -14.211          247.606
  491 (vir)          234.796           2.314          -1.315         -14.469          250.264
  492 (vir)          236.180           1.749          -1.333         -14.701          251.297
  493 (vir)          236.757           0.728          -1.098         -14.037          250.424
  494 (vir)          237.059          -1.108          -0.901         -13.377          248.427
  495 (vir)          238.187           1.031          -1.220         -14.344          252.343
  496 (vir)          238.927           2.166          -1.122         -14.245          254.216
  497 (vir)          239.384           1.360          -1.115         -14.283          253.912
  498 (vir)          240.452           2.050          -1.547         -15.203          256.158
  499 (vir)          241.078           2.226          -1.177         -14.234          256.361
  500 (vir)          242.037           1.727          -1.442         -15.346          257.668
  501 (vir)          242.502           2.355          -0.957         -13.788          257.688
  502 (vir)          242.589           1.599          -1.233         -14.713          257.669
  503 (vir)          242.709           1.082          -1.138         -14.360          257.013
  504 (vir)          243.270           1.070          -1.202         -14.692          257.830
  505 (vir)          243.371           2.085          -1.062         -13.846          258.240
  506 (vir)          243.633          -1.953          -1.188         -14.668          255.161
  507 (vir)          244.301           1.535          -1.020         -13.997          258.813
  508 (vir)          245.412           1.913          -1.339         -14.769          260.755
  509 (vir)          246.533           1.433          -1.347         -14.641          261.261
  510 (vir)          247.028           2.775          -0.981         -13.906          262.727
  511 (vir)          248.458           2.139          -1.183         -14.146          263.561
  512 (vir)          249.391           1.832          -2.028         -17.351          266.545
  513 (vir)          249.541          -2.909          -1.583         -16.269          261.317
  514 (vir)          253.187           0.927          -3.160         -19.173          270.128
  515 (vir)          253.314           0.972          -3.223         -19.335          270.398
  516 (vir)          255.692           2.465          -1.788         -16.797          273.166
  517 (vir)          256.331          -0.124          -1.755         -16.705          271.156
  518 (vir)          259.651           4.179          -1.835         -17.160          279.155
  519 (vir)          260.612           1.847          -1.608         -16.330          277.180
  520 (vir)          261.496           0.956          -1.541         -16.014          276.925
  521 (vir)          261.575           2.170          -1.725         -16.803          278.823
  522 (vir)          261.968           1.058          -1.636         -16.278          277.668
  523 (vir)          262.302           1.358          -1.689         -16.563          278.535
  524 (vir)          262.930           1.694          -1.288         -15.163          278.499
  525 (vir)          264.599           1.438          -1.588         -16.298          280.747
  526 (vir)          264.684           1.811          -1.666         -16.569          281.398
  527 (vir)          265.903           1.899          -0.980         -14.344          281.166
  528 (vir)          266.023           1.492          -0.960         -14.340          280.896
  529 (vir)          266.251           1.747          -1.578         -16.380          282.799
  530 (vir)          266.259           5.780          -0.922         -14.147          285.264
  531 (vir)          266.639           1.237          -1.033         -14.603          281.446
  532 (vir)          266.806           1.918          -1.198         -15.383          282.909
  533 (vir)          267.940           5.390          -1.339         -15.827          287.818
  534 (vir)          268.820           2.064          -1.321         -15.762          285.325
  535 (vir)          269.529         -22.127          -2.073         -18.445          263.774
  536 (vir)          269.929           1.732          -1.298         -15.784          286.147
  537 (vir)          271.424           1.654          -2.075         -17.788          288.791
  538 (vir)          271.734           1.265          -1.374         -16.163          287.788
  539 (vir)          275.467           1.168          -1.446         -16.197          291.386
  540 (vir)          275.547           1.578          -1.523         -16.354          291.956
  541 (vir)          276.213           7.175          -2.101         -18.630          299.917
  542 (vir)          277.208           4.869          -1.298         -16.004          296.784
  543 (vir)          277.661           4.820          -1.144         -15.472          296.810
  544 (vir)          279.065           1.332          -1.305         -15.815          294.906
  545 (vir)          279.152           4.143          -1.197         -15.700          297.798
  546 (vir)          280.123           1.721          -1.258         -15.633          296.218
  547 (vir)          280.281           2.218          -1.162         -15.353          296.690
  548 (vir)          281.773          -0.304          -1.151         -15.330          295.647
  549 (vir)          285.146           3.599          -2.361         -19.524          305.907
  550 (vir)          286.837           1.037          -1.162         -15.688          302.400
  551 (vir)          286.949           2.574          -1.119         -15.507          303.911
  552 (vir)          289.526           6.571          -2.370         -19.273          313.000
  553 (vir)          311.347           5.384          -3.104         -22.159          335.785
  554 (vir)          311.746           7.868          -3.240         -22.503          338.877
  555 (vir)          318.134           1.607          -1.778         -17.663          335.626
  556 (vir)          319.589           1.746          -1.394         -16.377          336.318
  557 (vir)          319.782           0.812          -2.260         -19.521          337.854
  558 (vir)          320.205           1.937          -1.675         -17.112          337.579
  559 (vir)          324.710           6.655          -1.966         -18.371          347.769
  560 (vir)          324.767          -0.171          -1.890         -18.282          340.988
  561 (vir)          325.147           1.199          -3.205         -21.803          344.944
  562 (vir)          326.091           1.910          -1.422         -16.457          343.036
  563 (vir)          328.579          -1.166          -2.499         -20.472          345.385
  564 (vir)          331.916           7.493          -2.882         -21.996          358.523
  565 (vir)          336.864          14.527          -4.264         -25.423          372.550
  566 (vir)          337.503          -0.775          -4.221         -25.305          357.812
  567 (vir)          342.062          10.738          -3.993         -25.012          373.818
  568 (vir)          342.296           3.159          -2.801         -22.112          364.766
  569 (vir)          349.018           2.800          -3.595         -21.444          369.667
  570 (vir)          352.540           2.633          -2.649         -19.398          371.923
  571 (vir)          359.187           2.041          -2.816         -19.578          377.991
  572 (vir)          359.435           2.066          -2.812         -19.606          378.296
  573 (vir)          361.377           2.339          -3.909         -24.310          384.116
  574 (vir)          367.683           4.260          -3.847         -25.031          393.127
  575 (vir)          393.620           3.070          -8.932         -31.334          419.091
  576 (vir)          780.834           1.353         -12.544         -45.676          815.320
  577 (vir)          780.897           1.070         -12.541         -45.658          815.084
  578 (vir)          786.234           1.270         -12.483         -45.643          820.664
  579 (vir)          787.111           1.278         -12.477         -45.654          821.566
  580 (vir)         1306.598           1.436         -17.950         -62.239         1352.322
  581 (vir)         4011.931           1.310         -14.667         -94.443         4093.017
  582 (vir)         4012.606           1.264         -14.665         -94.439         4093.644
  583 (vir)         4017.619           1.328         -14.652         -94.438         4098.732
  584 (vir)         4018.661           1.335         -14.648         -94.435         4099.783
  585 (vir)         6874.726           1.073         -20.580        -126.323         6981.542
