 
  kpoint:     0.0000    0.0000    0.0000
 
    n          ϵ_nk^DFT (eV)     Σ^c_nk (eV)     Σ^x_nk (eV)     v_n^xc (eV)   ϵ_nk^G0W0 (eV)
 
    1 (occ)        -2077.217           4.210        -262.507        -163.837        -2171.678
    2 (occ)         -381.495           3.141        -114.699         -72.582         -420.470
    3 (occ)         -172.739           4.890         -83.089         -51.567         -199.372
    4 (occ)         -124.218           7.101         -74.944         -52.121         -139.940
    5 (occ)         -124.218           7.101         -74.944         -52.121         -139.940
    6 (occ)         -124.047           7.172         -75.210         -52.195         -139.891
    7 (occ)          -21.168           6.457         -28.378         -18.871          -24.218
    8 (occ)          -12.253           2.161         -20.213         -14.906          -15.399
    9 (occ)           -8.325           0.086         -17.936         -14.412          -11.763
   10 (occ)           -8.325           0.086         -17.936         -14.412          -11.763
   11 (occ)           -7.727           1.758         -21.668         -16.503          -11.134
   12 (vir)           -3.369          -1.830          -7.857         -12.855           -0.201
   13 (vir)           -3.369          -1.830          -7.857         -12.855           -0.201
   14 (vir)            0.114          -1.513          -3.679          -7.791            2.713
   15 (vir)            2.571          -1.232          -2.159          -5.441            4.621
   16 (vir)            3.364          -1.079          -1.742          -4.914            5.457
   17 (vir)            3.364          -1.079          -1.742          -4.914            5.457
   18 (vir)            4.150          -1.528          -2.586          -6.310            6.346
   19 (vir)            4.158          -2.267          -2.446          -7.380            6.824
   20 (vir)            4.158          -2.267          -2.446          -7.380            6.824
   21 (vir)            6.519          -2.146          -2.344          -6.997            9.026
   22 (vir)            6.519          -2.146          -2.344          -6.997            9.026
   23 (vir)            6.594          -1.448          -2.219          -6.084            9.011
   24 (vir)            7.602          -1.681          -2.153          -6.906           10.674
   25 (vir)            7.602          -1.681          -2.153          -6.906           10.674
   26 (vir)           12.531          -2.253          -2.663          -7.920           15.535
   27 (vir)           14.399          -2.325          -2.876          -7.482           16.680
   28 (vir)           18.197          -2.040          -2.407          -8.692           22.443
   29 (vir)           18.197          -2.040          -2.407          -8.692           22.443
   30 (vir)           18.694          -2.781          -2.571          -9.883           23.225
   31 (vir)           18.694          -2.781          -2.571          -9.883           23.225
   32 (vir)           19.531          -2.914          -3.225         -10.190           23.581
   33 (vir)           19.531          -2.914          -3.225         -10.190           23.581
   34 (vir)           21.333          -1.113          -1.150          -7.364           26.433
   35 (vir)           21.333          -1.113          -1.150          -7.364           26.433
   36 (vir)           21.899          -2.894          -4.614         -11.379           25.770
   37 (vir)           22.632          -2.519          -3.386         -10.131           26.858
   38 (vir)           22.632          -2.519          -3.386         -10.131           26.858
   39 (vir)           22.979          -1.486          -2.905         -10.042           28.630
   40 (vir)           25.620          -1.269          -2.021          -8.957           31.287
   41 (vir)           25.620          -1.269          -2.021          -8.957           31.287
   42 (vir)           26.801          -4.655          -2.996          -9.459           28.608
   43 (vir)           27.898          -1.226          -1.444          -8.134           33.361
   44 (vir)           27.898          -1.226          -1.444          -8.134           33.361
   45 (vir)           29.277          -3.809          -2.934         -10.810           33.344
   46 (vir)           29.277          -3.809          -2.934         -10.810           33.344
   47 (vir)           33.119          -3.989          -4.900         -13.967           38.197
   48 (vir)           38.089          -2.581          -1.730          -8.928           42.705
   49 (vir)           38.089          -2.581          -1.730          -8.928           42.705
   50 (vir)           41.174          -0.608          -3.158         -11.446           48.854
   51 (vir)           41.634          -1.565          -2.960          -9.801           46.911
   52 (vir)           54.791          -1.396          -3.855         -14.109           63.650
   53 (vir)           54.791          -1.396          -3.855         -14.109           63.650
   54 (vir)           55.605          -2.033          -3.731         -13.854           63.697
   55 (vir)           58.087          -1.839          -3.503         -13.676           66.422
   56 (vir)           58.087          -1.839          -3.503         -13.676           66.422
   57 (vir)           60.468           0.114          -1.828         -11.488           70.242
   58 (vir)           60.468           0.114          -1.828         -11.488           70.242
   59 (vir)           60.669          -1.377          -2.564         -12.662           69.389
   60 (vir)           60.669          -1.377          -2.564         -12.661           69.389
   61 (vir)           63.148          -0.927          -3.485         -14.328           73.064
   62 (vir)           63.148          -0.927          -3.485         -14.328           73.064
   63 (vir)           67.257           0.984          -1.132         -10.640           77.750
   64 (vir)           67.258           0.984          -1.132         -10.640           77.750
   65 (vir)           67.803           0.292          -1.638         -11.884           78.341
   66 (vir)           67.803           0.292          -1.638         -11.884           78.341
   67 (vir)           70.218           0.526          -1.611         -11.976           81.109
   68 (vir)           70.218           0.526          -1.611         -11.976           81.109
   69 (vir)           70.846           0.026          -3.563         -14.331           81.640
   70 (vir)           73.690           0.356          -1.386         -11.329           83.989
   71 (vir)           73.690           0.356          -1.386         -11.329           83.989
   72 (vir)           73.886          -0.176          -3.789         -14.177           84.098
   73 (vir)           76.929          -1.739          -3.300         -14.950           86.839
   74 (vir)           76.929          -1.739          -3.300         -14.950           86.839
   75 (vir)           77.476          -0.331          -2.086         -12.434           87.493
   76 (vir)           77.476          -0.331          -2.086         -12.434           87.493
   77 (vir)           82.255          -0.735          -2.753         -13.671           92.438
   78 (vir)           87.086          -1.210          -6.912         -19.616           98.580
   79 (vir)           87.086          -1.210          -6.912         -19.616           98.580
   80 (vir)           89.607          -0.018          -2.768         -14.361          101.182
   81 (vir)           89.607          -0.018          -2.768         -14.361          101.182
   82 (vir)           90.323           0.094          -1.461         -12.047          101.003
   83 (vir)           90.323           0.094          -1.461         -12.046          101.003
   84 (vir)           90.443           0.469          -4.673         -17.182          103.421
   85 (vir)          100.658          -0.435          -4.411         -16.170          111.983
   86 (vir)          102.323          -0.541          -4.627         -18.086          115.240
   87 (vir)          102.323          -0.541          -4.627         -18.086          115.240
   88 (vir)          112.876          -0.800          -6.275         -20.928          126.729
   89 (vir)          122.237          -0.113          -3.885         -17.889          136.128
   90 (vir)          122.237          -0.113          -3.885         -17.889          136.128
   91 (vir)          139.895          -0.530          -8.346         -22.693          153.712
   92 (vir)          162.504          -0.526          -8.099         -24.279          178.159
   93 (vir)          181.028          -0.719          -8.428         -25.389          197.271
   94 (vir)          181.028          -0.719          -8.428         -25.389          197.271
   95 (vir)          182.341           0.650          -1.658         -15.672          197.006
   96 (vir)          182.341           0.650          -1.658         -15.672          197.006
   97 (vir)          184.039           0.253          -1.840         -16.220          198.672
   98 (vir)          184.039           0.253          -1.840         -16.220          198.672
   99 (vir)          185.724          -0.606         -10.273         -27.871          202.715
  100 (vir)          185.724          -0.606         -10.273         -27.870          202.715
  101 (vir)          192.521          -0.988          -3.455         -18.842          206.920
  102 (vir)          192.521          -0.988          -3.454         -18.841          206.920
  103 (vir)          193.314          -0.261          -4.722         -20.924          209.255
  104 (vir)          206.643          -0.507          -5.516         -22.171          222.792
  105 (vir)          206.643          -0.507          -5.516         -22.171          222.792
  106 (vir)          209.606          -0.378          -7.457         -25.189          226.960
  107 (vir)          226.027          -1.054          -2.323         -18.841          241.490
  108 (vir)          226.027          -1.054          -2.323         -18.841          241.490
  109 (vir)          233.295          -2.342          -2.425         -19.156          247.683
  110 (vir)          233.295          -2.342          -2.425         -19.155          247.683
  111 (vir)          241.932          -1.723          -2.989         -20.753          257.974
  112 (vir)          241.933          -1.723          -2.989         -20.752          257.974
  113 (vir)          243.316          -1.226          -3.507         -20.691          259.274
  114 (vir)          244.570          -0.924          -2.530         -19.522          260.637
  115 (vir)          244.570          -0.924          -2.530         -19.522          260.637
  116 (vir)          257.331          -0.918          -3.065         -20.969          274.317
  117 (vir)          257.331          -0.918          -3.065         -20.969          274.317
  118 (vir)          279.036          -0.214          -6.771         -26.144          298.195
  119 (vir)          288.041           0.026          -5.925         -24.447          306.590
  120 (vir)          467.055          -1.965         -22.951         -56.080          498.219
  121 (vir)          467.055          -1.965         -22.951         -56.080          498.219
  122 (vir)          496.129          -2.193         -22.561         -55.836          527.210
  123 (vir)          538.623          -0.093         -17.653         -46.709          567.585
  124 (vir)          997.458          -0.353         -15.686         -54.288         1035.706
  125 (vir)         1899.333          -1.887         -30.368         -85.614         1952.692
  126 (vir)         5320.107          -1.210         -17.763        -110.581         5411.715
  127 (vir)        10339.391          -2.052         -48.950        -193.101        10481.490
