 
  kpoint:     0.0000    0.0000    0.0000
 
    n          ϵ_nk^DFT (eV)     Σ^c_nk (eV)     Σ^x_nk (eV)     v_n^xc (eV)   ϵ_nk^G0W0 (eV)
 
    1 (occ)         -269.267          -2.274         -96.899         -61.538         -306.903
    2 (occ)         -269.263          -2.248         -96.893         -61.540         -306.863
    3 (occ)         -269.262          -2.276         -96.901         -61.537         -306.901
    4 (occ)         -269.259          -2.254         -96.895         -61.540         -306.868
    5 (occ)         -269.244          -2.231         -96.887         -61.550         -306.812
    6 (occ)         -269.241          -2.211         -96.882         -61.552         -306.782
    7 (occ)         -269.238          -2.207         -96.882         -61.552         -306.774
    8 (occ)         -269.237          -2.202         -96.880         -61.552         -306.767
    9 (occ)          -20.762           7.034         -26.251         -16.725          -23.255
   10 (occ)          -19.354           6.298         -26.020         -16.974          -22.101
   11 (occ)          -19.333           6.293         -26.009         -16.968          -22.080
   12 (occ)          -17.221           5.319         -25.440         -17.129          -20.214
   13 (occ)          -16.242           4.667         -23.880         -16.298          -19.157
   14 (occ)          -13.904           3.648         -22.987         -16.277          -16.966
   15 (occ)          -13.859           3.633         -22.944         -16.250          -16.920
   16 (occ)          -12.446           3.061         -20.314         -14.390          -15.309
   17 (occ)          -11.128           2.431         -20.482         -14.972          -14.208
   18 (occ)          -11.108           2.420         -20.475         -14.975          -14.188
   19 (occ)          -11.014           2.426         -22.227         -16.887          -13.928
   20 (occ)          -10.979           2.459         -21.009         -15.206          -14.323
   21 (occ)          -10.425           2.315         -19.925         -14.725          -13.309
   22 (occ)           -8.766           1.556         -20.312         -15.664          -11.858
   23 (occ)           -8.723           1.540         -20.267         -15.643          -11.807
   24 (occ)           -7.915           1.270         -19.798         -15.373          -11.071
   25 (occ)           -7.596           1.242         -17.938         -13.926          -10.366
   26 (occ)           -6.695           0.464         -17.064         -13.893           -9.401
   27 (occ)           -6.689           0.457         -17.048         -13.886           -9.394
   28 (occ)           -5.293          -0.234         -16.195         -13.674           -8.047
   29 (vir)           -2.302          -2.652          -8.374         -13.382            0.054
   30 (vir)           -0.590          -2.891          -6.827         -11.903            1.595
   31 (vir)           -0.571          -2.891          -6.791         -11.862            1.609
   32 (vir)            0.136          -1.473          -2.257          -5.493            1.899
   33 (vir)            0.756          -1.597          -2.378          -5.718            2.499
   34 (vir)            0.761          -1.598          -2.368          -5.700            2.495
   35 (vir)            0.944          -3.805          -6.514         -12.415            3.040
   36 (vir)            1.157          -1.361          -1.809          -4.890            2.877
   37 (vir)            1.662          -1.445          -1.927          -4.976            3.265
   38 (vir)            1.814          -1.421          -1.896          -5.001            3.498
   39 (vir)            1.818          -1.418          -1.886          -4.989            3.503
   40 (vir)            2.455          -1.472          -1.963          -5.150            4.170
   41 (vir)            2.811          -1.540          -1.849          -5.093            4.515
   42 (vir)            2.847          -1.761          -2.145          -5.672            4.613
   43 (vir)            3.433          -1.538          -1.669          -4.884            5.110
   44 (vir)            3.441          -1.546          -1.681          -4.906            5.120
   45 (vir)            3.703          -1.759          -2.095          -5.603            5.453
   46 (vir)            3.882          -1.566          -1.512          -4.830            5.633
   47 (vir)            4.525          -1.382          -1.282          -4.286            6.147
   48 (vir)            4.536          -1.443          -1.406          -4.477            6.164
   49 (vir)            4.553          -3.387          -6.341         -12.081            6.907
   50 (vir)            4.765          -1.720          -1.818          -5.322            6.549
   51 (vir)            4.784          -1.731          -1.835          -5.358            6.577
   52 (vir)            5.162          -1.673          -1.683          -5.187            6.994
   53 (vir)            5.544          -1.378          -0.957          -3.880            7.088
   54 (vir)            6.199          -1.463          -1.180          -4.223            7.779
   55 (vir)            6.466          -2.638          -3.591          -8.220            8.457
   56 (vir)            6.487          -2.535          -3.161          -7.650            8.441
   57 (vir)            6.494          -2.524          -3.804          -8.305            8.471
   58 (vir)            6.626          -1.904          -2.330          -5.966            8.358
   59 (vir)            6.640          -1.986          -2.560          -6.309            8.404
   60 (vir)            6.899          -1.799          -1.403          -4.957            8.654
   61 (vir)            7.365          -2.000          -2.248          -6.188            9.305
   62 (vir)            7.457          -3.098          -4.198          -9.330            9.492
   63 (vir)            7.497          -3.060          -4.118          -9.214            9.533
   64 (vir)            7.563          -1.858          -1.981          -5.560            9.284
   65 (vir)            7.700          -2.395          -3.239          -7.301            9.368
   66 (vir)            8.061          -1.976          -2.108          -5.867            9.844
   67 (vir)            8.072          -1.939          -2.036          -5.747            9.844
   68 (vir)            8.424          -2.780          -3.265          -8.053           10.433
   69 (vir)            8.513          -1.821          -1.852          -5.444           10.284
   70 (vir)            8.919          -2.428          -2.845          -7.354           11.000
   71 (vir)            8.950          -2.418          -2.827          -7.321           11.025
   72 (vir)            9.714          -2.688          -2.933          -7.582           11.675
   73 (vir)           10.075          -1.731          -1.264          -4.519           11.599
   74 (vir)           10.365          -3.645          -4.697         -10.727           12.750
   75 (vir)           10.412          -2.951          -2.793          -7.983           12.651
   76 (vir)           10.601          -2.975          -3.282          -8.448           12.793
   77 (vir)           10.627          -2.986          -3.303          -8.487           12.825
   78 (vir)           11.417          -2.224          -1.632          -5.891           13.452
   79 (vir)           11.617          -1.990          -1.964          -5.862           13.524
   80 (vir)           11.626          -2.150          -1.983          -5.889           13.382
   81 (vir)           11.983          -2.254          -2.430          -6.653           13.953
   82 (vir)           12.009          -2.284          -2.492          -6.760           13.994
   83 (vir)           12.263          -2.515          -1.930          -6.626           14.443
   84 (vir)           12.316          -2.343          -1.858          -5.827           13.942
   85 (vir)           12.715          -3.290          -3.083          -8.543           14.885
   86 (vir)           12.751          -3.299          -3.147          -8.651           14.957
   87 (vir)           13.243          -4.610          -4.723         -11.478           15.388
   88 (vir)           13.371          -2.087          -1.762          -5.785           15.307
   89 (vir)           14.499          -2.901          -2.828          -7.982           16.752
   90 (vir)           14.903          -4.905          -5.006         -12.372           17.364
   91 (vir)           15.107          -3.449          -3.098          -8.908           17.468
   92 (vir)           15.633          -3.031          -2.375          -7.484           17.711
   93 (vir)           15.708          -3.106          -2.526          -7.986           18.061
   94 (vir)           15.734          -3.105          -2.514          -7.958           18.073
   95 (vir)           16.449          -2.896          -2.192          -7.387           18.749
   96 (vir)           16.609          -3.212          -2.519          -8.228           19.106
   97 (vir)           16.705          -2.969          -2.311          -7.617           19.041
   98 (vir)           16.734          -2.977          -2.333          -7.654           19.077
   99 (vir)           16.837          -2.865          -2.842          -7.993           19.123
  100 (vir)           17.239          -3.682          -2.677          -8.547           19.428
  101 (vir)           17.260          -3.695          -2.679          -8.547           19.433
  102 (vir)           18.044          -3.594          -2.483          -8.648           20.615
  103 (vir)           18.449          -3.030          -1.978          -7.340           20.781
  104 (vir)           18.462          -3.439          -2.252          -7.941           20.712
  105 (vir)           18.746          -4.025          -3.158          -9.543           21.107
  106 (vir)           18.790          -4.052          -3.171          -9.585           21.152
  107 (vir)           19.392          -3.919          -2.522          -9.109           22.059
  108 (vir)           19.909          -3.612          -2.109          -8.244           22.432
  109 (vir)           19.943          -3.624          -2.116          -8.253           22.457
  110 (vir)           20.317          -2.299          -1.690          -7.033           23.360
  111 (vir)           20.593          -2.795          -2.111          -7.487           23.174
  112 (vir)           20.619          -3.119          -2.102          -7.470           22.867
  113 (vir)           21.197          -3.253          -2.009          -7.766           23.700
  114 (vir)           21.228          -3.253          -2.002          -7.763           23.736
  115 (vir)           21.563          -3.352          -1.658          -7.471           24.023
  116 (vir)           21.669          -3.132          -1.558          -7.067           24.047
  117 (vir)           21.796          -3.717          -2.725          -8.996           24.350
  118 (vir)           22.201          -4.050          -2.327          -8.598           24.421
  119 (vir)           22.400          -3.769          -2.278          -8.514           24.866
  120 (vir)           22.426          -3.644          -2.265          -8.491           25.008
  121 (vir)           22.622          -3.259          -2.255          -8.002           25.110
  122 (vir)           22.651          -3.653          -2.004          -7.832           24.826
  123 (vir)           22.675          -3.373          -2.010          -7.838           25.131
  124 (vir)           22.824          -3.030          -1.949          -7.625           25.470
  125 (vir)           23.614          -4.120          -2.951          -9.664           26.206
  126 (vir)           23.893          -3.844          -2.563          -8.919           26.405
  127 (vir)           23.913          -3.658          -2.588          -8.979           26.646
  128 (vir)           23.983          -2.727          -2.262          -8.081           27.075
  129 (vir)           24.043          -3.045          -1.592          -7.354           26.760
  130 (vir)           24.101          -3.946          -2.455          -9.101           26.800
  131 (vir)           24.421          -3.123          -1.457          -7.125           26.967
  132 (vir)           24.439          -3.055          -1.415          -7.046           27.015
  133 (vir)           24.664          -2.759          -1.317          -6.872           27.460
  134 (vir)           24.915          -2.875          -1.885          -7.564           27.718
  135 (vir)           25.264          -2.824          -1.712          -7.314           28.043
  136 (vir)           25.309          -3.111          -1.713          -7.325           27.811
  137 (vir)           27.176          -3.695          -2.324          -9.039           30.196
  138 (vir)           27.251          -3.526          -2.273          -8.915           30.367
  139 (vir)           27.317          -3.617          -2.297          -9.044           30.446
  140 (vir)           27.482          -3.184          -1.896          -7.547           29.949
  141 (vir)           27.486          -3.104          -1.902          -7.549           30.029
  142 (vir)           27.614          -3.104          -1.315          -6.840           30.036
  143 (vir)           27.857          -3.210          -1.716          -7.358           30.289
  144 (vir)           28.115          -3.350          -1.810          -7.900           30.855
  145 (vir)           28.131          -5.445          -2.071          -8.279           28.893
  146 (vir)           28.141          -3.100          -1.629          -7.724           31.135
  147 (vir)           28.182          -2.886          -2.137          -8.427           31.586
  148 (vir)           29.191          -4.031          -1.809          -7.810           31.161
  149 (vir)           29.435          -3.053          -1.504          -7.354           32.232
  150 (vir)           29.991          -3.241          -1.351          -7.421           32.819
  151 (vir)           30.035          -3.206          -1.346          -7.415           32.897
  152 (vir)           30.939          -2.790          -1.291          -7.076           33.933
  153 (vir)           31.307          -2.901          -1.471          -7.435           34.370
  154 (vir)           31.842          -3.069          -1.714          -8.053           35.112
  155 (vir)           31.908          -3.017          -1.717          -8.065           35.239
  156 (vir)           32.309          -2.714          -1.604          -7.089           35.080
  157 (vir)           33.804          -3.085          -1.538          -8.027           37.208
  158 (vir)           33.824          -3.408          -1.569          -8.054           36.901
  159 (vir)           33.873          -3.119          -1.570          -8.096           37.280
  160 (vir)           34.401          -3.975          -2.399          -9.392           37.418
  161 (vir)           34.445          -3.053          -2.427          -9.459           38.424
  162 (vir)           35.375          -3.285          -1.582          -8.118           38.627
  163 (vir)           35.419          -3.240          -1.620          -8.240           38.798
  164 (vir)           35.563          -3.190          -0.847          -6.431           37.957
  165 (vir)           35.967          -3.048          -1.146          -7.051           38.825
  166 (vir)           35.986          -3.235          -1.150          -7.063           38.665
  167 (vir)           36.548          -2.531          -1.051          -7.035           40.000
  168 (vir)           37.646          -3.185          -1.602          -8.254           41.114
  169 (vir)           37.652          -2.826          -1.716          -8.535           41.645
  170 (vir)           37.690          -2.861          -1.595          -8.245           41.479
  171 (vir)           37.916          -3.575          -2.247          -9.830           41.924
  172 (vir)           38.536          -4.013          -2.262         -10.092           42.353
  173 (vir)           40.236          -4.575          -2.198          -9.691           43.153
  174 (vir)           40.273          -3.867          -2.279          -9.784           43.911
  175 (vir)           40.317          -4.374          -2.286          -9.803           43.460
  176 (vir)           41.038          -3.622          -2.013          -8.978           44.381
  177 (vir)           41.816          -4.476          -2.306          -9.772           44.805
  178 (vir)           41.831          -0.857          -2.289          -9.732           48.418
  179 (vir)           43.068          -2.821          -1.519          -7.939           46.667
  180 (vir)           43.226          -3.546          -2.140          -9.901           47.440
  181 (vir)           43.308          -3.551          -2.155          -9.956           47.558
  182 (vir)           44.070          -4.016          -3.002         -11.640           48.692
  183 (vir)           44.454          -3.570          -3.020         -11.629           49.494
  184 (vir)           44.714          -4.652          -2.079          -9.724           47.707
  185 (vir)           44.829          -1.981          -2.934         -11.700           51.614
  186 (vir)           45.421          -3.255          -2.636         -11.073           50.603
  187 (vir)           45.489          -3.615          -3.100         -11.883           50.658
  188 (vir)           46.498          -4.326          -2.232         -10.039           49.979
  189 (vir)           46.858          -3.997          -1.933          -9.459           50.387
  190 (vir)           47.360           0.042          -2.819         -11.028           55.610
  191 (vir)           47.524          -3.634          -2.454         -10.764           52.200
  192 (vir)           47.552          -3.496          -2.445         -10.758           52.369
  193 (vir)           48.190          -2.594          -2.121         -10.088           53.562
  194 (vir)           48.212          -2.923          -2.080         -10.021           53.230
  195 (vir)           48.320          -3.024          -1.946          -9.757           53.107
  196 (vir)           49.354          -2.773          -2.170         -10.446           54.858
  197 (vir)           49.385          -2.713          -2.541         -11.125           55.256
  198 (vir)           49.442          -4.021          -2.531         -11.117           54.007
  199 (vir)           50.368          -2.466          -2.259         -10.579           56.222
  200 (vir)           50.410          -2.756          -2.266         -10.584           55.972
  201 (vir)           50.796          -3.662          -2.913         -12.038           56.258
  202 (vir)           51.151          -4.986          -2.353         -10.655           54.467
  203 (vir)           51.223          -5.087          -2.368         -10.707           54.477
  204 (vir)           51.299          -3.644          -2.452         -11.130           56.332
  205 (vir)           51.371          -4.049          -2.442         -11.232           56.112
  206 (vir)           51.845          -8.713          -2.371         -10.775           51.537
  207 (vir)           52.090          -2.339          -2.444         -11.000           58.306
  208 (vir)           52.172          -2.630          -2.418         -10.966           58.089
  209 (vir)           52.529          -2.895          -2.274         -10.876           58.236
  210 (vir)           52.875          -3.372          -2.145         -10.466           57.825
  211 (vir)           52.971          -3.166          -2.158         -10.511           58.157
  212 (vir)           53.396          -6.949          -2.269         -10.737           54.915
  213 (vir)           53.726          -2.908          -1.970         -10.096           58.944
  214 (vir)           54.925          -3.673          -2.418         -11.349           60.184
  215 (vir)           54.955          -3.663          -2.409         -11.327           60.210
  216 (vir)           55.290          -4.302          -1.902         -10.369           59.455
  217 (vir)           55.369          -4.513          -2.133         -11.037           59.759
  218 (vir)           55.475          -3.143          -2.128         -10.605           60.809
  219 (vir)           55.706          -3.057          -2.155         -10.756           61.251
  220 (vir)           55.794          -3.927          -2.162         -10.789           60.494
  221 (vir)           56.198          -8.015          -2.876         -12.023           57.331
  222 (vir)           56.414          -2.510          -1.469          -9.637           62.071
  223 (vir)           56.564          -2.526          -1.563          -9.881           62.355
  224 (vir)           56.706          -3.517          -1.751          -9.988           61.426
  225 (vir)           56.750          -2.781          -1.764         -10.008           62.213
  226 (vir)           57.347          -4.164          -1.963         -10.332           61.551
  227 (vir)           57.503          -2.316          -1.979         -10.420           63.628
  228 (vir)           57.564          -3.822          -2.029         -10.470           62.183
  229 (vir)           57.949          -3.790          -1.977         -10.911           63.092
  230 (vir)           57.978          -4.238          -2.116         -10.984           62.608
  231 (vir)           57.996          -3.286          -2.110         -11.015           63.616
  232 (vir)           58.696          -2.329          -1.839         -10.515           65.043
  233 (vir)           59.187          -3.357          -1.796         -10.339           64.373
  234 (vir)           59.529          -3.776          -2.205         -11.200           64.747
  235 (vir)           59.546          -2.852          -2.207         -11.198           65.685
  236 (vir)           60.883          -0.868          -2.093         -10.973           68.896
  237 (vir)           60.946           1.907          -2.058         -10.915           71.709
  238 (vir)           61.000          -4.597          -1.951         -10.267           64.720
  239 (vir)           61.324          -5.147          -2.589         -12.161           65.749
  240 (vir)           61.826          -3.064          -2.179         -11.247           67.831
  241 (vir)           61.864          -7.475          -2.244         -11.348           63.493
  242 (vir)           62.009          -3.154          -2.044         -11.059           67.870
  243 (vir)           62.111          -4.285          -2.226         -11.294           66.893
  244 (vir)           62.248          -3.178          -1.970         -11.048           68.147
  245 (vir)           62.467          -3.481          -1.627         -10.097           67.456
  246 (vir)           63.404          -5.514          -1.887         -10.305           66.307
  247 (vir)           63.484          -4.529          -1.709         -10.148           67.394
  248 (vir)           63.529          -5.310          -1.813         -10.271           66.677
  249 (vir)           63.594          -2.888          -1.979         -10.807           69.533
  250 (vir)           63.757          -9.236          -2.081         -11.019           63.459
  251 (vir)           63.781          -8.368          -2.070         -11.004           64.348
  252 (vir)           64.227           1.654          -1.666          -9.912           74.126
  253 (vir)           64.670          -4.918          -2.038         -10.979           68.693
  254 (vir)           64.719          -4.780          -1.971         -10.851           68.819
  255 (vir)           64.925          -5.536          -2.286         -11.020           68.122
  256 (vir)           65.418          -2.304          -1.387          -9.732           71.459
  257 (vir)           66.016          -2.432          -2.292         -11.662           72.954
  258 (vir)           67.125          -3.195          -1.905         -10.925           72.950
  259 (vir)           67.290          -2.353          -1.865         -10.835           73.907
  260 (vir)           67.677          -2.179          -1.660         -10.306           74.144
  261 (vir)           67.943          -2.354          -1.371          -9.738           73.956
  262 (vir)           67.978          -3.809          -1.869         -10.697           72.998
  263 (vir)           68.430          -2.615          -1.884         -10.903           74.835
  264 (vir)           68.527          -2.931          -2.002         -11.046           74.641
  265 (vir)           68.563          -3.695          -2.014         -10.987           73.841
  266 (vir)           68.836          -3.129          -2.803         -12.944           75.848
  267 (vir)           69.511          -3.460          -1.861         -11.099           75.288
  268 (vir)           69.553          -1.168          -1.891         -10.997           77.491
  269 (vir)           69.644          -2.724          -1.657         -10.447           75.711
  270 (vir)           69.760          -1.622          -2.005         -11.298           77.430
  271 (vir)           69.812          -1.270          -2.178         -11.696           78.059
  272 (vir)           69.838          -8.263          -2.745         -12.635           71.466
  273 (vir)           70.627           2.164          -1.594         -10.287           81.484
  274 (vir)           70.816          -2.963          -1.359          -9.771           76.265
  275 (vir)           70.873          -3.644          -1.422          -9.944           75.751
  276 (vir)           70.902          -2.145          -1.249          -9.373           76.881
  277 (vir)           70.997          -2.743          -2.113         -11.714           77.855
  278 (vir)           71.409          -1.015          -1.973         -10.980           79.401
  279 (vir)           71.725           2.528          -1.932         -11.232           83.552
  280 (vir)           71.807          -0.677          -1.895         -11.167           80.402
  281 (vir)           71.885          -1.559          -1.831         -11.172           79.666
  282 (vir)           73.434           0.516          -1.963         -11.185           83.171
  283 (vir)           73.456           0.758          -2.019         -11.284           83.479
  284 (vir)           73.484           1.503          -1.982         -11.208           84.213
  285 (vir)           74.293          -4.498          -2.104         -11.629           79.320
  286 (vir)           74.349          -3.756          -1.952         -11.278           79.919
  287 (vir)           74.474          -5.434          -2.034         -11.524           78.531
  288 (vir)           74.528          -4.234          -2.076         -11.619           79.837
  289 (vir)           74.649          -3.662          -1.972         -11.499           80.514
  290 (vir)           74.996           0.687          -1.340          -9.976           84.319
  291 (vir)           75.231          -1.989          -2.327         -12.177           83.091
  292 (vir)           76.698          -1.975          -1.029          -9.157           82.851
  293 (vir)           77.639          -7.676          -2.555         -12.959           80.367
  294 (vir)           77.824           0.561          -1.685         -10.672           87.371
  295 (vir)           78.145          -1.529          -1.296          -9.812           85.132
  296 (vir)           78.192          -5.862          -1.789         -11.213           81.754
  297 (vir)           78.288           0.052          -1.819         -11.299           87.820
  298 (vir)           79.669          -2.542          -1.721         -11.004           86.411
  299 (vir)           79.761          -2.001          -1.719         -11.016           87.057
  300 (vir)           80.759          -5.315          -1.893         -11.632           85.183
  301 (vir)           81.389          -2.110          -1.663         -10.863           88.480
  302 (vir)           81.496          -3.484          -1.547         -10.596           87.062
  303 (vir)           81.661          -4.692          -3.562         -15.462           88.869
  304 (vir)           81.941          -8.715          -1.807         -11.636           83.054
  305 (vir)           82.089          -2.761          -1.669         -11.316           88.975
  306 (vir)           83.565          -2.901          -1.463         -10.740           89.941
  307 (vir)           83.763          -2.734          -1.419         -10.601           90.211
  308 (vir)           84.210          -0.501          -2.147         -11.925           93.486
  309 (vir)           84.215           0.563          -2.160         -11.977           94.595
  310 (vir)           84.930          -0.874          -1.428         -10.447           93.075
  311 (vir)           85.148          -4.282          -2.153         -12.294           91.007
  312 (vir)           86.244          -0.824          -1.522         -10.751           94.650
  313 (vir)           86.396          -3.669          -1.527         -10.756           91.957
  314 (vir)           86.754          -1.174          -1.536         -10.924           94.967
  315 (vir)           86.807          -2.915          -1.411         -10.562           93.043
  316 (vir)           87.737          -2.628          -2.081         -12.168           95.195
  317 (vir)           88.718           6.604          -2.357         -12.551          105.515
  318 (vir)           88.820          -6.529          -1.809         -11.570           92.052
  319 (vir)           88.948          -0.438          -2.505         -13.262           99.267
  320 (vir)           89.157           0.878          -2.023         -12.188          100.199
  321 (vir)           89.206          -0.991          -1.838         -11.862           98.238
  322 (vir)           89.277          -0.887          -1.821         -11.877           98.446
  323 (vir)           91.295         -10.829          -1.928         -12.211           90.748
  324 (vir)           92.129         -10.073          -2.512         -13.274           92.818
  325 (vir)           92.155         -10.163          -2.500         -13.223           92.715
  326 (vir)           92.466          -7.774          -2.463         -13.289           95.518
  327 (vir)           92.597          -3.009          -1.902         -12.079           99.765
  328 (vir)           92.675          -3.117          -2.396         -13.193          100.355
  329 (vir)           93.035          -7.462          -2.100         -12.568           96.041
  330 (vir)           93.093          -0.375          -2.071         -12.507          103.153
  331 (vir)           93.129           4.251          -2.184         -12.567          107.762
  332 (vir)           93.179           6.114          -2.375         -13.154          110.072
  333 (vir)           93.464           3.308          -1.949         -11.712          106.535
  334 (vir)           95.326           2.694          -2.399         -13.553          109.173
  335 (vir)           95.399           3.335          -2.404         -13.585          109.915
  336 (vir)           96.393          -1.288          -2.548         -13.857          106.414
  337 (vir)           96.554          -0.330          -2.573         -13.922          107.573
  338 (vir)           97.227          -1.930          -2.065         -13.145          106.377
  339 (vir)           98.194          -3.575          -2.488         -14.069          106.200
  340 (vir)           99.240          -2.109          -2.674         -14.620          109.078
  341 (vir)          100.979          -1.736          -2.457         -13.870          110.656
  342 (vir)          101.194          -2.930          -2.445         -13.858          109.677
  343 (vir)          102.487          -2.647          -2.096         -13.289          111.033
  344 (vir)          102.557           1.828          -2.897         -14.792          116.280
  345 (vir)          102.800           0.647          -2.390         -13.874          114.930
  346 (vir)          102.846          -3.125          -2.427         -13.902          111.197
  347 (vir)          104.518          -1.433          -2.247         -13.668          114.505
  348 (vir)          104.599          -3.630          -2.258         -13.693          112.404
  349 (vir)          104.804          -0.120          -2.571         -14.316          116.429
  350 (vir)          106.529           0.701          -2.138         -13.395          118.487
  351 (vir)          106.574           0.355          -2.122         -13.635          118.442
  352 (vir)          106.597          -0.702          -2.125         -13.579          117.348
  353 (vir)          107.832          -3.262          -2.112         -13.252          115.710
  354 (vir)          108.251           2.522          -2.416         -13.851          122.208
  355 (vir)          108.290           1.362          -2.409         -13.837          121.080
  356 (vir)          110.172          -3.659          -2.083         -13.303          117.732
  357 (vir)          110.303          -1.583          -2.098         -13.338          119.960
  358 (vir)          111.168          -0.503          -2.231         -13.169          121.603
  359 (vir)          112.490          -4.161          -2.008         -13.092          119.413
  360 (vir)          113.651          -0.417          -2.268         -13.844          124.809
  361 (vir)          113.761          -3.698          -2.142         -13.879          121.800
  362 (vir)          115.566           3.509          -2.236         -14.138          130.977
  363 (vir)          115.673           4.205          -2.206         -14.077          131.749
  364 (vir)          115.974           0.488          -1.497         -12.245          127.209
  365 (vir)          118.098          -4.395          -2.351         -14.773          126.125
  366 (vir)          118.204          -6.442          -2.325         -14.712          124.149
  367 (vir)          120.879          -5.949          -3.013         -16.176          128.092
  368 (vir)          121.317           2.110          -2.042         -13.709          135.095
  369 (vir)          121.417           8.695          -2.654         -15.221          142.679
  370 (vir)          121.518          -6.944          -2.611         -15.135          127.097
  371 (vir)          125.801           3.792          -2.059         -14.603          142.136
  372 (vir)          126.076          -5.583          -2.552         -15.381          133.322
  373 (vir)          128.423           4.943          -1.897         -14.185          145.654
  374 (vir)          129.017          -3.380          -2.217         -14.401          137.822
  375 (vir)          131.289           6.163          -2.440         -15.602          150.614
  376 (vir)          132.793           5.657          -2.057         -14.747          151.140
  377 (vir)          133.780         -16.514          -1.886         -14.413          129.793
  378 (vir)          133.997         -18.832          -2.228         -14.936          127.872
  379 (vir)          134.034           8.586          -2.244         -14.969          155.344
  380 (vir)          134.669           3.651          -3.168         -16.658          151.810
  381 (vir)          134.842           6.145          -1.981         -14.468          153.474
  382 (vir)          135.042           0.729          -1.874         -14.328          148.225
  383 (vir)          135.255           2.290          -1.867         -14.320          149.999
  384 (vir)          135.996           4.172          -1.730         -14.037          152.475
  385 (vir)          136.422           4.799          -1.948         -14.644          153.917
  386 (vir)          136.582           5.504          -1.942         -14.637          154.781
  387 (vir)          136.884           5.369          -1.749         -14.048          154.554
  388 (vir)          137.534           6.783          -1.776         -14.157          156.698
  389 (vir)          137.605           5.309          -1.778         -14.168          155.304
  390 (vir)          138.582           5.791          -1.998         -14.640          157.016
  391 (vir)          138.851           3.531          -1.825         -14.403          154.961
  392 (vir)          139.198           6.311          -1.787         -14.198          157.920
  393 (vir)          139.220           5.393          -1.799         -14.236          157.050
  394 (vir)          139.903           6.448          -1.994         -14.586          158.943
  395 (vir)          140.067           3.791          -1.985         -14.598          156.471
  396 (vir)          140.333           4.532          -1.886         -14.443          157.422
  397 (vir)          142.436          -1.165          -2.567         -16.044          154.747
  398 (vir)          142.603         -11.058          -2.485         -15.874          144.934
  399 (vir)          142.640          -5.285          -2.215         -15.332          150.473
  400 (vir)          142.785          -5.431          -1.811         -14.435          149.978
  401 (vir)          142.899           0.049          -1.778         -14.215          155.385
  402 (vir)          142.925           5.781          -1.824         -14.305          161.188
  403 (vir)          143.164           3.968          -1.743         -14.141          159.531
  404 (vir)          144.943           5.704          -1.828         -14.469          163.287
  405 (vir)          145.980           3.965          -2.286         -15.600          163.259
  406 (vir)          146.275           4.944          -2.366         -15.389          164.242
  407 (vir)          146.870           4.044          -1.852         -14.476          163.538
  408 (vir)          146.981           3.891          -1.884         -14.559          163.546
  409 (vir)          147.652           7.671          -1.633         -14.111          167.801
  410 (vir)          147.797           7.581          -1.629         -14.101          167.850
  411 (vir)          148.816           5.394          -1.774         -14.440          166.877
  412 (vir)          148.844           4.651          -1.808         -14.537          166.224
  413 (vir)          149.294          -7.474          -1.971         -15.047          154.897
  414 (vir)          149.432           0.236          -1.940         -14.804          162.532
  415 (vir)          149.600           4.952          -1.589         -13.940          166.904
  416 (vir)          150.064          -7.027          -1.997         -15.316          156.356
  417 (vir)          150.810           4.059          -1.896         -14.794          167.768
  418 (vir)          151.380         -20.746          -1.906         -14.833          143.561
  419 (vir)          151.492           7.550          -1.909         -14.842          171.976
  420 (vir)          151.633           6.175          -1.664         -14.151          170.294
  421 (vir)          152.621           2.753          -1.555         -14.031          167.850
  422 (vir)          153.083           3.994          -1.415         -13.539          169.201
  423 (vir)          153.494         -12.241          -1.991         -15.161          154.424
  424 (vir)          153.900          -0.140          -1.761         -14.532          166.532
  425 (vir)          153.909          -7.393          -1.770         -14.592          159.338
  426 (vir)          154.050           5.507          -1.762         -14.536          172.331
  427 (vir)          154.656          -3.756          -1.881         -14.878          163.896
  428 (vir)          154.743         -13.512          -1.865         -14.837          154.202
  429 (vir)          156.176          -1.297          -1.912         -14.913          167.880
  430 (vir)          156.254           4.929          -1.940         -14.994          174.236
  431 (vir)          157.501           6.953          -1.975         -15.062          177.542
  432 (vir)          158.408           7.996          -1.562         -14.057          178.899
  433 (vir)          158.527           7.921          -1.769         -14.423          179.103
  434 (vir)          158.571         -18.811          -1.815         -14.513          152.459
  435 (vir)          158.685           3.989          -1.921         -15.028          175.781
  436 (vir)          159.077           4.092          -1.970         -15.131          176.330
  437 (vir)          159.082           2.352          -1.968         -15.094          174.560
  438 (vir)          159.589           3.907          -1.485         -13.653          175.664
  439 (vir)          159.644           3.665          -1.378         -13.311          175.242
  440 (vir)          160.064           5.736          -1.526         -13.751          178.024
  441 (vir)          160.264          -0.496          -1.449         -13.688          172.007
  442 (vir)          160.351           4.493          -1.438         -13.656          177.063
  443 (vir)          160.924           5.542          -1.741         -14.530          179.256
  444 (vir)          161.029           3.140          -1.436         -13.512          176.245
  445 (vir)          162.041           7.002          -1.435         -13.773          181.382
  446 (vir)          162.179           3.298          -1.599         -13.966          177.844
  447 (vir)          162.358           3.482          -1.602         -13.979          178.216
  448 (vir)          162.488           9.569          -1.592         -14.359          184.823
  449 (vir)          163.615           6.765          -1.687         -14.619          183.311
  450 (vir)          163.786           6.010          -1.710         -14.698          182.784
  451 (vir)          163.832           4.190          -1.656         -14.503          180.869
  452 (vir)          164.141           5.557          -1.588         -14.267          182.376
  453 (vir)          164.180         -15.555          -1.498         -13.939          161.066
  454 (vir)          164.234           8.102          -1.613         -14.359          185.083
  455 (vir)          164.296         -10.945          -1.752         -14.773          166.372
  456 (vir)          164.970           2.716          -1.412         -13.506          179.779
  457 (vir)          164.991           3.087          -1.423         -13.545          180.200
  458 (vir)          165.815          -0.869          -2.088         -15.247          178.104
  459 (vir)          165.891           2.353          -1.536         -14.061          180.769
  460 (vir)          166.030           4.211          -1.831         -14.607          183.017
  461 (vir)          166.355           5.335          -1.448         -13.904          184.146
  462 (vir)          167.111           1.550          -1.927         -15.061          181.795
  463 (vir)          167.297           5.061          -1.573         -14.287          185.071
  464 (vir)          167.299           0.613          -1.570         -14.275          180.617
  465 (vir)          167.610           6.697          -1.686         -14.653          187.273
  466 (vir)          168.186           6.389          -1.465         -13.874          186.984
  467 (vir)          168.235          -2.367          -1.471         -13.898          178.296
  468 (vir)          168.938           0.603          -1.536         -14.338          182.343
  469 (vir)          169.126           2.223          -1.940         -15.041          184.450
  470 (vir)          169.218          -5.530          -1.719         -14.756          176.725
  471 (vir)          169.257           2.196          -1.935         -15.035          184.553
  472 (vir)          169.806         -15.252          -1.806         -15.229          167.977
  473 (vir)          170.113           2.259          -1.484         -13.609          184.497
  474 (vir)          170.251           5.330          -1.507         -14.435          188.509
  475 (vir)          170.395           9.831          -1.494         -14.383          193.115
  476 (vir)          171.167           7.673          -1.720         -14.808          191.928
  477 (vir)          171.345           7.360          -1.546         -14.351          191.510
  478 (vir)          171.444         -18.738          -1.654         -14.635          165.688
  479 (vir)          171.476           7.258          -1.701         -14.781          191.813
  480 (vir)          171.542           8.761          -1.855         -15.223          193.671
  481 (vir)          172.093         -12.343          -1.458         -13.985          172.278
  482 (vir)          172.859           3.841          -1.941         -15.433          190.191
  483 (vir)          172.966           4.769          -1.915         -15.409          191.229
  484 (vir)          172.991           6.800          -1.767         -15.173          193.196
  485 (vir)          173.822          -6.866          -1.645         -14.809          180.120
  486 (vir)          173.931           5.195          -1.659         -14.846          192.314
  487 (vir)          175.220          -2.061          -1.618         -14.871          186.411
  488 (vir)          175.416           5.270          -1.749         -15.200          194.136
  489 (vir)          175.451           4.466          -1.782         -15.213          193.348
  490 (vir)          175.477           9.227          -1.644         -14.982          198.042
  491 (vir)          175.491           5.233          -1.655         -14.862          193.930
  492 (vir)          175.962           1.747          -1.825         -15.003          190.887
  493 (vir)          176.596           0.821          -1.698         -15.372          191.090
  494 (vir)          176.871          -1.446          -1.770         -15.085          188.739
  495 (vir)          176.922           0.618          -1.780         -15.072          190.832
  496 (vir)          177.604           3.499          -1.660         -14.802          194.244
  497 (vir)          177.933           5.270          -1.807         -15.381          196.777
  498 (vir)          179.300          -1.664          -1.321         -13.651          189.966
  499 (vir)          179.439           3.989          -1.651         -14.582          196.359
  500 (vir)          179.520           2.686          -1.492         -14.199          194.914
  501 (vir)          179.653         -10.417          -1.440         -14.094          181.889
  502 (vir)          180.169           0.417          -1.358         -13.797          193.025
  503 (vir)          181.354          -0.126          -1.785         -15.652          195.095
  504 (vir)          181.378           1.034          -1.794         -15.671          196.288
  505 (vir)          181.762           3.017          -1.753         -15.202          198.229
  506 (vir)          182.270          -2.366          -2.494         -16.642          194.052
  507 (vir)          182.684          -1.078          -1.594         -14.817          194.828
  508 (vir)          182.787          -2.235          -1.598         -14.814          193.768
  509 (vir)          183.680          -0.057          -1.706         -15.279          197.197
  510 (vir)          183.734          -0.009          -1.699         -15.277          197.303
  511 (vir)          184.527           1.672          -1.564         -14.896          199.531
  512 (vir)          184.691          -8.119          -1.591         -14.968          189.949
  513 (vir)          185.283           5.153          -1.669         -15.231          203.997
  514 (vir)          185.297           5.366          -1.663         -15.210          204.211
  515 (vir)          185.555          -0.088          -1.686         -15.303          199.085
  516 (vir)          186.213           0.634          -1.644         -15.072          200.275
  517 (vir)          187.244           0.104          -1.834         -15.857          201.371
  518 (vir)          187.354           0.122          -1.833         -15.865          201.509
  519 (vir)          188.988           0.411          -2.032         -15.825          203.192
  520 (vir)          189.058           1.244          -2.046         -15.841          204.097
  521 (vir)          189.322          -2.171          -1.763         -15.544          200.933
  522 (vir)          189.849           1.229          -2.107         -16.095          205.065
  523 (vir)          189.969           1.464          -2.127         -16.165          205.471
  524 (vir)          190.141          -1.082          -2.718         -17.252          203.592
  525 (vir)          191.207           6.818          -1.953         -15.740          211.812
  526 (vir)          192.510          -1.401          -2.181         -16.048          204.976
  527 (vir)          192.776           2.580          -2.285         -16.215          209.286
  528 (vir)          192.887           1.664          -2.251         -16.174          208.473
  529 (vir)          194.550           0.759          -1.646         -15.499          209.161
  530 (vir)          194.731           8.668          -2.556         -16.326          217.169
  531 (vir)          195.637           0.069          -1.988         -15.307          209.024
  532 (vir)          195.769           0.855          -1.970         -15.267          209.920
  533 (vir)          196.073           8.921          -2.450         -16.241          218.784
  534 (vir)          197.285          -1.480          -1.314         -13.614          208.105
  535 (vir)          197.365           5.288          -2.605         -16.132          216.180
  536 (vir)          197.456           5.436          -2.690         -16.342          216.544
  537 (vir)          197.625           2.677          -1.649         -15.465          214.119
  538 (vir)          199.648          -0.173          -2.187         -16.053          213.341
  539 (vir)          199.842           2.033          -2.373         -16.350          215.851
  540 (vir)          199.911           4.787          -3.801         -18.307          219.203
  541 (vir)          200.103           1.249          -1.710         -15.140          214.782
  542 (vir)          200.688           1.010          -1.517         -14.397          214.578
  543 (vir)          200.727           1.348          -1.861         -15.125          215.339
  544 (vir)          200.816           1.191          -1.418         -14.184          214.772
  545 (vir)          201.995           0.527          -1.011         -13.201          214.712
  546 (vir)          202.158           1.373          -1.480         -14.800          216.851
  547 (vir)          202.751           0.778          -1.220         -14.152          216.462
  548 (vir)          202.790           0.811          -1.225         -14.171          216.547
  549 (vir)          203.283           4.535          -1.317         -14.403          220.904
  550 (vir)          203.486           0.452          -1.428         -14.791          217.302
  551 (vir)          205.438           1.145          -1.858         -14.902          219.627
  552 (vir)          205.847          -0.886          -1.691         -14.781          218.051
  553 (vir)          205.948           0.054          -1.684         -14.761          219.079
  554 (vir)          206.990           2.014          -1.591         -15.051          222.464
  555 (vir)          207.184           2.594          -1.556         -14.959          223.181
  556 (vir)          207.792           5.796          -1.185         -13.912          226.315
  557 (vir)          208.470           1.680          -1.227         -13.825          222.748
  558 (vir)          208.628           2.050          -1.210         -13.592          223.060
  559 (vir)          208.682          -2.094          -1.205         -13.570          218.953
  560 (vir)          210.662           0.897          -1.832         -15.873          225.600
  561 (vir)          210.688           1.302          -1.406         -14.650          225.234
  562 (vir)          211.110           3.311          -1.368         -14.167          227.220
  563 (vir)          211.202          -1.191          -1.366         -14.169          222.814
  564 (vir)          212.044           6.487          -1.359         -14.119          231.291
  565 (vir)          212.346          -0.223          -2.036         -16.102          226.190
  566 (vir)          212.375          -1.617          -1.753         -15.430          224.435
  567 (vir)          212.436          -0.768          -2.029         -16.064          225.703
  568 (vir)          212.929           6.384          -2.233         -16.095          233.174
  569 (vir)          213.270           0.549          -1.146         -13.779          226.452
  570 (vir)          213.990           1.061          -1.422         -14.186          227.815
  571 (vir)          215.134           0.274          -1.316         -13.850          227.941
  572 (vir)          215.305           3.217          -1.279         -14.020          231.263
  573 (vir)          215.321           1.866          -1.251         -13.962          229.899
  574 (vir)          216.631          -0.250          -1.447         -14.491          229.425
  575 (vir)          216.766           5.506          -1.432         -14.172          235.012
  576 (vir)          216.821           3.144          -1.705         -14.901          233.161
  577 (vir)          216.905           5.846          -2.029         -15.685          236.407
  578 (vir)          217.087           2.053          -1.302         -14.160          231.996
  579 (vir)          217.167           1.762          -1.156         -13.839          231.613
  580 (vir)          217.273           3.896          -1.429         -14.286          234.026
  581 (vir)          218.412           2.789          -0.981         -13.646          233.865
  582 (vir)          218.951           7.025          -1.720         -16.123          240.379
  583 (vir)          219.334           3.315          -1.668         -15.969          236.950
  584 (vir)          220.542          -0.781          -1.145         -14.061          232.677
  585 (vir)          220.588           0.912          -1.151         -14.071          234.420
  586 (vir)          220.733           2.054          -1.215         -13.579          235.151
  587 (vir)          220.977           1.066          -1.205         -14.199          235.036
  588 (vir)          221.914           1.278          -1.013         -13.600          235.779
  589 (vir)          222.222           0.777          -1.156         -13.955          235.798
  590 (vir)          222.307           1.440          -1.150         -13.908          236.504
  591 (vir)          222.883           4.637          -1.370         -14.661          240.811
  592 (vir)          222.908           2.209          -1.374         -14.338          238.081
  593 (vir)          223.036         -14.412          -1.378         -14.115          221.360
  594 (vir)          224.134           7.031          -1.679         -15.656          245.141
  595 (vir)          224.187          -3.643          -1.337         -14.526          233.733
  596 (vir)          224.420           1.091          -1.209         -14.254          238.556
  597 (vir)          224.533           1.209          -1.170         -14.093          238.665
  598 (vir)          225.077           1.237          -1.591         -15.685          240.407
  599 (vir)          225.563           0.866          -1.237         -14.176          239.368
  600 (vir)          225.616           6.096          -1.301         -14.318          244.729
  601 (vir)          225.857           1.636          -1.032         -13.814          240.274
  602 (vir)          226.749           2.431          -0.988         -13.448          241.641
  603 (vir)          227.197          -8.809          -1.611         -15.070          231.848
  604 (vir)          227.285           1.084          -1.648         -15.133          241.854
  605 (vir)          227.933          -0.812          -1.173         -14.227          240.174
  606 (vir)          227.992           2.480          -1.169         -14.224          243.528
  607 (vir)          229.455           0.058          -1.220         -14.167          242.460
  608 (vir)          229.490           2.236          -1.252         -14.218          244.692
  609 (vir)          229.709           7.200          -1.662         -15.113          250.360
  610 (vir)          229.939           5.119          -2.074         -15.972          248.957
  611 (vir)          230.185           2.509          -0.946         -13.469          245.216
  612 (vir)          230.828           1.391          -1.397         -15.104          245.926
  613 (vir)          231.059           4.087          -1.641         -15.729          249.235
  614 (vir)          231.288           1.156          -1.375         -15.080          246.149
  615 (vir)          231.476           6.004          -2.297         -17.143          252.326
  616 (vir)          231.768           0.204          -1.325         -14.739          245.386
  617 (vir)          231.810           0.382          -1.318         -14.727          245.601
  618 (vir)          234.404          -1.072          -1.777         -15.935          247.491
  619 (vir)          234.537           1.573          -1.758         -15.910          250.263
  620 (vir)          235.380           0.395          -1.486         -15.869          250.158
  621 (vir)          236.476           2.241          -1.019         -13.886          251.585
  622 (vir)          237.639           0.140          -1.342         -15.073          251.511
  623 (vir)          237.730           0.188          -1.361         -15.126          251.683
  624 (vir)          238.106           1.966          -1.025         -13.927          252.974
  625 (vir)          238.409           4.989          -1.619         -15.499          257.277
  626 (vir)          239.356           1.823          -1.494         -15.560          255.244
  627 (vir)          239.483           2.379          -1.515         -15.615          255.961
  628 (vir)          239.780           2.314          -1.087         -14.197          255.204
  629 (vir)          242.829          -6.657          -1.592         -15.679          250.259
  630 (vir)          244.170           0.969          -1.455         -15.850          259.535
  631 (vir)          246.002           1.784          -1.182         -14.883          261.487
  632 (vir)          246.123           1.798          -1.180         -14.863          261.604
  633 (vir)          250.164           1.450          -2.037         -16.761          266.338
  634 (vir)          250.380           1.626          -2.007         -16.704          266.704
  635 (vir)          253.229           2.065          -1.211         -14.772          268.855
  636 (vir)          253.648           0.367          -1.779         -16.363          268.598
  637 (vir)          254.313           1.541          -2.721         -18.403          271.536
  638 (vir)          257.233           1.543          -1.481         -15.949          273.243
  639 (vir)          257.348           2.147          -1.466         -15.911          273.940
  640 (vir)          258.180           2.014          -1.624         -16.300          274.870
  641 (vir)          258.582           0.281          -1.057         -14.778          272.583
  642 (vir)          258.799           1.604          -1.643         -16.232          274.992
  643 (vir)          259.007           1.442          -1.637         -16.221          275.034
  644 (vir)          259.527           1.783          -1.574         -16.479          276.216
  645 (vir)          260.678           0.336          -1.075         -14.823          274.762
  646 (vir)          260.791           0.392          -1.073         -14.821          274.931
  647 (vir)          261.090           0.070          -1.047         -14.763          274.876
  648 (vir)          261.592           5.578          -2.358         -18.256          283.068
  649 (vir)          261.864           2.013          -1.314         -15.607          278.171
  650 (vir)          266.611           1.512          -2.331         -17.901          283.692
  651 (vir)          267.156           1.529          -1.544         -15.997          283.139
  652 (vir)          267.340           0.291          -1.885         -16.819          282.564
  653 (vir)          267.542           0.702          -1.118         -15.014          282.140
  654 (vir)          267.789           0.481          -1.186         -15.169          282.253
  655 (vir)          267.931           0.525          -1.077         -14.913          282.292
  656 (vir)          269.846           1.343          -1.699         -16.878          286.368
  657 (vir)          269.944           1.487          -1.707         -16.909          286.631
  658 (vir)          270.401           1.900          -2.013         -17.144          287.433
  659 (vir)          271.090           1.509          -1.313         -15.734          287.020
  660 (vir)          271.992           1.869          -1.525         -16.585          288.921
  661 (vir)          272.385           2.663          -1.762         -16.582          289.869
  662 (vir)          274.601           3.261          -1.415         -16.083          292.532
  663 (vir)          274.662           0.997          -1.421         -16.098          290.337
  664 (vir)          278.529           2.400          -2.288         -18.167          296.809
  665 (vir)          284.851           3.014          -1.682         -16.307          302.489
  666 (vir)          286.642           2.941          -2.680         -18.479          305.381
  667 (vir)          286.856           2.933          -2.633         -18.400          305.555
  668 (vir)          292.177           3.123          -3.061         -19.631          311.871
  669 (vir)          292.308           3.062          -3.010         -19.544          311.904
  670 (vir)          292.837           2.892          -3.749         -20.801          312.781
  671 (vir)          297.653           1.001          -1.780         -17.134          314.008
  672 (vir)          298.191           2.721          -3.988         -21.555          318.479
  673 (vir)          324.965           2.251          -2.061         -17.772          342.926
  674 (vir)          330.310           2.185          -2.272         -18.212          348.435
  675 (vir)          334.854           2.186          -2.178         -18.175          353.038
  676 (vir)          334.876           2.194          -2.180         -18.176          353.066
  677 (vir)          344.928           2.139          -2.321         -18.624          363.370
  678 (vir)          345.209           2.124          -2.322         -18.626          363.637
  679 (vir)          346.712           2.044          -2.169         -18.372          364.958
  680 (vir)          350.023           2.140          -2.290         -18.654          368.526
  681 (vir)          759.287           0.993         -12.942         -46.166          793.504
  682 (vir)          763.184           1.004         -12.893         -46.186          797.480
  683 (vir)          766.173           0.997         -12.860         -46.121          800.432
  684 (vir)          766.361           0.996         -12.856         -46.118          800.619
  685 (vir)          784.162           0.971         -12.596         -45.874          818.411
  686 (vir)          785.200           0.974         -12.561         -45.836          819.450
  687 (vir)          785.579           0.973         -12.555         -45.831          819.828
  688 (vir)          792.472           0.973         -12.468         -45.764          826.742
  689 (vir)         3990.610           0.256         -14.773         -94.557         4070.650
  690 (vir)         3992.932           0.256         -14.761         -94.549         4072.976
  691 (vir)         3997.655           0.255         -14.744         -94.532         4077.698
  692 (vir)         3997.844           0.255         -14.743         -94.531         4077.887
  693 (vir)         4015.551           0.254         -14.674         -94.477         4095.608
  694 (vir)         4015.709           0.254         -14.669         -94.468         4095.762
  695 (vir)         4016.145           0.254         -14.668         -94.468         4096.199
  696 (vir)         4023.134           0.253         -14.636         -94.436         4103.188
