 
  kpoint:     0.0000    0.0000    0.0000
 
    n          ϵ_nk^DFT (eV)     Σ^c_nk (eV)     Σ^x_nk (eV)     v_n^xc (eV)   ϵ_nk^G0W0 (eV)
 
    1 (occ)         -662.564           3.020        -150.704         -94.989         -715.259
    2 (occ)         -179.966           3.830         -79.424         -50.558         -205.001
    3 (occ)          -32.640           8.604         -39.712         -25.564          -38.184
    4 (occ)          -15.221           3.755         -31.603         -22.965          -20.105
    5 (occ)          -12.922           3.241         -29.994         -22.184          -17.491
    6 (occ)          -12.922           3.241         -29.994         -22.184          -17.491
    7 (occ)           -6.752           0.175         -15.342         -11.374          -10.545
    8 (vir)           -2.103          -1.947          -5.276         -10.528            1.201
    9 (vir)           -2.103          -1.947          -5.276         -10.528            1.201
   10 (vir)            0.824          -0.626          -1.405          -4.038            2.830
   11 (vir)            2.143          -0.828          -0.815          -3.450            3.951
   12 (vir)            2.143          -0.828          -0.815          -3.450            3.951
   13 (vir)            2.751          -0.965          -1.646          -4.470            4.610
   14 (vir)            6.134          -1.249          -3.233          -7.661            9.313
   15 (vir)            7.082          -0.687          -0.874          -4.847           10.368
   16 (vir)            7.082          -0.687          -0.874          -4.847           10.368
   17 (vir)            7.549          -1.268          -2.422          -6.112            9.971
   18 (vir)            8.595          -1.352          -2.398          -6.774           11.619
   19 (vir)            8.595          -1.352          -2.398          -6.774           11.619
   20 (vir)           11.337          -1.157          -1.124          -5.112           14.167
   21 (vir)           11.337          -1.157          -1.124          -5.112           14.167
   22 (vir)           11.503          -1.057          -1.212          -5.321           14.554
   23 (vir)           12.567          -1.069          -1.108          -5.919           16.308
   24 (vir)           12.567          -1.069          -1.108          -5.919           16.308
   25 (vir)           15.025          -3.309          -4.723         -11.519           18.513
   26 (vir)           23.293          -2.211          -4.154         -10.717           27.645
   27 (vir)           25.271          -1.300          -2.136          -8.449           30.284
   28 (vir)           25.271          -1.300          -2.136          -8.449           30.284
   29 (vir)           26.660          -1.429          -2.831          -8.273           30.672
   30 (vir)           27.512          -1.555          -0.642          -6.420           31.735
   31 (vir)           27.512          -1.555          -0.642          -6.420           31.735
   32 (vir)           29.167          -1.860          -1.303          -8.424           34.428
   33 (vir)           29.167          -1.860          -1.303          -8.424           34.428
   34 (vir)           29.984          -1.523          -3.216         -10.934           36.179
   35 (vir)           29.984          -1.523          -3.216         -10.934           36.179
   36 (vir)           32.870          -1.043          -1.312          -7.703           38.217
   37 (vir)           32.959          -1.173          -1.317          -7.589           38.059
   38 (vir)           32.959          -1.173          -1.317          -7.589           38.059
   39 (vir)           37.530          -2.449          -3.582         -11.608           43.106
   40 (vir)           43.279          -3.242          -4.840         -13.684           48.881
   41 (vir)           43.279          -3.242          -4.840         -13.684           48.881
   42 (vir)           43.337          -1.701          -3.309         -11.306           49.632
   43 (vir)           43.337          -1.701          -3.309         -11.306           49.632
   44 (vir)           44.981          -3.232          -4.518         -13.735           50.966
   45 (vir)           46.436          -3.708          -3.392         -13.542           52.877
   46 (vir)           46.436          -3.708          -3.392         -13.542           52.877
   47 (vir)           56.723          -0.666          -3.117         -11.744           64.685
   48 (vir)           62.045          -1.663          -3.044         -12.139           69.478
   49 (vir)           62.045          -1.663          -3.044         -12.139           69.478
   50 (vir)           72.656          -1.199          -3.996         -14.597           82.057
   51 (vir)           81.817           0.089          -1.180         -10.517           91.243
   52 (vir)           81.817           0.089          -1.180         -10.517           91.243
   53 (vir)           84.128           0.014          -0.612          -9.164           92.695
   54 (vir)           84.128           0.014          -0.612          -9.164           92.695
   55 (vir)           86.999          -0.440          -1.973         -12.409           96.995
   56 (vir)           87.000          -0.440          -1.973         -12.407           96.995
   57 (vir)           89.746          -0.776          -2.760         -14.211          100.421
   58 (vir)           89.746          -0.776          -2.760         -14.211          100.421
   59 (vir)           92.534          -0.717          -3.108         -14.111          102.820
   60 (vir)           96.028           0.316          -1.072         -11.040          106.312
   61 (vir)           96.028           0.316          -1.072         -11.040          106.312
   62 (vir)           96.117           0.186          -1.205         -11.597          106.695
   63 (vir)           96.119           0.187          -1.205         -11.595          106.695
   64 (vir)           96.359          -0.084          -1.100         -11.284          106.459
   65 (vir)           96.361          -0.084          -1.100         -11.283          106.459
   66 (vir)           97.762           0.432          -0.872         -10.738          108.060
   67 (vir)           97.762           0.432          -0.872         -10.738          108.060
   68 (vir)          100.247          -0.573          -2.646         -13.805          110.833
   69 (vir)          106.328          -0.595          -4.958         -16.792          117.566
   70 (vir)          112.059          -0.469          -2.081         -13.315          122.823
   71 (vir)          112.059          -0.469          -2.081         -13.315          122.823
   72 (vir)          113.890          -1.198          -2.820         -15.307          125.180
   73 (vir)          113.890          -1.198          -2.820         -15.307          125.180
   74 (vir)          119.780          -0.982          -3.674         -16.073          131.197
   75 (vir)          130.604          -1.934          -5.442         -19.835          143.064
   76 (vir)          130.605          -1.934          -5.442         -19.835          143.064
   77 (vir)          140.002          -1.582          -3.579         -17.133          151.974
   78 (vir)          140.002          -1.582          -3.579         -17.133          151.974
   79 (vir)          140.504          -2.155          -6.053         -21.412          153.707
   80 (vir)          144.696          -1.948          -6.337         -21.994          158.406
   81 (vir)          144.696          -1.948          -6.337         -21.994          158.406
   82 (vir)          149.606           0.108          -5.456         -18.696          162.953
   83 (vir)          160.180          -1.426          -6.616         -23.558          175.695
   84 (vir)          162.400          -1.299          -4.966         -20.350          176.484
   85 (vir)          162.400          -1.299          -4.966         -20.350          176.484
   86 (vir)          173.662          -1.265          -5.963         -22.739          189.173
   87 (vir)          173.662          -1.265          -5.963         -22.739          189.173
   88 (vir)          209.832          -0.909          -6.635         -25.004          227.293
   89 (vir)          303.409          -0.043          -2.918         -21.844          322.292
   90 (vir)          303.409          -0.043          -2.918         -21.844          322.292
   91 (vir)          304.922          -0.196          -2.955         -21.969          323.740
   92 (vir)          304.922          -0.196          -2.955         -21.969          323.740
   93 (vir)          310.437          -0.325          -3.005         -22.176          329.282
   94 (vir)          310.438          -0.325          -3.005         -22.174          329.282
   95 (vir)          313.614          -0.282          -3.271         -22.711          332.773
   96 (vir)          316.201          -0.337          -3.126         -22.508          335.245
   97 (vir)          316.201          -0.337          -3.126         -22.508          335.245
   98 (vir)          389.743          -2.070          -4.485         -27.445          410.633
   99 (vir)          389.743          -2.070          -4.485         -27.445          410.633
  100 (vir)          398.967          -1.734          -4.396         -27.369          420.205
  101 (vir)          398.967          -1.734          -4.396         -27.368          420.205
  102 (vir)          400.022          -2.161          -6.593         -30.149          421.417
  103 (vir)          413.112          -1.585          -4.266         -27.221          434.482
  104 (vir)          413.112          -1.585          -4.266         -27.221          434.482
  105 (vir)          417.597          -1.451         -10.493         -35.042          440.695
  106 (vir)          423.910          -2.063          -5.662         -30.412          446.597
  107 (vir)          423.910          -2.063          -5.661         -30.412          446.597
  108 (vir)          433.459          -1.706          -5.429         -30.085          456.410
  109 (vir)          433.459          -1.706          -5.429         -30.085          456.410
  110 (vir)          447.721          -1.429          -5.374         -30.127          471.045
  111 (vir)          515.612          -0.838         -10.732         -37.780          541.822
  112 (vir)         1468.586          -1.400         -20.192         -67.406         1514.399
  113 (vir)         2758.862          -0.087         -12.242         -78.473         2825.007
  114 (vir)         7740.313          -1.902         -24.259        -138.429         7852.581
