 
  kpoint:     0.0000    0.0000    0.0000
 
    n          ϵ_nk^DFT (eV)     Σ^c_nk (eV)     Σ^x_nk (eV)     v_n^xc (eV)   ϵ_nk^G0W0 (eV)
 
    1 (occ)        -2739.560           4.248        -300.467        -187.110        -2848.670
    2 (occ)         -250.027           6.625         -97.735         -60.451         -280.686
    3 (occ)         -190.801           6.854         -89.741         -61.976         -211.713
    4 (occ)         -190.530           5.559         -90.077         -62.078         -212.969
    5 (occ)         -190.530           5.559         -90.077         -62.078         -212.969
    6 (occ)          -21.093           6.552         -27.611         -18.433          -23.719
    7 (occ)          -11.764           0.711         -20.921         -15.810          -16.164
    8 (occ)           -8.020           0.628         -20.624         -15.780          -12.236
    9 (occ)           -8.020           0.628         -20.624         -15.780          -12.236
   10 (vir)           -0.869          -1.401          -4.297          -8.620            2.054
   11 (vir)            2.385          -1.173          -3.149          -7.135            5.197
   12 (vir)            4.316          -1.081          -2.297          -5.913            6.851
   13 (vir)            4.529          -0.779          -2.291          -5.665            7.123
   14 (vir)            4.529          -0.779          -2.291          -5.665            7.123
   15 (vir)            6.256          -2.103          -4.688         -10.556           10.021
   16 (vir)            6.256          -2.103          -4.688         -10.556           10.021
   17 (vir)            7.705          -2.062          -5.032         -11.007           11.618
   18 (vir)            7.705          -2.062          -5.032         -11.007           11.618
   19 (vir)            9.411          -1.573          -2.733          -6.994           12.099
   20 (vir)           12.828          -3.203          -3.041          -8.862           15.446
   21 (vir)           17.073          -3.540          -1.684          -7.361           19.210
   22 (vir)           17.073          -3.540          -1.684          -7.361           19.210
   23 (vir)           22.100          -3.315          -1.844          -7.898           24.839
   24 (vir)           26.416          -3.133          -2.695          -8.919           29.507
   25 (vir)           27.688          -3.789          -4.416         -11.750           31.232
   26 (vir)           27.688          -3.789          -4.416         -11.750           31.232
   27 (vir)           28.344          -3.351          -2.954          -9.384           31.423
   28 (vir)           28.676          -4.157          -3.972         -12.866           33.413
   29 (vir)           28.676          -4.157          -3.972         -12.866           33.413
   30 (vir)           29.157          -5.139          -4.554         -13.941           33.405
   31 (vir)           29.157          -5.139          -4.554         -13.941           33.405
   32 (vir)           32.431          -7.220          -3.921         -13.156           34.446
   33 (vir)           32.951           0.601          -2.258         -10.388           41.682
   34 (vir)           32.951           0.601          -2.258         -10.388           41.682
   35 (vir)           34.169          -2.084          -2.337         -10.544           40.292
   36 (vir)           34.169          -2.084          -2.337         -10.544           40.292
   37 (vir)           39.796          -0.487          -2.205         -10.456           47.560
   38 (vir)           39.796          -0.487          -2.205         -10.456           47.560
   39 (vir)           45.843          -0.224          -3.160         -11.680           54.139
   40 (vir)           55.860           1.105          -1.024          -8.816           64.757
   41 (vir)           55.860           1.105          -1.024          -8.816           64.757
   42 (vir)           58.480          -1.478          -1.632         -10.335           65.705
   43 (vir)           58.480          -1.478          -1.632         -10.335           65.705
   44 (vir)           62.824          -0.789          -4.212         -13.664           71.487
   45 (vir)           68.855          -0.687          -2.600         -11.611           77.179
   46 (vir)           72.426          -0.099          -1.718         -10.345           80.953
   47 (vir)           72.426          -0.099          -1.718         -10.345           80.953
   48 (vir)           76.210          -0.169          -2.454         -12.325           85.912
   49 (vir)           84.232          -2.473          -5.647         -18.799           94.911
   50 (vir)           84.232          -2.473          -5.647         -18.799           94.911
   51 (vir)           86.592          -0.685          -4.844         -17.574           98.638
   52 (vir)           86.592          -0.685          -4.844         -17.574           98.638
   53 (vir)           90.183           0.117          -4.487         -16.735          102.548
   54 (vir)           94.109           1.025          -2.108         -14.209          107.235
   55 (vir)           94.109           1.025          -2.108         -14.209          107.235
   56 (vir)           94.997           0.707          -2.174         -14.375          107.904
   57 (vir)           94.997           0.707          -2.174         -14.375          107.904
   58 (vir)           98.534           0.832          -2.278         -14.601          111.688
   59 (vir)           98.535           0.832          -2.278         -14.600          111.688
   60 (vir)           99.789          -0.361          -6.907         -20.600          113.121
   61 (vir)          101.697          -0.521          -8.863         -23.142          115.455
   62 (vir)          101.697          -0.521          -8.863         -23.142          115.455
   63 (vir)          103.406           0.295          -3.065         -16.654          117.289
   64 (vir)          103.406           0.295          -3.065         -16.654          117.289
   65 (vir)          105.016           0.332          -2.564         -15.609          118.392
   66 (vir)          105.016           0.332          -2.564         -15.609          118.392
   67 (vir)          105.371           0.391          -2.926         -16.115          118.950
   68 (vir)          105.371           0.391          -2.926         -16.115          118.950
   69 (vir)          116.073           0.159          -2.346         -15.008          128.894
   70 (vir)          122.516           0.450          -2.240         -14.478          135.204
   71 (vir)          122.516           0.450          -2.240         -14.478          135.204
   72 (vir)          125.873           0.571          -3.114         -16.485          139.815
   73 (vir)          155.905           0.955          -0.668         -10.789          166.980
   74 (vir)          155.905           0.955          -0.668         -10.789          166.980
   75 (vir)          173.068           0.644          -0.928         -12.181          184.965
   76 (vir)          173.069           0.644          -0.928         -12.181          184.965
   77 (vir)          178.848          -0.001          -3.701         -16.945          192.090
   78 (vir)          186.867           0.699          -1.236         -13.607          199.938
   79 (vir)          186.867           0.699          -1.236         -13.607          199.938
   80 (vir)          189.793           0.301          -1.343         -14.370          203.122
   81 (vir)          211.980           0.727          -0.765         -12.676          224.617
   82 (vir)          211.980           0.727          -0.765         -12.675          224.617
   83 (vir)          220.585           0.597          -1.062         -14.192          234.313
   84 (vir)          220.585           0.597          -1.062         -14.192          234.313
   85 (vir)          224.883          -2.513         -11.011         -28.378          239.737
   86 (vir)          227.295           0.474          -0.795         -12.649          239.623
   87 (vir)          227.295           0.474          -0.795         -12.649          239.623
   88 (vir)          236.946           0.187          -1.648         -15.004          250.490
   89 (vir)          270.608          -0.065          -5.701         -22.663          287.506
   90 (vir)          283.889          -0.603         -15.030         -37.699          305.955
   91 (vir)          283.889          -0.603         -15.030         -37.699          305.955
   92 (vir)          286.407          -0.486         -14.808         -37.431          308.544
   93 (vir)          286.407          -0.486         -14.808         -37.431          308.544
   94 (vir)          313.540          -0.444         -10.289         -30.788          333.595
   95 (vir)          775.714          -0.946         -20.909         -55.326          809.185
   96 (vir)         1124.764          -2.171         -37.643         -90.549         1175.499
   97 (vir)         1124.764          -2.171         -37.643         -90.549         1175.499
   98 (vir)         1129.257          -2.486         -37.067         -89.941         1179.645
   99 (vir)         2660.815          -2.058         -35.471        -100.776         2724.062
  100 (vir)        14264.150          -2.229         -55.450        -224.080        14430.551
