 
  kpoint:     0.0000    0.0000    0.0000
 
    n          ϵ_nk^DFT (eV)     Σ^c_nk (eV)     Σ^x_nk (eV)     v_n^xc (eV)   ϵ_nk^G0W0 (eV)
 
    1 (occ)        -8750.572          -1.020        -529.887        -327.496        -8953.984
    2 (occ)        -1043.139          -5.094        -189.630        -116.403        -1121.460
    3 (occ)         -915.062         -10.149        -183.018        -123.082         -985.147
    4 (occ)         -914.983         -10.169        -183.190        -123.150         -985.192
    5 (occ)         -914.983         -10.169        -183.190        -123.150         -985.192
    6 (occ)         -379.863           0.610        -114.709         -72.598         -421.364
    7 (occ)         -269.167           3.716         -96.968         -61.561         -300.857
    8 (occ)         -113.203           8.962         -76.684         -48.576         -132.349
    9 (occ)          -73.492          12.993         -68.043         -46.212          -82.329
   10 (occ)          -73.233          13.106         -68.158         -46.257          -82.028
   11 (occ)          -73.233          13.106         -68.158         -46.257          -82.028
   12 (occ)          -21.646           6.509         -30.459         -20.147          -25.450
   13 (occ)          -11.356           3.311         -24.424         -18.382          -14.087
   14 (occ)           -8.213           3.422         -28.293         -21.847          -11.237
   15 (occ)           -8.213           3.422         -28.293         -21.847          -11.237
   16 (occ)           -7.990           4.326         -28.068         -21.350          -10.382
   17 (occ)           -7.143           7.065         -46.387         -36.143          -10.322
   18 (occ)           -7.143           7.065         -46.387         -36.143          -10.322
   19 (occ)           -6.997           4.614         -36.787         -29.146          -10.023
   20 (occ)           -6.997           4.614         -36.787         -29.146          -10.023
   21 (occ)           -6.708           3.922         -33.241         -26.311           -9.716
   22 (vir)           -4.036          -1.739          -5.510          -9.609           -1.675
   23 (vir)           -1.537          -1.293          -3.820          -7.395            0.745
   24 (vir)           -1.537          -1.293          -3.820          -7.395            0.745
   25 (vir)            0.718          -0.572          -0.935          -2.721            1.933
   26 (vir)            0.818          -0.509          -1.492          -3.022            1.838
   27 (vir)            0.858          -1.656          -5.080          -8.739            2.861
   28 (vir)            0.858          -1.656          -5.080          -8.739            2.861
   29 (vir)            2.495          -1.076          -2.412          -5.277            4.284
   30 (vir)            2.495          -1.076          -2.412          -5.277            4.284
   31 (vir)            2.921          -0.864          -1.785          -4.364            4.635
   32 (vir)            3.032          -0.693          -1.152          -3.329            4.515
   33 (vir)            3.032          -0.693          -1.152          -3.329            4.515
   34 (vir)            4.062          -1.412          -1.894          -5.172            5.928
   35 (vir)            4.062          -1.412          -1.894          -5.172            5.928
   36 (vir)            4.895          -0.930          -2.156          -4.579            6.388
   37 (vir)            5.409          -1.016          -1.396          -4.175            7.172
   38 (vir)            6.073          -0.913          -1.046          -3.780            7.894
   39 (vir)            6.073          -0.913          -1.046          -3.780            7.894
   40 (vir)            7.473          -1.438          -2.722          -6.444            9.757
   41 (vir)            8.766          -1.233          -1.471          -4.922           10.984
   42 (vir)            9.642          -1.458          -1.530          -5.185           11.839
   43 (vir)            9.642          -1.458          -1.530          -5.185           11.839
   44 (vir)           10.579          -1.584          -2.838          -7.223           13.379
   45 (vir)           11.304          -1.354          -2.042          -6.009           13.917
   46 (vir)           11.304          -1.354          -2.042          -6.009           13.917
   47 (vir)           12.101          -1.175          -3.330          -7.424           15.020
   48 (vir)           12.102          -1.176          -3.330          -7.424           15.020
   49 (vir)           13.281          -1.669          -3.703          -8.380           16.289
   50 (vir)           13.281          -1.669          -3.703          -8.380           16.289
   51 (vir)           13.373          -1.733          -2.420          -7.471           16.691
   52 (vir)           13.373          -1.733          -2.420          -7.471           16.691
   53 (vir)           14.156          -1.424          -2.178          -5.956           16.510
   54 (vir)           16.353          -2.268          -4.149          -9.398           19.334
   55 (vir)           17.113          -1.985          -2.645          -7.300           19.782
   56 (vir)           21.100          -2.986          -2.359          -8.441           24.196
   57 (vir)           21.100          -2.986          -2.359          -8.441           24.196
   58 (vir)           21.180          -3.761          -4.957         -12.347           24.809
   59 (vir)           23.215          -2.359          -2.766          -9.046           27.136
   60 (vir)           23.215          -2.359          -2.766          -9.046           27.136
   61 (vir)           24.416          -2.237          -2.153          -8.612           28.638
   62 (vir)           24.416          -2.237          -2.153          -8.612           28.638
   63 (vir)           25.392          -2.163          -3.056          -8.943           29.116
   64 (vir)           28.690          -2.684          -3.287          -9.813           32.532
   65 (vir)           31.273          -3.478          -2.958         -10.477           35.314
   66 (vir)           31.273          -3.478          -2.958         -10.477           35.314
   67 (vir)           36.465          -2.892          -4.419         -12.356           41.511
   68 (vir)           36.465          -2.892          -4.419         -12.356           41.511
   69 (vir)           38.813          -3.980          -3.494         -11.574           42.912
   70 (vir)           39.054          -2.039          -6.489         -14.507           45.033
   71 (vir)           39.054          -2.039          -6.489         -14.507           45.033
   72 (vir)           41.901          -2.924          -5.398         -13.739           47.319
   73 (vir)           43.121          -2.106          -4.002         -11.647           48.660
   74 (vir)           43.121          -2.106          -4.002         -11.647           48.660
   75 (vir)           43.302          -2.275          -5.016         -12.927           48.937
   76 (vir)           44.234          -2.395          -1.563          -9.569           49.843
   77 (vir)           44.234          -2.395          -1.563          -9.569           49.843
   78 (vir)           44.272          -1.930          -7.125         -16.581           51.798
   79 (vir)           44.272          -1.930          -7.125         -16.581           51.798
   80 (vir)           45.485          -3.539          -5.561         -14.332           50.717
   81 (vir)           46.968          -2.447          -2.883         -11.576           53.214
   82 (vir)           46.968          -2.447          -2.883         -11.576           53.214
   83 (vir)           48.949          -2.837          -2.749         -11.872           55.235
   84 (vir)           48.949          -2.837          -2.749         -11.872           55.235
   85 (vir)           52.287          -2.650          -4.267         -13.784           59.154
   86 (vir)           52.287          -2.650          -4.267         -13.784           59.154
   87 (vir)           55.263          -1.885          -4.237         -13.384           62.526
   88 (vir)           55.263          -1.885          -4.237         -13.384           62.526
   89 (vir)           55.840          -2.505          -5.141         -14.481           62.676
   90 (vir)           58.469          -2.490          -4.699         -14.006           65.287
   91 (vir)           59.699          -2.386          -4.011         -13.781           67.083
   92 (vir)           59.699          -2.386          -4.011         -13.781           67.083
   93 (vir)           60.680          -2.331          -3.608         -13.137           67.878
   94 (vir)           60.680          -2.331          -3.608         -13.137           67.878
   95 (vir)           60.961          -3.367          -3.885         -13.230           66.939
   96 (vir)           68.297           0.607          -1.798         -11.503           78.609
   97 (vir)           68.297           0.607          -1.798         -11.503           78.609
   98 (vir)           68.608          -3.037          -6.505         -17.807           76.873
   99 (vir)           71.944          -1.990          -3.596         -14.089           80.448
  100 (vir)           71.944          -1.990          -3.596         -14.089           80.448
  101 (vir)           76.541          -3.288          -3.509         -15.062           84.806
  102 (vir)           76.541          -3.288          -3.509         -15.062           84.806
  103 (vir)           79.645          -3.070          -4.863         -17.713           89.425
  104 (vir)           79.645          -3.070          -4.863         -17.713           89.425
  105 (vir)           81.163          -2.343          -4.192         -15.369           89.997
  106 (vir)           85.203          -1.361          -1.949         -12.384           94.277
  107 (vir)           85.203          -1.361          -1.949         -12.384           94.277
  108 (vir)           92.309          -3.108          -2.826         -13.856          100.232
  109 (vir)           92.309          -3.108          -2.826         -13.856          100.232
  110 (vir)           92.705          -2.029          -5.444         -17.145          102.377
  111 (vir)           94.905          -3.619          -5.411         -18.285          104.160
  112 (vir)          102.334          -2.041          -4.462         -17.641          113.472
  113 (vir)          102.334          -2.041          -4.462         -17.641          113.472
  114 (vir)          103.217          -1.941          -3.963         -15.932          113.246
  115 (vir)          119.033          -5.168         -12.843         -29.822          130.845
  116 (vir)          119.034          -5.168         -12.843         -29.822          130.846
  117 (vir)          120.234          -2.894          -8.812         -24.237          132.765
  118 (vir)          121.435          -5.290         -12.333         -29.115          132.927
  119 (vir)          121.435          -5.290         -12.333         -29.115          132.927
  120 (vir)          128.030          -1.230          -4.555         -19.378          141.623
  121 (vir)          128.030          -1.230          -4.555         -19.378          141.623
  122 (vir)          128.695          -2.565          -1.225         -12.693          137.597
  123 (vir)          128.695          -2.565          -1.225         -12.693          137.597
  124 (vir)          130.561          -2.565          -1.614         -13.858          140.241
  125 (vir)          130.561          -2.565          -1.614         -13.858          140.241
  126 (vir)          130.796          -2.827          -8.702         -25.178          144.446
  127 (vir)          141.773          -3.600          -3.446         -16.931          151.658
  128 (vir)          146.873          -0.191          -2.193         -15.497          159.985
  129 (vir)          146.873          -0.191          -2.193         -15.496          159.985
  130 (vir)          149.564          -1.826          -2.136         -15.343          160.945
  131 (vir)          149.564          -1.826          -2.136         -15.343          160.945
  132 (vir)          157.424          -0.704          -1.965         -15.571          170.327
  133 (vir)          157.425          -0.704          -1.965         -15.570          170.326
  134 (vir)          158.399           4.364          -1.711         -15.130          176.182
  135 (vir)          158.399           4.364          -1.711         -15.130          176.182
  136 (vir)          160.160          -0.862          -2.581         -16.824          173.541
  137 (vir)          160.160          -0.862          -2.581         -16.824          173.541
  138 (vir)          162.426          -1.517          -3.897         -18.796          175.808
  139 (vir)          163.062          -3.671          -2.115         -16.298          173.574
  140 (vir)          163.063          -3.672          -2.115         -16.297          173.573
  141 (vir)          179.152          -0.827          -5.293         -20.795          193.827
  142 (vir)          181.398          -2.997         -13.496         -30.971          195.876
  143 (vir)          181.398          -2.997         -13.496         -30.971          195.876
  144 (vir)          183.537          -3.225         -13.151         -30.613          197.773
  145 (vir)          183.538          -3.225         -13.151         -30.612          197.773
  146 (vir)          184.326           5.668          -1.669         -15.705          204.029
  147 (vir)          184.326           5.666          -1.669         -15.705          204.028
  148 (vir)          188.308          -2.449          -9.857         -26.943          202.945
  149 (vir)          188.308          -2.449          -9.857         -26.943          202.945
  150 (vir)          195.950           0.527          -1.748         -16.239          210.967
  151 (vir)          195.950           0.527          -1.748         -16.239          210.967
  152 (vir)          197.290          -2.937         -11.051         -28.602          211.904
  153 (vir)          198.601          -2.379          -5.133         -21.068          212.157
  154 (vir)          198.601          -2.379          -5.133         -21.068          212.157
  155 (vir)          201.610          -5.430          -4.016         -19.797          211.961
  156 (vir)          218.376          -0.084          -3.117         -18.708          233.884
  157 (vir)          223.523           2.406          -2.111         -17.748          241.566
  158 (vir)          223.524           2.405          -2.111         -17.748          241.565
  159 (vir)          227.531          -2.671          -2.346         -18.199          240.713
  160 (vir)          227.531          -2.671          -2.346         -18.199          240.713
  161 (vir)          227.679          -0.582          -2.358         -18.880          243.620
  162 (vir)          227.679          -0.582          -2.358         -18.880          243.620
  163 (vir)          235.502          -0.903          -2.488         -19.283          251.395
  164 (vir)          235.502          -0.905          -2.488         -19.283          251.393
  165 (vir)          242.239           4.887          -4.624         -22.124          264.625
  166 (vir)          250.754         -11.693          -2.673         -20.063          256.451
  167 (vir)          250.754         -11.694          -2.673         -20.062          256.450
  168 (vir)          256.426           2.878          -2.636         -20.009          276.678
  169 (vir)          256.426           2.878          -2.636         -20.009          276.678
  170 (vir)          258.433          -0.970          -6.758         -25.193          275.898
  171 (vir)          291.177           1.495          -4.724         -23.580          311.528
  172 (vir)          302.341           3.790          -2.563         -20.501          324.068
  173 (vir)          302.341           3.790          -2.563         -20.501          324.068
  174 (vir)          302.614           0.810         -17.743         -41.350          327.031
  175 (vir)          342.364           4.709          -6.011         -25.593          366.654
  176 (vir)          345.928           3.581          -9.371         -33.970          374.109
  177 (vir)          345.932           3.581          -9.371         -33.966          374.109
  178 (vir)          345.935           2.909          -9.427         -34.015          373.432
  179 (vir)          345.935           2.909          -9.427         -34.015          373.432
  180 (vir)          346.054           2.685          -9.423         -33.997          373.313
  181 (vir)          346.054           2.685          -9.423         -33.997          373.313
  182 (vir)          346.866           3.562          -9.282         -33.872          375.017
  183 (vir)          346.866           3.562          -9.282         -33.872          375.017
  184 (vir)          348.253           3.500          -9.106         -33.532          376.179
  185 (vir)          555.999           2.731         -14.707         -47.541          591.564
  186 (vir)          555.999           2.731         -14.707         -47.541          591.564
  187 (vir)          557.035           0.971         -14.702         -47.584          590.887
  188 (vir)          557.036           0.971         -14.702         -47.582          590.887
  189 (vir)          561.694           2.471         -14.419         -47.344          597.091
  190 (vir)          561.694           2.471         -14.419         -47.344          597.091
  191 (vir)          564.915          -5.605         -14.257         -47.202          592.255
  192 (vir)          762.782           0.893         -13.009         -46.307          796.974
  193 (vir)         1015.416           3.835         -15.613         -54.309         1057.946
  194 (vir)         1088.014           1.686         -29.765         -72.292         1132.226
  195 (vir)         3718.641           0.637         -53.040        -133.643         3799.882
  196 (vir)         3993.998           1.360         -14.820         -94.634         4075.173
  197 (vir)         5339.774           1.284         -17.693        -110.520         5433.885
  198 (vir)        24447.113           0.062        -109.430        -341.317        24679.061
