 
  kpoint:     0.0000    0.0000    0.0000
 
    n          ϵ_nk^DFT (eV)     Σ^c_nk (eV)     Σ^x_nk (eV)     v_n^xc (eV)   ϵ_nk^G0W0 (eV)
 
    1 (occ)         -385.270           2.829        -114.679         -72.604         -424.516
    2 (occ)         -382.527           2.699        -114.705         -72.593         -421.941
    3 (occ)         -382.055           2.724        -114.643         -72.587         -421.387
    4 (occ)          -28.846           7.181         -32.304         -21.022          -32.947
    5 (occ)          -24.648           5.770         -30.459         -20.840          -28.497
    6 (occ)          -15.618           2.722         -24.487         -17.838          -19.545
    7 (occ)          -12.692           2.647         -23.039         -17.182          -15.903
    8 (occ)          -12.692           2.501         -23.281         -17.403          -16.069
    9 (occ)          -10.999           2.989         -24.601         -18.093          -14.518
   10 (occ)           -8.113           0.677         -21.303         -16.961          -11.778
   11 (occ)           -6.777           0.122         -20.547         -16.811          -10.391
   12 (vir)           -2.040          -2.502         -10.576         -16.510            1.392
   13 (vir)           -0.941          -2.278         -11.150         -16.857            2.487
   14 (vir)           -0.241          -1.277          -2.662          -6.179            1.998
   15 (vir)            2.917          -1.146          -1.889          -5.052            4.935
   16 (vir)            3.596          -1.848          -4.099          -8.526            6.175
   17 (vir)            4.182          -1.240          -1.910          -5.514            6.546
   18 (vir)            4.232          -1.293          -2.230          -5.988            6.697
   19 (vir)            4.772          -2.159          -4.305          -9.228            7.536
   20 (vir)            5.863          -2.288          -4.256          -9.225            8.545
   21 (vir)            6.079          -1.193          -1.734          -5.248            8.400
   22 (vir)            6.520          -1.648          -2.332          -6.465            9.006
   23 (vir)            7.725          -1.407          -1.900          -5.916           10.334
   24 (vir)            8.394          -1.714          -1.395          -5.235           10.519
   25 (vir)            8.694          -1.353          -1.316          -5.026           11.052
   26 (vir)           10.120          -2.530          -3.713          -8.865           12.742
   27 (vir)           11.653          -2.146          -2.569          -7.789           14.727
   28 (vir)           14.099          -1.889          -2.121          -6.660           16.749
   29 (vir)           15.604          -1.962          -1.994          -6.314           17.962
   30 (vir)           16.000          -2.277          -2.611          -7.930           19.042
   31 (vir)           16.270          -2.614          -2.691          -8.483           19.447
   32 (vir)           17.047          -2.476          -2.861          -8.261           19.971
   33 (vir)           18.184          -5.015          -7.103         -15.535           21.601
   34 (vir)           21.122          -3.578          -3.673         -10.415           24.286
   35 (vir)           21.983          -2.796          -3.065          -9.036           25.157
   36 (vir)           22.423          -2.807          -1.901          -7.709           25.424
   37 (vir)           23.296          -3.414          -2.166          -8.371           26.087
   38 (vir)           23.979          -2.990          -2.708          -8.840           27.120
   39 (vir)           26.016          -3.940          -3.047         -10.138           29.167
   40 (vir)           26.200          -4.230          -3.131         -10.301           29.140
   41 (vir)           26.207          -2.873          -2.644          -9.112           29.801
   42 (vir)           27.134          -3.994          -2.797          -9.818           30.161
   43 (vir)           28.008          -4.279          -3.189         -10.531           31.072
   44 (vir)           28.598          -3.583          -2.896         -10.301           32.420
   45 (vir)           29.181          -3.137          -2.693          -9.966           33.317
   46 (vir)           29.455          -3.874          -2.622          -9.824           32.782
   47 (vir)           30.009          -4.651          -3.570         -11.718           33.506
   48 (vir)           30.462          -4.177          -3.236         -11.103           34.152
   49 (vir)           34.834          -3.244          -2.153          -9.167           38.605
   50 (vir)           35.820          -3.117          -2.389          -9.371           39.685
   51 (vir)           35.837          -3.080          -1.771          -8.648           39.635
   52 (vir)           37.629          -3.123          -2.277          -9.322           41.551
   53 (vir)           38.843          -4.392          -3.038         -10.310           41.723
   54 (vir)           40.325          -2.366          -3.037         -10.960           45.883
   55 (vir)           40.360          -2.288          -2.748          -9.724           45.049
   56 (vir)           42.137          -1.983          -2.200          -9.380           47.333
   57 (vir)           47.949          -2.248          -2.053          -9.720           53.367
   58 (vir)           50.745          -1.792          -1.880         -10.175           57.248
   59 (vir)           54.869          -1.816          -2.444         -11.426           62.035
   60 (vir)           55.735          -1.982          -2.737         -11.847           62.863
   61 (vir)           57.582          -1.580          -1.947         -11.160           65.215
   62 (vir)           57.788          -1.421          -2.019         -11.223           65.571
   63 (vir)           61.104          -1.043          -2.030         -10.560           68.591
   64 (vir)           61.665          -1.591          -2.799         -12.154           69.429
   65 (vir)           62.690          -1.391          -2.790         -12.166           70.674
   66 (vir)           63.261          -1.446          -2.355         -11.452           70.912
   67 (vir)           63.767          -1.359          -2.651         -11.755           71.512
   68 (vir)           64.224          -1.424          -3.194         -12.569           72.175
   69 (vir)           66.353          -1.169          -2.467         -12.337           75.055
   70 (vir)           67.041          -1.444          -3.014         -13.009           75.592
   71 (vir)           68.690          -1.318          -3.956         -14.924           78.340
   72 (vir)           69.306          -1.556          -3.682         -14.456           78.525
   73 (vir)           70.001          -1.343          -2.197         -11.449           77.911
   74 (vir)           70.528          -1.597          -3.466         -13.766           79.232
   75 (vir)           71.200          -1.294          -3.054         -13.508           80.360
   76 (vir)           71.273          -0.692          -2.745         -12.990           80.826
   77 (vir)           73.882          -1.333          -2.072         -11.263           81.740
   78 (vir)           75.226          -1.370          -3.019         -13.344           84.181
   79 (vir)           75.647          -0.900          -2.739         -13.355           85.363
   80 (vir)           76.154          -1.142          -2.890         -13.293           85.415
   81 (vir)           77.536          -1.624          -2.984         -13.333           86.262
   82 (vir)           78.488          -0.824          -2.497         -13.024           88.191
   83 (vir)           78.975          -1.002          -2.478         -12.812           88.308
   84 (vir)           80.765          -1.690          -3.881         -15.255           90.449
   85 (vir)           81.903          -1.095          -2.826         -13.712           91.694
   86 (vir)           82.181          -0.854          -2.524         -13.352           92.155
   87 (vir)           82.591          -1.253          -3.100         -13.960           92.198
   88 (vir)           85.066          -1.107          -2.895         -14.192           95.256
   89 (vir)           85.069          -1.449          -3.243         -14.602           94.979
   90 (vir)           86.420          -0.894          -3.348         -14.303           96.481
   91 (vir)           87.501          -4.207          -3.901         -14.981           94.374
   92 (vir)           91.509          -0.409          -2.329         -13.241          102.011
   93 (vir)           93.093          -1.616          -3.793         -15.987          103.671
   94 (vir)           93.892          -0.646          -3.076         -14.352          104.522
   95 (vir)           94.769          -1.735          -3.890         -15.679          104.823
   96 (vir)           99.954          -1.154          -4.846         -18.733          112.687
   97 (vir)          100.922          -0.781          -4.182         -16.928          112.886
   98 (vir)          101.827          -0.480          -2.147         -13.611          112.811
   99 (vir)          102.631          -1.144          -5.065         -19.217          115.640
  100 (vir)          103.016          -0.858          -3.984         -17.032          115.206
  101 (vir)          103.058          -0.901          -3.962         -17.235          115.430
  102 (vir)          104.747          -0.539          -3.562         -16.179          116.825
  103 (vir)          107.473          -2.351          -3.330         -15.265          117.057
  104 (vir)          110.517          -0.641          -3.952         -17.113          123.038
  105 (vir)          113.885          -0.449          -3.161         -15.774          126.049
  106 (vir)          120.925          -0.733          -3.566         -17.491          134.118
  107 (vir)          122.646          -0.897          -4.425         -19.236          136.560
  108 (vir)          129.608          -0.324          -3.202         -16.698          142.780
  109 (vir)          140.028          -0.339          -6.110         -23.046          156.626
  110 (vir)          148.925          -0.280          -3.474         -17.846          163.018
  111 (vir)          150.705          -0.668          -3.439         -17.911          164.509
  112 (vir)          154.725           0.089          -1.849         -13.945          166.910
  113 (vir)          155.043           0.153          -1.903         -14.175          167.468
  114 (vir)          162.070           0.282          -1.778         -14.925          175.500
  115 (vir)          166.316          -0.097          -2.146         -15.648          179.720
  116 (vir)          167.275           0.052          -1.980         -15.502          180.849
  117 (vir)          170.051          -0.079          -2.053         -16.017          183.936
  118 (vir)          170.637          -0.729          -3.364         -18.511          185.055
  119 (vir)          174.773          -0.329          -2.418         -17.093          189.120
  120 (vir)          175.390           0.388          -1.763         -15.669          189.684
  121 (vir)          175.772           0.303          -1.844         -15.806          190.037
  122 (vir)          178.094          -0.051          -2.018         -16.112          192.137
  123 (vir)          180.683          -0.327          -1.988         -15.981          194.349
  124 (vir)          184.469          -0.036          -1.896         -16.026          198.564
  125 (vir)          185.219          -0.168          -2.056         -16.089          199.084
  126 (vir)          185.246           0.169          -1.663         -15.744          199.495
  127 (vir)          186.003          -0.169          -2.606         -17.107          200.335
  128 (vir)          188.330          -0.514          -2.803         -18.130          203.143
  129 (vir)          188.471          -0.473          -2.704         -17.011          202.306
  130 (vir)          189.035          -0.123          -2.211         -16.830          203.532
  131 (vir)          193.661          -0.236          -4.495         -21.050          209.980
  132 (vir)          194.913           0.135          -1.326         -13.781          207.503
  133 (vir)          195.011           0.047          -3.327         -19.417          211.148
  134 (vir)          198.576          -0.444          -2.533         -17.816          213.416
  135 (vir)          199.258          -0.155          -2.327         -17.004          213.780
  136 (vir)          200.692          -0.054          -2.185         -16.947          215.400
  137 (vir)          201.206          -0.094          -2.097         -16.709          215.724
  138 (vir)          202.029           0.109          -2.048         -16.298          216.388
  139 (vir)          204.250           0.191          -1.660         -15.636          218.417
  140 (vir)          205.857           0.069          -1.743         -15.109          219.293
  141 (vir)          209.572           0.334          -1.056         -13.523          222.373
  142 (vir)          209.721           0.224          -1.371         -14.362          222.936
  143 (vir)          213.152           0.237          -1.735         -15.996          227.651
  144 (vir)          213.534          -0.450          -1.854         -16.577          227.808
  145 (vir)          216.436          -0.414          -1.602         -15.462          229.882
  146 (vir)          218.319          -0.361          -1.922         -16.627          232.662
  147 (vir)          218.811          -0.657          -2.156         -17.533          233.531
  148 (vir)          221.229          -0.917          -2.435         -18.831          236.708
  149 (vir)          221.367          -0.949          -2.410         -18.656          236.664
  150 (vir)          223.823          -0.769          -2.185         -17.816          238.686
  151 (vir)          224.958          -0.846          -2.292         -18.155          239.974
  152 (vir)          226.737          -1.052          -2.376         -18.840          242.148
  153 (vir)          226.775          -0.893          -2.377         -18.405          241.910
  154 (vir)          226.998          -1.025          -2.312         -18.346          242.006
  155 (vir)          227.855          -0.757          -2.268         -18.290          243.121
  156 (vir)          228.035          -1.039          -2.173         -17.667          242.490
  157 (vir)          228.310          -0.910          -2.608         -18.824          243.616
  158 (vir)          231.938          -1.041          -2.591         -19.143          247.448
  159 (vir)          233.476          -0.576          -1.876         -16.785          247.809
  160 (vir)          234.914          -0.956          -2.577         -19.417          250.798
  161 (vir)          235.115          -1.016          -2.585         -18.670          250.185
  162 (vir)          235.574          -0.950          -2.616         -19.333          251.341
  163 (vir)          237.648          -0.902          -2.663         -19.543          253.626
  164 (vir)          239.416          -0.905          -2.720         -19.628          255.420
  165 (vir)          240.160          -0.532          -2.551         -19.497          256.574
  166 (vir)          240.767          -0.700          -2.405         -18.957          256.618
  167 (vir)          242.638          -0.791          -2.820         -20.370          259.397
  168 (vir)          243.787          -1.159          -2.777         -19.890          259.741
  169 (vir)          244.421          -0.372          -2.678         -19.396          260.767
  170 (vir)          244.656          -1.053          -2.624         -19.661          260.641
  171 (vir)          247.278          -1.314          -3.305         -20.833          263.492
  172 (vir)          250.271          -0.982          -3.146         -20.078          266.221
  173 (vir)          250.454          -1.055          -2.736         -19.941          266.604
  174 (vir)          255.705          -1.095          -3.705         -21.320          272.225
  175 (vir)          259.649          -0.587          -3.196         -20.386          276.252
  176 (vir)          260.576          -0.840          -2.820         -20.401          277.317
  177 (vir)          263.642          -0.596          -5.974         -24.279          281.350
  178 (vir)          265.776          -0.827          -2.808         -20.637          282.778
  179 (vir)          267.705          -0.762          -4.911         -23.121          285.153
  180 (vir)          270.475          -0.792          -2.829         -20.217          287.072
  181 (vir)          274.199          -0.593          -2.088         -19.145          290.663
  182 (vir)          275.025          -0.732          -3.857         -21.925          292.361
  183 (vir)          280.288          -0.809          -2.675         -20.052          296.857
  184 (vir)          287.062          -0.622          -5.742         -24.009          304.707
  185 (vir)          299.459          -0.621          -2.816         -20.359          316.381
  186 (vir)          304.427          -1.366          -2.674         -21.157          321.544
  187 (vir)          308.798          -0.459          -2.628         -20.884          326.595
  188 (vir)          311.196          -0.645          -1.742         -17.853          326.661
  189 (vir)          314.268          -0.319          -1.894         -18.095          330.150
  190 (vir)          330.595          -0.500          -4.036         -23.477          349.537
  191 (vir)          355.753          -0.472          -2.449         -21.371          374.204
  192 (vir)          357.047          -0.550          -2.277         -21.122          375.342
  193 (vir)          377.685          -0.688          -4.165         -24.900          397.732
  194 (vir)          393.996          -0.522          -3.266         -21.216          411.424
  195 (vir)          412.896          -0.743          -5.257         -25.958          432.854
  196 (vir)          995.899          -1.196         -15.663         -54.354         1033.394
  197 (vir)         1023.259          -1.166         -15.310         -54.038         1060.821
  198 (vir)         1051.107          -1.165         -14.938         -53.809         1088.813
  199 (vir)         5318.150          -1.825         -17.734        -110.543         5409.133
  200 (vir)         5347.284          -1.816         -17.620        -110.448         5438.296
  201 (vir)         5376.236          -1.817         -17.513        -110.386         5467.293
