 
  kpoint:     0.0000    0.0000    0.0000
 
    n          ϵ_nk^DFT (eV)     Σ^c_nk (eV)     Σ^x_nk (eV)     v_n^xc (eV)   ϵ_nk^G0W0 (eV)
 
    1 (occ)         -829.739           2.882        -168.970        -106.310         -889.516
    2 (occ)          -36.246           7.000         -46.547         -29.644          -46.150
    3 (occ)          -13.314           3.294         -37.419         -26.964          -20.474
    4 (occ)          -13.314           3.294         -37.419         -26.964          -20.474
    5 (occ)          -13.314           3.294         -37.419         -26.964          -20.474
    6 (vir)            7.998          -0.222          -2.661          -6.528           11.643
    7 (vir)            7.998          -0.222          -2.661          -6.528           11.643
    8 (vir)            7.998          -0.222          -2.661          -6.528           11.643
    9 (vir)           15.028          -1.156          -5.178         -11.581           20.275
   10 (vir)           41.995          -1.915          -5.624         -14.138           48.595
   11 (vir)           41.995          -1.915          -5.624         -14.138           48.595
   12 (vir)           41.995          -1.915          -5.624         -14.138           48.595
   13 (vir)           45.116          -1.457          -5.322         -14.057           52.395
   14 (vir)           45.116          -1.457          -5.322         -14.057           52.395
   15 (vir)           45.116          -1.457          -5.322         -14.057           52.395
   16 (vir)           45.116          -1.457          -5.322         -14.057           52.395
   17 (vir)           45.116          -1.457          -5.322         -14.057           52.395
   18 (vir)          109.878          -4.119          -9.935         -24.369          120.194
   19 (vir)          145.302          -3.969          -3.921         -18.552          155.965
   20 (vir)          145.302          -3.969          -3.921         -18.552          155.965
   21 (vir)          145.302          -3.969          -3.921         -18.552          155.965
   22 (vir)          145.302          -3.969          -3.921         -18.552          155.965
   23 (vir)          145.302          -3.969          -3.921         -18.552          155.965
   24 (vir)          145.302          -3.969          -3.921         -18.552          155.965
   25 (vir)          145.302          -3.969          -3.921         -18.552          155.965
   26 (vir)          153.443          -5.467         -10.426         -29.220          166.769
   27 (vir)          153.443          -5.467         -10.426         -29.220          166.769
   28 (vir)          153.443          -5.467         -10.426         -29.220          166.769
   29 (vir)          166.188          -3.817          -8.663         -25.651          179.359
   30 (vir)          166.188          -3.817          -8.663         -25.651          179.359
   31 (vir)          166.188          -3.817          -8.663         -25.651          179.359
   32 (vir)          166.188          -3.817          -8.663         -25.651          179.359
   33 (vir)          166.188          -3.817          -8.663         -25.651          179.359
   34 (vir)          383.182          -3.416          -3.538         -24.937          401.164
   35 (vir)          383.182          -3.416          -3.538         -24.937          401.164
   36 (vir)          383.182          -3.416          -3.538         -24.937          401.164
   37 (vir)          383.182          -3.416          -3.538         -24.937          401.164
   38 (vir)          383.182          -3.416          -3.538         -24.937          401.164
   39 (vir)          383.182          -3.416          -3.538         -24.937          401.164
   40 (vir)          383.182          -3.416          -3.538         -24.937          401.164
   41 (vir)          383.182          -3.416          -3.538         -24.937          401.164
   42 (vir)          383.182          -3.416          -3.538         -24.937          401.164
   43 (vir)          465.508          -0.433         -14.816         -42.199          492.460
   44 (vir)          511.175          -2.498          -5.588         -32.057          535.146
   45 (vir)          511.175          -2.498          -5.588         -32.057          535.146
   46 (vir)          511.175          -2.498          -5.588         -32.057          535.146
   47 (vir)          511.175          -2.498          -5.588         -32.057          535.146
   48 (vir)          511.175          -2.498          -5.588         -32.057          535.146
   49 (vir)          511.175          -2.498          -5.588         -32.057          535.146
   50 (vir)          511.175          -2.498          -5.588         -32.057          535.146
   51 (vir)          540.880          -3.469          -7.215         -35.607          565.802
   52 (vir)          540.880          -3.469          -7.215         -35.607          565.802
   53 (vir)          540.880          -3.469          -7.215         -35.607          565.802
   54 (vir)          540.880          -3.469          -7.215         -35.607          565.802
   55 (vir)          540.880          -3.469          -7.215         -35.607          565.802
   56 (vir)         1725.688          -1.446         -22.876         -74.569         1775.934
   57 (vir)         9175.721          -1.915         -27.552        -152.929         9299.183
