 
  kpoint:     0.0000    0.0000    0.0000
 
    n          ϵ_nk^DFT (eV)     Σ^c_nk (eV)     Σ^x_nk (eV)     v_n^xc (eV)   ϵ_nk^G0W0 (eV)
 
    1 (occ)         -510.046           2.833        -132.581         -83.740         -556.054
    2 (occ)         -509.827           2.829        -132.583         -83.740         -555.841
    3 (occ)         -382.838           3.232        -114.616         -72.597         -421.625
    4 (occ)         -382.316           3.206        -114.626         -72.598         -421.138
    5 (occ)         -273.135           4.112         -96.861         -61.526         -304.358
    6 (occ)         -272.244           4.075         -96.870         -61.528         -303.510
    7 (occ)         -271.422           3.939         -96.887         -61.541         -302.829
    8 (occ)         -269.798           3.929         -96.897         -61.551         -301.215
    9 (occ)          -27.126           8.059         -31.820         -20.350          -30.537
   10 (occ)          -26.172           8.185         -33.048         -21.464          -29.571
   11 (occ)          -24.697           7.314         -30.537         -20.022          -27.899
   12 (occ)          -23.296           6.794         -29.690         -19.661          -26.531
   13 (occ)          -20.016           5.734         -26.594         -17.755          -23.121
   14 (occ)          -17.385           4.021         -24.636         -17.365          -20.636
   15 (occ)          -16.657           3.884         -25.502         -18.360          -19.914
   16 (occ)          -15.044           3.110         -23.314         -16.844          -18.403
   17 (occ)          -14.004           3.006         -23.594         -17.550          -17.042
   18 (occ)          -13.038           2.161         -22.364         -16.623          -16.617
   19 (occ)          -12.020           3.218         -21.012         -15.310          -14.504
   20 (occ)          -11.693           2.700         -23.691         -17.662          -15.022
   21 (occ)          -11.114           3.116         -25.017         -18.525          -14.491
   22 (occ)          -10.418           2.490         -23.937         -18.090          -13.775
   23 (occ)          -10.235           3.147         -25.596         -19.276          -13.407
   24 (occ)          -10.109           2.610         -21.454         -16.369          -12.584
   25 (occ)           -9.275           1.896         -20.343         -15.802          -11.920
   26 (occ)           -7.119           1.731         -22.960         -18.504           -9.845
   27 (occ)           -7.089           3.099         -25.637         -19.561          -10.065
   28 (occ)           -6.372           0.465         -19.479         -16.317           -9.069
   29 (occ)           -6.258           2.973         -25.749         -19.836           -9.198
   30 (vir)           -2.413          -2.629          -9.935         -14.975           -0.002
   31 (vir)           -1.128          -3.135         -10.600         -16.220            1.357
   32 (vir)           -0.713          -1.500          -2.597          -6.005            1.195
   33 (vir)            0.384          -1.464          -2.577          -5.939            2.282
   34 (vir)            0.540          -1.419          -2.367          -5.637            2.390
   35 (vir)            1.297          -1.557          -2.556          -6.030            3.214
   36 (vir)            1.454          -4.476          -8.283         -14.973            3.669
   37 (vir)            1.741          -1.633          -2.430          -6.009            3.687
   38 (vir)            2.059          -1.315          -1.228          -4.225            3.742
   39 (vir)            2.219          -1.551          -2.208          -5.543            4.002
   40 (vir)            2.721          -1.981          -3.623          -7.739            4.855
   41 (vir)            3.003          -1.583          -2.413          -5.991            4.997
   42 (vir)            3.369          -1.282          -1.336          -4.377            5.128
   43 (vir)            3.903          -2.538          -5.168          -9.996            6.194
   44 (vir)            3.935          -1.571          -1.707          -5.054            5.711
   45 (vir)            4.275          -2.002          -3.344          -7.381            6.310
   46 (vir)            4.353          -1.866          -3.070          -6.917            6.335
   47 (vir)            4.907          -2.924          -5.312         -10.583            7.254
   48 (vir)            5.144          -2.938          -5.876         -11.188            7.518
   49 (vir)            5.430          -1.474          -1.315          -4.599            7.240
   50 (vir)            5.650          -3.369          -6.198         -11.949            8.032
   51 (vir)            5.774          -1.814          -2.444          -6.192            7.708
   52 (vir)            6.407          -2.520          -4.477          -9.309            8.719
   53 (vir)            6.477          -1.827          -1.942          -5.771            8.479
   54 (vir)            6.498          -2.319          -4.055          -8.602            8.726
   55 (vir)            7.159          -2.564          -4.095          -8.894            9.394
   56 (vir)            7.464          -2.136          -3.044          -7.232            9.515
   57 (vir)            7.698          -2.664          -3.241          -8.324           10.117
   58 (vir)            7.934          -2.115          -2.617          -6.700            9.901
   59 (vir)            8.363          -2.257          -3.198          -7.612           10.520
   60 (vir)            8.545          -1.769          -1.709          -5.512           10.579
   61 (vir)            8.830          -1.804          -1.994          -5.807           10.839
   62 (vir)            9.148          -2.489          -3.658          -8.497           11.498
   63 (vir)            9.539          -1.710          -1.928          -5.825           11.726
   64 (vir)            9.803          -2.422          -2.820          -7.323           11.884
   65 (vir)           10.034          -2.566          -3.387          -8.360           12.441
   66 (vir)           10.394          -2.120          -2.481          -6.854           12.647
   67 (vir)           10.672          -1.906          -2.181          -6.211           12.797
   68 (vir)           10.824          -2.017          -2.016          -6.210           13.002
   69 (vir)           11.020          -1.812          -1.615          -5.544           13.137
   70 (vir)           11.150          -3.143          -3.914          -9.305           13.399
   71 (vir)           11.626          -3.991          -4.940         -11.497           14.192
   72 (vir)           12.026          -2.570          -3.192          -8.695           14.960
   73 (vir)           12.279          -2.500          -2.652          -7.329           14.456
   74 (vir)           12.849          -2.213          -2.604          -7.065           15.097
   75 (vir)           13.092          -2.018          -1.775          -5.893           15.192
   76 (vir)           13.770          -2.963          -2.300          -7.597           16.104
   77 (vir)           13.902          -3.330          -4.232         -10.032           16.372
   78 (vir)           14.258          -3.126          -3.542          -9.009           16.599
   79 (vir)           14.650          -3.094          -2.137          -7.350           16.769
   80 (vir)           14.952          -4.184          -5.155         -11.868           17.481
   81 (vir)           15.621          -3.432          -2.414          -8.093           17.868
   82 (vir)           15.648          -3.151          -3.505          -9.063           18.054
   83 (vir)           16.015          -3.637          -3.551          -9.561           18.388
   84 (vir)           16.425          -2.964          -2.666          -7.997           18.792
   85 (vir)           16.609          -3.019          -2.801          -8.241           19.030
   86 (vir)           17.774          -3.527          -2.401          -8.400           20.246
   87 (vir)           17.778          -3.060          -2.906          -8.331           20.143
   88 (vir)           18.009          -3.813          -2.416          -8.469           20.248
   89 (vir)           18.228          -4.302          -4.091         -10.941           20.776
   90 (vir)           18.558          -4.216          -2.100          -7.985           20.226
   91 (vir)           19.048          -3.976          -2.059          -7.960           20.973
   92 (vir)           19.053          -3.125          -2.514          -8.012           21.425
   93 (vir)           19.978          -3.264          -3.081          -8.887           22.519
   94 (vir)           20.012          -3.395          -2.181          -7.995           22.431
   95 (vir)           20.508          -2.724          -1.518          -6.617           22.883
   96 (vir)           20.665          -3.738          -2.174          -8.302           23.055
   97 (vir)           21.365          -3.200          -2.630          -8.256           23.791
   98 (vir)           21.815          -3.387          -2.476          -8.239           24.191
   99 (vir)           21.908          -3.699          -2.837          -8.989           24.361
  100 (vir)           22.462          -3.513          -2.660          -8.468           24.757
  101 (vir)           22.632          -3.647          -2.123          -8.232           25.094
  102 (vir)           22.912          -3.853          -2.743          -9.130           25.446
  103 (vir)           23.076          -3.638          -2.462          -8.424           25.400
  104 (vir)           23.447          -3.477          -1.625          -7.417           25.763
  105 (vir)           23.964          -3.253          -2.512          -8.265           26.464
  106 (vir)           24.140          -3.317          -1.666          -7.489           26.647
  107 (vir)           24.488          -3.518          -2.639          -8.611           26.941
  108 (vir)           24.929          -3.417          -2.485          -8.460           27.487
  109 (vir)           25.474          -3.927          -2.243          -8.557           27.862
  110 (vir)           25.650          -3.353          -2.159          -8.034           28.172
  111 (vir)           25.745          -3.090          -2.266          -8.117           28.505
  112 (vir)           26.181          -3.317          -2.432          -8.236           28.668
  113 (vir)           26.807          -3.373          -2.416          -8.396           29.414
  114 (vir)           27.389           2.134          -3.481         -10.638           36.680
  115 (vir)           27.535          -3.339          -2.070          -8.127           30.253
  116 (vir)           27.902          -3.807          -3.358         -10.663           31.401
  117 (vir)           28.064          -3.362          -1.710          -7.609           30.601
  118 (vir)           28.727          -3.885          -2.986          -9.991           31.847
  119 (vir)           29.024          -3.255          -2.435          -8.665           31.999
  120 (vir)           29.731          -3.542          -2.668          -9.367           32.889
  121 (vir)           30.047          -3.943          -2.232          -8.955           32.827
  122 (vir)           30.784          -3.042          -1.736          -7.442           33.447
  123 (vir)           30.869          -3.230          -2.933         -10.266           34.972
  124 (vir)           31.740          -4.668          -2.669          -9.991           34.395
  125 (vir)           32.045          -3.360          -2.121          -8.562           35.126
  126 (vir)           32.569          -3.489          -2.104          -8.560           35.536
  127 (vir)           33.191          -2.823          -1.435          -7.254           36.187
  128 (vir)           33.443          -3.254          -1.811          -7.844           36.222
  129 (vir)           34.095          -3.016          -2.445          -8.816           37.450
  130 (vir)           35.222          -3.745          -2.689          -9.860           38.648
  131 (vir)           35.718          -3.520          -3.149         -10.809           39.858
  132 (vir)           36.040          -4.043          -2.955         -10.335           39.378
  133 (vir)           36.603          -3.763          -3.206         -10.610           40.244
  134 (vir)           37.179          -4.196          -2.670         -10.102           40.416
  135 (vir)           37.403          -3.625          -3.370         -11.083           41.491
  136 (vir)           37.704          -4.238          -3.161         -11.071           41.376
  137 (vir)           37.787          -3.248          -3.544         -11.060           42.054
  138 (vir)           38.410          -3.982          -3.025         -10.417           41.819
  139 (vir)           38.947          -4.061          -3.084         -10.824           42.625
  140 (vir)           39.483          -3.802          -2.791         -10.490           43.380
  141 (vir)           39.649          -3.616          -2.728         -10.566           43.871
  142 (vir)           39.725          -3.449          -3.644         -11.257           43.888
  143 (vir)           40.280          -3.198          -2.636         -10.075           44.520
  144 (vir)           40.622          -4.504          -3.469         -12.083           44.733
  145 (vir)           41.040          -3.772          -2.834         -10.712           45.147
  146 (vir)           41.443          -3.854          -3.156         -11.478           45.910
  147 (vir)           42.357          -3.109          -3.015         -11.126           47.359
  148 (vir)           43.240          -3.123          -2.912         -10.737           47.942
  149 (vir)           43.371          -3.259          -2.651         -11.026           48.488
  150 (vir)           44.242          -3.291          -2.945         -10.869           48.876
  151 (vir)           44.460          -1.082          -3.263         -11.915           52.030
  152 (vir)           44.632          -3.463          -2.266         -10.544           49.447
  153 (vir)           44.733          -3.147          -2.867         -11.241           49.960
  154 (vir)           45.472          -3.053          -2.664         -10.783           50.539
  155 (vir)           46.894          -3.233          -2.679         -10.762           51.744
  156 (vir)           47.409          -2.740          -2.310         -10.528           52.886
  157 (vir)           47.552          -2.735          -2.430         -10.785           53.172
  158 (vir)           48.150          -3.098          -2.441         -11.035           53.646
  159 (vir)           48.180          -2.941          -2.456         -10.571           53.355
  160 (vir)           48.288          -3.110          -2.622         -10.831           53.387
  161 (vir)           48.600          -2.665          -2.452         -10.354           53.839
  162 (vir)           49.360          -3.465          -2.788         -11.450           54.557
  163 (vir)           49.970          -2.622          -2.341         -10.475           55.482
  164 (vir)           50.133          -2.971          -2.511         -11.473           56.123
  165 (vir)           50.715          -3.214          -2.465         -10.799           55.834
  166 (vir)           51.318          -2.792          -2.137         -10.695           57.084
  167 (vir)           51.535          -2.796          -2.905         -11.621           57.455
  168 (vir)           51.959          -2.691          -2.849         -11.333           57.753
  169 (vir)           51.998          -2.154          -2.239         -10.805           58.410
  170 (vir)           52.163          -2.879          -2.832         -11.392           57.844
  171 (vir)           52.337          -2.757          -2.689         -11.033           57.924
  172 (vir)           52.654          -2.758          -2.020         -10.704           58.579
  173 (vir)           52.942          -2.636          -2.400         -11.486           59.392
  174 (vir)           53.025          -2.486          -2.493         -10.953           58.998
  175 (vir)           53.482          -2.190          -2.149         -11.004           60.147
  176 (vir)           54.527          -2.450          -2.606         -11.203           60.674
  177 (vir)           55.263          -2.363          -2.566         -11.227           61.560
  178 (vir)           55.447          -2.158          -2.160         -10.321           61.451
  179 (vir)           55.548          -2.621          -2.212         -10.986           61.701
  180 (vir)           55.976          -2.039          -2.023         -10.686           62.599
  181 (vir)           56.898          -2.440          -2.790         -11.633           63.301
  182 (vir)           57.827          -2.361          -1.773         -10.437           64.130
  183 (vir)           57.866          -2.510          -2.869         -12.279           64.766
  184 (vir)           58.283          -2.439          -2.432         -11.314           64.725
  185 (vir)           59.211          -1.992          -2.518         -11.497           66.198
  186 (vir)           59.260          -1.700          -1.620         -10.065           66.005
  187 (vir)           59.464          -2.068          -2.367         -11.095           66.125
  188 (vir)           60.349          -1.660          -2.324         -11.065           67.429
  189 (vir)           60.409          -1.999          -2.184         -11.274           67.500
  190 (vir)           60.744          -1.628          -1.654         -10.172           67.634
  191 (vir)           60.781          -1.982          -2.229         -11.233           67.803
  192 (vir)           61.176          -2.550          -2.493         -11.590           67.722
  193 (vir)           61.537          -1.823          -1.797         -10.366           68.282
  194 (vir)           62.029          -2.234          -2.626         -11.556           68.724
  195 (vir)           62.675          -1.905          -3.012         -12.644           70.402
  196 (vir)           62.888          -1.752          -2.196         -11.379           70.319
  197 (vir)           63.763          -1.798          -2.739         -12.059           71.285
  198 (vir)           63.818          -1.080          -1.972         -10.797           71.562
  199 (vir)           64.520          -2.182          -2.207         -11.121           71.253
  200 (vir)           64.621          -1.008          -1.784         -10.453           72.283
  201 (vir)           64.868          -1.824          -2.545         -11.850           72.349
  202 (vir)           65.949          -1.860          -2.652         -11.780           73.217
  203 (vir)           66.597          -1.707          -2.378         -12.052           74.564
  204 (vir)           66.844          -0.948          -1.711         -10.344           74.530
  205 (vir)           67.474          -0.945          -1.793         -10.307           75.043
  206 (vir)           67.506          -1.523          -2.133         -10.976           74.826
  207 (vir)           67.754          -1.019          -2.646         -12.051           76.141
  208 (vir)           68.688          -1.264          -2.425         -11.745           76.744
  209 (vir)           69.092          -1.125          -1.894         -11.197           77.270
  210 (vir)           69.784          -0.829          -1.999         -10.788           77.742
  211 (vir)           69.846          -1.772          -2.768         -13.124           78.429
  212 (vir)           70.065          -1.033          -1.748         -10.508           77.792
  213 (vir)           70.361          -1.206          -2.180         -11.311           78.286
  214 (vir)           70.557          -1.300          -2.529         -12.171           78.899
  215 (vir)           70.671          -1.232          -2.544         -12.096           78.991
  216 (vir)           71.294          -1.185          -2.085         -11.231           79.255
  217 (vir)           71.532          -1.483          -2.969         -13.196           80.276
  218 (vir)           71.881          -1.370          -2.219         -11.489           79.781
  219 (vir)           72.410          -1.059          -1.813         -10.603           80.141
  220 (vir)           73.799          -1.429          -2.952         -13.513           82.931
  221 (vir)           74.193          -1.002          -2.724         -12.609           83.077
  222 (vir)           74.874          -1.213          -2.097         -11.281           82.845
  223 (vir)           75.130          -1.437          -2.407         -12.422           83.708
  224 (vir)           75.515          -1.601          -2.471         -12.001           83.443
  225 (vir)           76.058          -1.244          -2.733         -12.700           84.780
  226 (vir)           77.043          -1.070          -2.168         -11.333           85.138
  227 (vir)           77.362          -1.267          -2.522         -12.606           86.179
  228 (vir)           78.148          -1.185          -2.733         -13.364           87.594
  229 (vir)           78.211          -1.108          -2.680         -12.841           87.265
  230 (vir)           79.301          -1.113          -2.343         -12.035           87.880
  231 (vir)           79.899          -1.451          -2.733         -12.784           88.499
  232 (vir)           79.943          -0.940          -2.579         -13.270           89.695
  233 (vir)           80.521          -1.022          -2.316         -12.006           89.188
  234 (vir)           80.934          -2.254          -2.851         -13.837           89.666
  235 (vir)           81.421          -1.432          -2.467         -12.375           89.898
  236 (vir)           81.586          -1.799          -2.940         -14.193           91.040
  237 (vir)           83.775          -0.939          -2.681         -13.022           93.177
  238 (vir)           84.538          -2.079          -3.048         -13.817           93.228
  239 (vir)           85.150          -1.001          -3.265         -14.349           95.234
  240 (vir)           85.627          -0.717          -2.502         -13.643           96.052
  241 (vir)           85.636          -0.844          -2.384         -12.586           94.994
  242 (vir)           86.642           0.607          -2.502         -13.482           98.229
  243 (vir)           86.891          -1.057          -2.374         -12.485           95.945
  244 (vir)           87.613          -1.259          -2.726         -14.055           97.683
  245 (vir)           88.060          -0.863          -2.910         -14.124           98.412
  246 (vir)           89.051          -0.689          -2.640         -13.766           99.488
  247 (vir)           89.221          -1.381          -2.714         -13.644           98.770
  248 (vir)           89.534          -0.786          -2.435         -13.362           99.675
  249 (vir)           89.652          -1.103          -2.701         -13.471           99.319
  250 (vir)           90.299          -0.961          -2.734         -13.632          100.237
  251 (vir)           90.423          -0.507          -2.262         -12.291           99.945
  252 (vir)           91.398          -1.345          -3.235         -14.566          101.385
  253 (vir)           92.273          -1.025          -3.082         -14.321          102.487
  254 (vir)           93.512          -1.339          -2.519         -13.333          102.987
  255 (vir)           93.707          -1.117          -3.072         -15.065          104.583
  256 (vir)           93.791          -1.200          -3.237         -14.753          104.107
  257 (vir)           94.628          -1.115          -2.910         -14.732          105.336
  258 (vir)           95.107          -0.789          -2.484         -13.384          105.217
  259 (vir)           95.509          -1.030          -2.550         -13.783          105.712
  260 (vir)           95.711          -1.206          -3.467         -15.156          106.195
  261 (vir)           96.352          -1.175          -2.551         -13.560          106.185
  262 (vir)           96.714          -1.040          -3.196         -14.858          107.336
  263 (vir)           97.565          -0.834          -2.697         -14.495          108.529
  264 (vir)           97.630          -0.849          -2.939         -14.260          108.103
  265 (vir)           99.906          -0.967          -3.137         -14.478          110.279
  266 (vir)          101.131          -1.220          -3.872         -16.083          112.122
  267 (vir)          101.376          -1.372          -3.380         -15.622          112.246
  268 (vir)          102.755          -1.076          -3.831         -16.086          113.934
  269 (vir)          103.291          -1.260          -2.554         -14.201          113.678
  270 (vir)          103.462          -0.973          -2.761         -14.220          113.947
  271 (vir)          104.253          -1.248          -3.286         -15.371          115.089
  272 (vir)          105.603          -1.823          -3.831         -16.457          116.405
  273 (vir)          105.897          -0.817          -2.710         -14.272          116.644
  274 (vir)          106.266          -1.816          -3.921         -16.585          117.115
  275 (vir)          106.696          -1.962          -4.041         -16.753          117.446
  276 (vir)          107.028          -1.140          -2.998         -15.140          118.029
  277 (vir)          107.069          -1.174          -3.481         -15.782          118.197
  278 (vir)          107.933          -1.476          -3.594         -15.893          118.756
  279 (vir)          108.691          -1.012          -3.716         -16.575          120.538
  280 (vir)          109.219          -1.455          -3.626         -16.402          120.539
  281 (vir)          109.785          -1.179          -3.621         -16.402          121.387
  282 (vir)          110.127          -1.155          -3.053         -15.532          121.450
  283 (vir)          110.213          -0.785          -2.841         -14.804          121.390
  284 (vir)          111.764          -0.889          -3.260         -15.752          123.367
  285 (vir)          112.467          -1.046          -3.019         -15.158          123.560
  286 (vir)          113.910          -0.887          -2.575         -14.625          125.073
  287 (vir)          113.992          -1.585          -3.718         -16.528          125.216
  288 (vir)          115.135          -1.291          -2.892         -15.236          126.187
  289 (vir)          115.484          -1.460          -3.910         -16.996          127.109
  290 (vir)          116.062          -0.961          -3.688         -16.834          128.247
  291 (vir)          116.429          -1.110          -3.739         -16.763          128.344
  292 (vir)          116.998          -1.168          -3.624         -16.672          128.878
  293 (vir)          117.126          -1.086          -4.459         -18.478          130.060
  294 (vir)          119.433          -1.058          -3.305         -15.922          130.992
  295 (vir)          120.189          -1.169          -3.683         -16.829          132.166
  296 (vir)          122.304          -1.208          -3.630         -16.704          134.170
  297 (vir)          122.901          -0.515          -3.297         -16.188          135.277
  298 (vir)          122.969          -0.953          -2.544         -14.840          134.312
  299 (vir)          123.975          -1.253          -3.964         -17.767          136.524
  300 (vir)          124.563          -0.832          -2.972         -15.697          136.456
  301 (vir)          125.354          -0.769          -3.094         -16.139          137.630
  302 (vir)          125.787          -1.143          -4.011         -17.371          138.004
  303 (vir)          126.733          -0.590          -3.665         -16.466          138.944
  304 (vir)          128.324          -0.754          -2.781         -15.426          140.216
  305 (vir)          129.495          -0.882          -2.779         -15.327          141.161
  306 (vir)          129.953          -0.354          -3.709         -16.611          142.502
  307 (vir)          130.758          -0.402          -2.994         -16.235          143.597
  308 (vir)          130.981          -0.039          -2.065         -14.722          143.600
  309 (vir)          131.623          -0.882          -3.289         -16.596          144.048
  310 (vir)          132.924           0.039          -2.334         -15.215          145.845
  311 (vir)          133.011          -0.467          -2.913         -16.018          145.649
  312 (vir)          133.601          -0.345          -2.955         -16.481          146.783
  313 (vir)          134.656          -0.174          -2.567         -15.428          147.344
  314 (vir)          135.805          -1.313          -5.176         -20.632          149.948
  315 (vir)          136.371          -0.251          -3.141         -16.775          149.754
  316 (vir)          137.975          -0.596          -3.399         -17.294          151.274
  317 (vir)          137.982          -0.874          -4.088         -18.669          151.690
  318 (vir)          139.274          -0.082          -2.106         -14.844          151.930
  319 (vir)          140.005          -0.175          -2.556         -15.644          152.919
  320 (vir)          140.571          -0.190          -3.697         -17.965          154.648
  321 (vir)          142.319          -0.159          -1.816         -14.450          154.793
  322 (vir)          142.693           0.003          -3.327         -17.328          156.698
  323 (vir)          142.888          -0.229          -2.980         -16.897          156.576
  324 (vir)          143.403          -0.107          -1.882         -14.542          155.955
  325 (vir)          143.854          -0.243          -2.850         -16.400          157.161
  326 (vir)          144.638          -0.025          -2.742         -16.371          158.243
  327 (vir)          145.014          -0.124          -1.894         -14.561          157.557
  328 (vir)          146.237          -0.120          -2.126         -14.993          158.983
  329 (vir)          146.913          -0.237          -2.233         -15.452          159.895
  330 (vir)          147.134          -0.037          -2.497         -15.754          160.354
  331 (vir)          147.755          -0.094          -1.782         -14.457          160.334
  332 (vir)          148.309          -0.167          -1.928         -14.662          160.876
  333 (vir)          148.864           0.023          -2.337         -15.496          162.047
  334 (vir)          149.031          -0.532          -2.513         -16.157          162.142
  335 (vir)          149.753          -0.237          -3.450         -17.684          163.749
  336 (vir)          150.157          -0.127          -1.807         -14.612          162.835
  337 (vir)          150.632          -0.089          -2.015         -14.800          163.329
  338 (vir)          152.796          -0.283          -1.936         -14.979          165.557
  339 (vir)          153.145          -0.024          -1.444         -13.355          165.032
  340 (vir)          153.610          -0.032          -2.236         -15.564          166.907
  341 (vir)          153.752          -0.027          -1.606         -14.019          166.138
  342 (vir)          154.776          -0.141          -2.387         -15.473          167.721
  343 (vir)          155.523          -0.297          -1.914         -15.192          168.505
  344 (vir)          156.422          -0.005          -1.977         -14.765          169.205
  345 (vir)          156.638          -0.125          -2.000         -14.750          169.263
  346 (vir)          157.518          -0.209          -2.922         -16.831          171.219
  347 (vir)          158.075          -0.288          -1.823         -14.876          170.840
  348 (vir)          158.076          -0.032          -2.163         -15.154          171.034
  349 (vir)          158.786          -0.142          -1.734         -14.709          171.619
  350 (vir)          159.949          -0.284          -2.790         -16.739          173.613
  351 (vir)          160.820          -0.305          -1.852         -15.068          173.732
  352 (vir)          160.829          -0.078          -1.999         -14.852          173.604
  353 (vir)          161.702          -0.341          -1.937         -15.349          174.773
  354 (vir)          162.348          -0.212          -2.379         -15.922          175.678
  355 (vir)          162.518           0.074          -1.647         -14.062          175.006
  356 (vir)          162.775          -0.340          -2.584         -16.402          176.254
  357 (vir)          163.226          -0.239          -1.425         -13.730          175.292
  358 (vir)          163.975          -0.233          -2.666         -16.608          177.685
  359 (vir)          164.228          -0.098          -1.526         -14.122          176.727
  360 (vir)          165.151          -0.246          -3.238         -17.571          179.239
  361 (vir)          165.282          -0.114          -1.581         -14.410          177.996
  362 (vir)          166.170          -0.271          -2.201         -15.682          179.381
  363 (vir)          166.240          -0.205          -1.823         -15.221          179.432
  364 (vir)          166.653          -0.198          -1.757         -14.975          179.673
  365 (vir)          167.098          -0.214          -2.202         -15.735          180.418
  366 (vir)          167.839          -0.146          -2.088         -15.555          181.159
  367 (vir)          168.424          -0.132          -2.067         -15.606          181.832
  368 (vir)          168.681          -0.224          -1.638         -14.630          181.449
  369 (vir)          168.705          -0.236          -1.949         -15.202          181.722
  370 (vir)          169.135          -0.357          -2.017         -15.328          182.089
  371 (vir)          169.625          -0.166          -2.647         -16.710          183.521
  372 (vir)          169.866          -0.185          -1.898         -15.210          182.992
  373 (vir)          171.248          -0.265          -1.827         -15.313          184.469
  374 (vir)          171.472          -0.042          -1.825         -14.708          184.312
  375 (vir)          172.667          -0.233          -2.711         -16.857          186.580
  376 (vir)          173.478          -0.236          -2.322         -16.179          187.099
  377 (vir)          173.611          -0.209          -1.798         -15.111          186.715
  378 (vir)          174.194          -0.271          -2.006         -16.010          187.927
  379 (vir)          174.396          -0.088          -2.095         -15.900          188.113
  380 (vir)          176.633          -0.437          -1.973         -16.233          190.456
  381 (vir)          176.735          -0.214          -1.963         -15.609          190.168
  382 (vir)          178.592          -0.359          -1.864         -15.835          192.203
  383 (vir)          178.799          -0.101          -2.205         -16.001          192.495
  384 (vir)          179.368           0.049          -2.704         -16.702          193.416
  385 (vir)          180.450          -0.233          -2.370         -16.625          194.472
  386 (vir)          181.194          -0.337          -1.870         -15.759          194.746
  387 (vir)          182.305          -0.220          -1.808         -15.669          195.945
  388 (vir)          182.532          -0.294          -2.466         -16.637          196.409
  389 (vir)          183.635          -0.131          -2.100         -16.045          197.449
  390 (vir)          184.947          -0.091          -2.725         -16.978          199.109
  391 (vir)          185.181          -0.233          -1.795         -15.354          198.506
  392 (vir)          186.093          -0.505          -3.143         -17.881          200.327
  393 (vir)          186.443          -0.205          -2.555         -16.954          200.637
  394 (vir)          186.617          -0.353          -1.815         -15.700          200.150
  395 (vir)          188.107          -0.323          -2.778         -17.431          202.437
  396 (vir)          188.754          -0.025          -2.387         -16.674          203.017
  397 (vir)          189.044          -0.138          -1.774         -15.505          202.637
  398 (vir)          189.916          -0.357          -2.646         -17.331          204.244
  399 (vir)          190.075          -0.132          -1.456         -14.343          202.830
  400 (vir)          190.451           0.137          -2.345         -16.601          204.844
  401 (vir)          190.579          -0.169          -1.575         -14.920          203.755
  402 (vir)          191.095          -0.298          -2.542         -16.768          205.024
  403 (vir)          193.097          -0.236          -2.314         -16.461          207.008
  404 (vir)          193.717          -0.063          -1.600         -14.788          206.843
  405 (vir)          195.065           0.168          -3.620         -18.083          209.697
  406 (vir)          195.186          -0.201          -1.706         -15.072          208.352
  407 (vir)          195.921           0.615          -2.700         -16.843          210.678
  408 (vir)          196.689          -0.133          -1.504         -14.508          209.560
  409 (vir)          197.274          -0.224          -1.753         -15.301          210.598
  410 (vir)          199.690          -0.624          -2.371         -16.310          213.006
  411 (vir)          200.322          -0.119          -1.501         -14.900          213.603
  412 (vir)          200.461          -0.161          -1.985         -15.282          213.597
  413 (vir)          201.346          -0.095          -1.890         -15.605          214.966
  414 (vir)          202.071          -0.151          -1.408         -14.432          214.945
  415 (vir)          202.569          -0.140          -1.558         -14.878          215.749
  416 (vir)          202.574          -0.159          -2.385         -16.555          216.585
  417 (vir)          203.710           0.485          -1.468         -13.881          216.607
  418 (vir)          204.572           0.141          -1.988         -15.860          218.584
  419 (vir)          205.833          -0.011          -1.531         -14.130          218.421
  420 (vir)          206.411           0.012          -1.092         -13.598          218.929
  421 (vir)          206.437           0.080          -1.997         -16.104          220.623
  422 (vir)          207.586           0.080          -2.563         -17.260          222.364
  423 (vir)          207.634          -0.002          -2.413         -16.517          221.735
  424 (vir)          208.714           0.181          -1.708         -15.106          222.292
  425 (vir)          209.392          -0.122          -1.455         -14.881          222.696
  426 (vir)          210.695          -1.115          -1.103         -13.649          222.126
  427 (vir)          210.764          -0.136          -1.720         -15.434          224.342
  428 (vir)          211.789           0.076          -1.879         -15.666          225.652
  429 (vir)          212.260          -0.460          -1.004         -13.175          223.971
  430 (vir)          213.060           0.033          -1.622         -15.074          226.544
  431 (vir)          213.160           0.094          -1.920         -16.042          227.376
  432 (vir)          214.281           0.105          -1.601         -14.963          227.749
  433 (vir)          214.918          -0.149          -1.706         -16.040          229.103
  434 (vir)          215.917          -0.092          -2.120         -16.668          230.374
  435 (vir)          216.421          -0.270          -1.606         -15.672          230.217
  436 (vir)          216.954          -0.048          -1.811         -15.614          230.708
  437 (vir)          217.412           0.313          -1.201         -13.559          230.082
  438 (vir)          217.506          -0.087          -1.485         -15.226          231.161
  439 (vir)          218.298           0.145          -2.007         -15.921          232.358
  440 (vir)          218.835          -0.089          -2.074         -16.299          232.971
  441 (vir)          219.119          -0.128          -1.564         -15.632          233.059
  442 (vir)          219.805          -0.122          -1.552         -15.010          233.142
  443 (vir)          220.647          -0.224          -1.673         -16.029          234.779
  444 (vir)          221.102          -0.169          -2.120         -16.553          235.366
  445 (vir)          222.070          -0.340          -1.686         -16.003          236.047
  446 (vir)          222.628           0.044          -1.552         -15.050          236.171
  447 (vir)          222.696           0.003          -1.476         -14.895          236.118
  448 (vir)          224.359           0.304          -1.731         -15.541          238.472
  449 (vir)          224.631           0.090          -1.354         -14.819          238.186
  450 (vir)          225.322           0.012          -1.518         -15.466          239.283
  451 (vir)          226.200           0.165          -2.077         -16.343          240.631
  452 (vir)          226.305           0.028          -1.317         -14.828          239.844
  453 (vir)          227.057           0.357          -1.502         -14.848          240.761
  454 (vir)          228.599           0.423          -1.150         -14.157          242.028
  455 (vir)          230.005          -0.020          -2.252         -17.426          245.159
  456 (vir)          230.228           0.059          -2.451         -17.361          245.196
  457 (vir)          230.446          -0.127          -1.650         -16.284          244.953
  458 (vir)          231.176           0.008          -2.132         -16.882          245.934
  459 (vir)          232.601          -0.703          -2.153         -17.415          247.160
  460 (vir)          233.624          -0.657          -2.281         -17.582          248.268
  461 (vir)          235.385           0.091          -2.423         -17.562          250.615
  462 (vir)          235.657           0.058          -1.417         -15.460          249.758
  463 (vir)          236.539           0.073          -1.442         -15.565          250.734
  464 (vir)          237.936          -0.275          -2.239         -18.377          253.799
  465 (vir)          238.161          -0.300          -2.210         -18.290          253.940
  466 (vir)          238.432           0.079          -2.121         -17.680          254.069
  467 (vir)          238.547          -0.143          -2.342         -18.804          254.865
  468 (vir)          238.699          -0.034          -2.378         -18.861          255.148
  469 (vir)          238.972          -0.002          -2.274         -18.046          254.742
  470 (vir)          241.351           0.163          -1.678         -16.052          255.887
  471 (vir)          241.700          -0.379          -2.023         -17.792          257.091
  472 (vir)          242.165           0.487          -1.877         -17.328          258.103
  473 (vir)          243.783          -0.038          -1.912         -17.188          259.021
  474 (vir)          244.139          -0.972          -2.049         -17.853          258.971
  475 (vir)          244.351          -1.130          -2.161         -18.248          259.308
  476 (vir)          245.372           0.089          -1.963         -17.115          260.613
  477 (vir)          245.556          -0.290          -2.196         -17.984          261.053
  478 (vir)          245.660          -0.023          -2.251         -18.470          261.856
  479 (vir)          245.857          -0.915          -2.369         -19.054          261.628
  480 (vir)          247.266          -0.832          -2.229         -18.733          262.939
  481 (vir)          247.621          -0.542          -2.285         -18.864          263.658
  482 (vir)          249.599           0.073          -1.645         -16.276          264.302
  483 (vir)          250.441          -0.394          -2.300         -17.871          265.618
  484 (vir)          251.525          -0.248          -2.308         -17.965          266.934
  485 (vir)          253.198          -0.729          -3.752         -21.254          269.971
  486 (vir)          254.493          -0.696          -2.296         -19.031          270.533
  487 (vir)          254.582          -0.599          -4.111         -21.750          271.621
  488 (vir)          255.874          -0.331          -2.523         -18.935          271.955
  489 (vir)          258.594          -0.496          -2.310         -18.472          274.260
  490 (vir)          259.640          -0.165          -2.376         -18.342          275.441
  491 (vir)          260.296          -0.661          -2.191         -18.489          275.933
  492 (vir)          260.698          -0.297          -2.291         -18.108          276.219
  493 (vir)          261.439          -0.612          -2.932         -19.789          277.683
  494 (vir)          261.964          -0.291          -1.526         -16.361          276.508
  495 (vir)          263.760          -0.887          -2.576         -19.752          280.049
  496 (vir)          264.191          -0.097          -2.736         -19.103          280.460
  497 (vir)          265.098          -0.196          -2.049         -17.748          280.601
  498 (vir)          266.384          -0.386          -2.769         -19.910          283.140
  499 (vir)          267.842          -0.094          -2.245         -18.239          283.742
  500 (vir)          268.932          -0.278          -2.291         -19.265          285.628
  501 (vir)          269.276          -0.386          -3.074         -20.121          285.936
  502 (vir)          270.700           0.114          -1.266         -15.612          285.160
  503 (vir)          270.816          -0.134          -1.868         -17.231          286.045
  504 (vir)          272.391          -0.427          -2.328         -19.484          289.120
  505 (vir)          272.542          -0.348          -2.710         -19.584          289.068
  506 (vir)          273.712          -0.420          -2.529         -19.463          290.226
  507 (vir)          275.087          -0.758          -2.724         -20.446          292.051
  508 (vir)          277.901          -0.422          -2.102         -18.396          293.773
  509 (vir)          278.210          -0.707          -2.653         -20.282          295.133
  510 (vir)          278.369          -0.764          -2.682         -20.432          295.355
  511 (vir)          279.012          -0.767          -2.590         -20.237          295.892
  512 (vir)          279.798          -0.121          -3.250         -20.276          296.702
  513 (vir)          284.485          -0.056          -3.307         -20.513          301.636
  514 (vir)          286.681          -0.290          -2.830         -20.082          303.643
  515 (vir)          287.978           0.281          -3.699         -20.692          305.252
  516 (vir)          290.025          -0.300          -2.857         -20.190          307.058
  517 (vir)          291.624          -0.567          -2.628         -20.418          308.847
  518 (vir)          293.816           0.080          -4.371         -22.198          311.724
  519 (vir)          295.621          -2.089          -3.516         -23.184          313.199
  520 (vir)          296.161          -2.304          -3.424         -22.383          312.816
  521 (vir)          296.269          -2.122          -3.491         -23.123          313.778
  522 (vir)          296.917          -3.679          -3.368         -22.351          312.220
  523 (vir)          298.069          -1.441          -3.125         -21.319          314.821
  524 (vir)          298.770          -1.710          -2.509         -19.792          314.343
  525 (vir)          304.869          -0.498          -3.070         -21.093          322.394
  526 (vir)          307.071          -1.457          -3.248         -22.731          325.098
  527 (vir)          307.638          -1.457          -3.233         -22.695          325.644
  528 (vir)          310.053          -0.274          -3.156         -21.269          327.892
  529 (vir)          310.467          -0.478          -1.730         -17.742          326.001
  530 (vir)          311.488          -0.435          -1.713         -17.698          327.038
  531 (vir)          311.729          -1.384          -3.190         -22.420          329.574
  532 (vir)          312.991          -1.261          -3.067         -21.931          330.594
  533 (vir)          314.335          -0.878          -3.047         -21.409          331.819
  534 (vir)          315.900          -0.860          -3.270         -21.972          333.741
  535 (vir)          317.919          -1.405          -3.056         -22.469          335.928
  536 (vir)          318.253          -0.873          -3.506         -22.325          336.198
  537 (vir)          318.450          -1.430          -3.052         -22.477          336.445
  538 (vir)          319.135          -0.697          -3.372         -21.835          336.902
  539 (vir)          319.750          -0.853          -3.746         -22.942          338.092
  540 (vir)          321.539          -0.912          -3.805         -23.100          339.922
  541 (vir)          322.137          -0.733          -3.061         -21.332          339.675
  542 (vir)          325.689          -1.846          -4.397         -25.653          345.100
  543 (vir)          325.801          -0.589          -2.305         -19.763          342.670
  544 (vir)          325.947          -1.886          -4.395         -25.656          345.322
  545 (vir)          327.687          -1.169          -3.157         -22.569          345.930
  546 (vir)          329.087          -1.073          -2.941         -22.103          347.177
  547 (vir)          329.883          -1.606          -3.921         -24.288          348.644
  548 (vir)          331.238          -1.637          -3.825         -24.189          349.964
  549 (vir)          334.968          -0.437          -2.570         -19.469          351.430
  550 (vir)          348.821           0.399          -2.273         -18.538          365.485
  551 (vir)          352.553          -1.200          -3.688         -24.576          372.241
  552 (vir)          352.798          -1.196          -3.699         -24.597          372.500
  553 (vir)          361.529          -1.072          -3.780         -24.753          381.429
  554 (vir)          366.244          -0.974          -3.542         -24.215          385.943
  555 (vir)          379.318          -0.894          -9.503         -31.779          400.700
  556 (vir)          380.933          -0.933          -9.416         -31.676          402.260
  557 (vir)          387.458          -1.273          -4.875         -26.759          408.069
  558 (vir)          387.826          -0.867          -4.761         -26.679          408.878
  559 (vir)          400.671          -0.155          -3.364         -21.499          418.650
  560 (vir)          402.310          -0.142          -3.253         -21.311          420.225
  561 (vir)          758.128          -0.403         -12.934         -46.176          790.967
  562 (vir)          763.416          -0.443         -12.823         -46.078          796.228
  563 (vir)          767.853          -0.507         -12.784         -46.051          800.613
  564 (vir)          784.861          -0.666         -12.538         -45.808          817.465
  565 (vir)         1025.453          -1.202         -15.241         -54.052         1063.062
  566 (vir)         1026.592          -1.203         -15.221         -54.044         1064.212
  567 (vir)         1301.503          -1.307         -18.020         -62.279         1344.455
  568 (vir)         1302.897          -1.304         -18.006         -62.264         1345.850
  569 (vir)         3988.763          -1.807         -14.772         -94.557         4066.741
  570 (vir)         3992.732          -1.809         -14.741         -94.524         4070.706
  571 (vir)         3997.512          -1.804         -14.731         -94.518         4075.495
  572 (vir)         4015.163          -1.797         -14.661         -94.460         4093.165
  573 (vir)         5350.581          -1.847         -17.556        -110.386         5441.565
  574 (vir)         5351.802          -1.847         -17.547        -110.379         5442.787
  575 (vir)         6869.144          -1.869         -20.612        -126.350         6973.013
  576 (vir)         6870.634          -1.868         -20.609        -126.347         6974.505
