 
  kpoint:     0.0000    0.0000    0.0000
 
    n          ϵ_nk^DFT (eV)     Σ^c_nk (eV)     Σ^x_nk (eV)     v_n^xc (eV)   ϵ_nk^G0W0 (eV)
 
    1 (occ)         -177.489           3.175         -79.325         -50.575         -203.064
    2 (occ)         -177.484           3.353         -79.318         -50.580         -202.868
    3 (occ)          -16.417           3.647         -20.977         -13.754          -19.993
    4 (occ)          -11.225           1.994         -18.951         -13.009          -15.173
    5 (occ)          -10.554           0.446         -16.477         -12.276          -14.308
    6 (occ)           -9.399           1.200         -17.409         -12.352          -13.256
    7 (occ)           -9.035           0.776         -17.543         -12.834          -12.968
    8 (occ)           -7.863           0.728         -17.517         -12.817          -11.836
    9 (vir)           -2.037          -2.372          -4.491          -9.732            0.831
   10 (vir)            0.156          -1.333          -2.486          -5.979            2.316
   11 (vir)            0.840          -0.735          -1.220          -3.559            2.444
   12 (vir)            0.998          -0.548          -0.686          -2.659            2.423
   13 (vir)            1.058          -1.201          -2.016          -5.410            3.251
   14 (vir)            1.304          -0.710          -1.021          -3.442            3.015
   15 (vir)            1.900          -0.702          -0.845          -3.182            3.535
   16 (vir)            2.113          -0.503          -0.759          -2.674            3.525
   17 (vir)            2.520          -1.506          -3.110          -7.023            4.927
   18 (vir)            3.020          -0.871          -0.794          -3.220            4.574
   19 (vir)            3.216          -1.339          -2.011          -5.449            5.316
   20 (vir)            4.025          -2.331          -3.649          -8.734            6.779
   21 (vir)            4.366          -1.543          -1.875          -5.924            6.872
   22 (vir)            4.385          -2.173          -1.888          -6.296            6.620
   23 (vir)            5.871          -1.050          -1.300          -4.041            7.562
   24 (vir)            5.978          -1.259          -1.816          -5.057            7.959
   25 (vir)            6.529          -1.316          -1.639          -4.903            8.477
   26 (vir)            6.943          -1.557          -1.853          -5.218            8.752
   27 (vir)            7.601          -1.224          -1.896          -5.149            9.630
   28 (vir)            8.118          -1.743          -2.113          -5.931           10.193
   29 (vir)            8.379          -1.795          -1.559          -5.977           11.001
   30 (vir)            8.545          -1.925          -2.384          -6.454           10.689
   31 (vir)            8.798          -1.763          -1.476          -5.454           11.013
   32 (vir)            9.758          -1.698          -1.294          -5.078           11.844
   33 (vir)           10.207          -2.312          -2.309          -7.007           12.593
   34 (vir)           11.363          -1.425          -0.654          -4.436           13.720
   35 (vir)           11.443          -2.627          -2.180          -7.254           13.890
   36 (vir)           11.796          -1.826          -1.378          -5.675           14.268
   37 (vir)           11.926          -2.495          -1.553          -6.399           14.277
   38 (vir)           12.339          -2.530          -1.301          -5.900           14.408
   39 (vir)           12.342          -3.840          -1.956          -7.558           14.104
   40 (vir)           12.562          -1.568          -0.868          -4.551           14.677
   41 (vir)           12.786          -2.136          -0.691          -4.653           14.612
   42 (vir)           12.974          -1.926          -0.955          -5.199           15.291
   43 (vir)           14.305          -3.178          -2.337          -7.813           16.603
   44 (vir)           15.201          -2.194          -1.447          -5.386           16.945
   45 (vir)           17.161          -2.936          -1.448          -6.993           19.770
   46 (vir)           18.381          -3.002          -1.350          -6.487           20.517
   47 (vir)           18.504          -2.860          -1.062          -6.096           20.678
   48 (vir)           18.887          -2.112          -1.290          -5.458           20.943
   49 (vir)           19.634          -2.466          -1.720          -6.874           22.322
   50 (vir)           21.134          -3.243          -1.852          -7.319           23.358
   51 (vir)           21.203          -3.821          -1.583          -7.060           22.858
   52 (vir)           21.892          -0.820          -1.650          -7.491           26.914
   53 (vir)           22.947          -4.010          -1.248          -6.276           23.966
   54 (vir)           23.540          -4.542          -0.883          -6.089           24.204
   55 (vir)           23.800          -5.780          -1.498          -6.846           23.369
   56 (vir)           23.838          -2.351          -1.050          -5.951           26.389
   57 (vir)           24.901          -1.851          -1.304          -6.519           28.264
   58 (vir)           24.931          -5.015          -1.790          -7.941           26.066
   59 (vir)           26.786          -5.587          -0.988          -6.054           26.265
   60 (vir)           27.478          -3.839          -1.615          -7.236           29.260
   61 (vir)           28.174          -4.675          -1.337          -7.241           29.402
   62 (vir)           28.348          -0.258          -1.324          -7.602           34.367
   63 (vir)           29.019          -3.844          -2.201          -8.744           31.719
   64 (vir)           29.357           1.798          -1.410          -7.254           36.999
   65 (vir)           29.924           1.962          -1.328          -7.201           37.759
   66 (vir)           30.027          -2.939          -1.189          -7.136           33.035
   67 (vir)           30.587          -9.135          -1.893          -9.328           28.886
   68 (vir)           30.744          -3.687          -1.409          -7.421           33.070
   69 (vir)           31.091           0.719          -1.283          -7.035           37.562
   70 (vir)           31.099          -2.930          -0.978          -6.943           34.133
   71 (vir)           31.196           1.029          -1.136          -6.704           37.792
   72 (vir)           31.893          -4.187          -1.504          -7.826           34.028
   73 (vir)           32.198          -4.330          -1.220          -7.456           34.103
   74 (vir)           33.608           0.844          -2.139          -9.359           41.671
   75 (vir)           33.924           0.057          -1.249          -7.662           40.394
   76 (vir)           34.075          -1.682          -0.901          -7.087           38.580
   77 (vir)           36.052           1.097          -2.467          -9.746           44.428
   78 (vir)           36.304           0.131          -1.148          -7.321           42.609
   79 (vir)           36.988          -2.924          -0.901          -7.374           40.537
   80 (vir)           37.478           0.497          -1.293          -8.157           44.840
   81 (vir)           37.956           1.978          -1.432          -8.548           47.050
   82 (vir)           38.388          -2.210          -1.937          -9.650           43.890
   83 (vir)           38.433          -0.570          -1.977          -9.173           45.059
   84 (vir)           38.768           0.971          -1.447          -7.727           46.018
   85 (vir)           39.684          -0.293          -1.472          -8.499           46.419
   86 (vir)           40.582           1.165          -1.945          -9.593           49.395
   87 (vir)           43.386           0.308          -1.215          -7.751           50.229
   88 (vir)           44.622           0.306          -1.060          -7.918           51.786
   89 (vir)           45.428          -2.028          -1.467          -8.622           50.555
   90 (vir)           45.960          -0.295          -1.266          -8.305           52.704
   91 (vir)           47.182          -0.496          -1.408          -8.371           53.650
   92 (vir)           47.341          -0.912          -1.499          -9.119           54.049
   93 (vir)           48.208           0.267          -1.384          -8.457           55.548
   94 (vir)           52.995           0.551          -1.485          -9.793           61.854
   95 (vir)           54.394           0.570          -1.273          -8.991           62.681
   96 (vir)           55.510           1.256          -1.389          -9.624           65.001
   97 (vir)           56.048          -2.095          -2.696         -12.022           63.279
   98 (vir)           56.272          -2.556          -2.912         -12.970           63.774
   99 (vir)           56.569           0.718          -1.776         -10.707           66.217
  100 (vir)           58.045           0.139          -2.095         -11.049           67.138
  101 (vir)           59.607           1.436          -1.305          -9.759           69.497
  102 (vir)           59.788          -0.225          -1.395          -9.668           67.837
  103 (vir)           59.844           3.204          -2.402         -11.834           72.480
  104 (vir)           62.205           0.138          -1.504          -9.926           70.766
  105 (vir)           63.306          -0.680          -1.293          -9.729           71.062
  106 (vir)           65.181           0.134          -1.132          -9.498           73.680
  107 (vir)           65.273           0.085          -1.154          -9.362           73.566
  108 (vir)           66.206          -1.020          -2.092         -11.236           74.331
  109 (vir)           66.870          -0.294          -1.086          -9.179           74.668
  110 (vir)           67.119          -1.330          -1.955         -11.248           75.081
  111 (vir)           67.307          -0.133          -1.164          -9.388           75.398
  112 (vir)           67.683          -0.415          -1.629         -10.605           76.244
  113 (vir)           68.041          -0.853          -1.731         -10.731           76.188
  114 (vir)           68.512           0.878          -0.718          -8.377           77.048
  115 (vir)           68.885          -0.307          -1.156          -9.603           77.025
  116 (vir)           69.903          -1.752          -0.838          -8.696           76.010
  117 (vir)           70.314           0.449          -0.875          -8.913           78.800
  118 (vir)           70.324          -0.142          -1.955         -11.417           79.644
  119 (vir)           70.804          -0.884          -1.037          -9.303           78.187
  120 (vir)           71.346           2.344          -1.209          -9.787           82.268
  121 (vir)           71.699          -0.042          -1.235          -9.959           80.381
  122 (vir)           72.971           0.493          -1.096          -9.359           81.726
  123 (vir)           74.583           0.732          -0.963          -9.025           83.378
  124 (vir)           75.147          -0.503          -1.219          -9.689           83.114
  125 (vir)           75.571          -1.384          -1.307          -9.842           82.722
  126 (vir)           77.977          -1.153          -1.042          -9.633           85.416
  127 (vir)           78.291           0.291          -1.180          -9.645           87.046
  128 (vir)           78.567          -0.137          -1.338         -10.519           87.611
  129 (vir)           78.887          -2.233          -0.778          -8.633           84.509
  130 (vir)           80.005          -0.882          -0.938          -9.159           87.344
  131 (vir)           80.791          -0.341          -1.425         -10.676           89.701
  132 (vir)           81.262           1.337          -1.393         -10.767           91.974
  133 (vir)           81.338           0.643          -1.060          -9.836           90.757
  134 (vir)           82.176           0.039          -1.130          -9.909           90.994
  135 (vir)           83.503          -1.136          -1.658         -10.894           91.603
  136 (vir)           83.860          -0.858          -1.411         -10.580           92.172
  137 (vir)           84.339          -0.687          -1.374         -10.686           92.963
  138 (vir)           84.497           1.049          -0.929          -9.460           94.077
  139 (vir)           87.006          -0.507          -1.044         -10.393           95.848
  140 (vir)           89.104          -0.292          -1.112          -9.800           97.500
  141 (vir)           89.299          -0.817          -1.051          -9.766           97.198
  142 (vir)           90.263          -1.031          -1.109         -10.401           98.524
  143 (vir)           90.578           0.833          -1.133          -9.823          100.101
  144 (vir)           90.696          -0.072          -1.218         -11.076          100.482
  145 (vir)           91.675          -0.523          -1.182         -10.297          100.268
  146 (vir)           91.861          -2.121          -1.687         -11.278           99.330
  147 (vir)           94.117           1.154          -1.200         -10.538          104.610
  148 (vir)           94.617           0.107          -1.241         -10.908          104.391
  149 (vir)           96.997          -0.988          -0.969          -9.948          104.989
  150 (vir)           97.971           0.469          -1.139         -11.324          108.625
  151 (vir)           98.018           0.236          -1.447         -12.139          108.945
  152 (vir)           99.015           0.848          -1.393         -11.241          109.711
  153 (vir)           99.900          -1.312          -1.137         -11.285          108.735
  154 (vir)          101.103          -0.149          -1.002         -10.903          110.855
  155 (vir)          101.285          -1.127          -1.277         -11.669          110.550
  156 (vir)          103.177          -1.304          -1.233         -11.518          112.159
  157 (vir)          103.331          -1.308          -1.120         -11.090          111.994
  158 (vir)          105.486          -0.328          -1.014         -11.155          115.299
  159 (vir)          107.576           0.099          -0.949         -10.492          117.218
  160 (vir)          107.972          -1.069          -1.424         -12.103          117.582
  161 (vir)          108.484          -2.350          -1.094         -11.362          116.401
  162 (vir)          108.618          -0.262          -2.241         -13.220          119.336
  163 (vir)          110.587          -1.118          -0.875         -10.310          118.903
  164 (vir)          110.936          -0.745          -1.681         -12.969          121.479
  165 (vir)          113.142          -0.707          -1.220         -11.508          122.724
  166 (vir)          113.891           0.063          -1.305         -11.808          124.457
  167 (vir)          116.102          -1.010          -1.117         -11.713          125.688
  168 (vir)          116.676          -0.890          -0.979         -11.353          126.160
  169 (vir)          116.684           0.155          -1.078         -11.248          127.008
  170 (vir)          116.778          -1.251          -3.057         -14.520          126.990
  171 (vir)          118.327          -0.128          -1.339         -12.651          129.511
  172 (vir)          119.733          -1.299          -1.456         -12.492          129.470
  173 (vir)          120.491           1.089          -0.969         -11.263          131.874
  174 (vir)          121.129          -1.256          -1.278         -11.904          130.499
  175 (vir)          122.456          -0.742          -1.623         -12.485          132.577
  176 (vir)          125.818          -0.751          -1.275         -11.949          135.742
  177 (vir)          127.078           0.568          -1.110         -12.007          138.543
  178 (vir)          127.349           0.084          -0.803         -10.684          137.313
  179 (vir)          128.431          -0.523          -1.329         -12.339          138.917
  180 (vir)          128.436          -1.087          -1.203         -12.385          138.531
  181 (vir)          129.105           0.406          -1.077         -11.962          140.396
  182 (vir)          129.435          -1.272          -1.074         -11.775          138.864
  183 (vir)          129.741          -0.006          -1.072         -12.047          140.711
  184 (vir)          132.244           0.282          -2.766         -15.535          145.295
  185 (vir)          132.653           0.465          -1.214         -11.871          143.776
  186 (vir)          134.043          -0.930          -1.628         -13.361          144.847
  187 (vir)          136.764          -0.567          -1.133         -12.070          147.135
  188 (vir)          137.263          -0.109          -1.233         -12.566          148.486
  189 (vir)          144.709          -0.554          -1.127         -11.848          154.877
  190 (vir)          147.594          -0.028          -1.386         -12.737          158.917
  191 (vir)          149.243          -1.048          -1.423         -13.439          160.211
  192 (vir)          151.244           0.602          -2.286         -15.169          164.728
  193 (vir)          155.992          -0.000          -1.688         -13.605          167.909
  194 (vir)          156.582           1.336          -0.716         -11.254          168.456
  195 (vir)          160.371           2.597          -0.821         -11.629          173.776
  196 (vir)          160.937          -0.158          -0.835         -11.736          171.680
  197 (vir)          162.127           4.024          -1.850         -13.566          177.866
  198 (vir)          162.451           2.041          -0.680         -11.252          175.063
  199 (vir)          162.741          -0.281          -0.929         -12.004          173.535
  200 (vir)          165.011           0.123          -0.687         -11.291          175.737
  201 (vir)          166.764           2.049          -0.735         -11.446          179.524
  202 (vir)          169.406          -1.711          -2.537         -15.527          180.685
  203 (vir)          172.040          -0.261          -0.998         -12.698          183.479
  204 (vir)          172.881           2.765          -0.761         -11.669          186.553
  205 (vir)          173.722           2.419          -0.807         -12.026          187.361
  206 (vir)          173.775          -0.529          -1.024         -12.748          184.970
  207 (vir)          174.240           3.743          -1.200         -12.941          189.724
  208 (vir)          179.241          -2.110          -0.957         -12.659          188.833
  209 (vir)          179.301          -0.437          -1.039         -13.273          191.098
  210 (vir)          180.226           3.232          -0.858         -12.290          194.890
  211 (vir)          182.285          -0.492          -1.140         -13.795          194.448
  212 (vir)          182.581         -10.609          -1.061         -12.892          183.803
  213 (vir)          183.116           3.397          -0.756         -11.948          197.705
  214 (vir)          184.129          -0.983          -0.735         -11.758          194.168
  215 (vir)          185.595           0.774          -1.545         -14.440          199.264
  216 (vir)          187.597           0.264          -1.246         -13.448          200.062
  217 (vir)          188.886           1.348          -1.037         -13.266          202.463
  218 (vir)          189.799           1.744          -0.898         -12.402          203.047
  219 (vir)          191.601          -5.533          -1.181         -12.898          197.786
  220 (vir)          193.809          -0.126          -1.146         -12.801          205.338
  221 (vir)          194.279           7.743          -0.959         -13.019          214.084
  222 (vir)          194.355           0.578          -1.029         -13.192          207.096
  223 (vir)          194.532          -4.253          -1.001         -13.262          202.541
  224 (vir)          195.058           5.274          -1.131         -13.436          212.638
  225 (vir)          197.293          -3.991          -1.532         -13.933          205.704
  226 (vir)          198.255           1.484          -0.995         -12.513          211.256
  227 (vir)          198.405          -8.113          -1.840         -14.697          203.149
  228 (vir)          200.779           2.068          -0.691         -12.017          214.173
  229 (vir)          201.072           0.592          -0.949         -13.227          213.943
  230 (vir)          202.396           0.182          -1.555         -14.761          215.784
  231 (vir)          205.098           0.705          -1.219         -13.789          218.373
  232 (vir)          206.415           1.841          -0.896         -12.926          220.286
  233 (vir)          206.787           1.748          -0.679         -11.994          219.851
  234 (vir)          207.293           7.595          -1.234         -13.433          227.087
  235 (vir)          207.816           4.783          -0.726         -12.264          224.138
  236 (vir)          207.832          -0.679          -0.777         -12.371          218.747
  237 (vir)          208.681           2.891          -0.873         -12.593          223.293
  238 (vir)          209.402           1.959          -0.715         -12.351          222.997
  239 (vir)          211.366           3.244          -1.163         -13.613          227.061
  240 (vir)          212.462           0.515          -0.825         -12.887          225.040
  241 (vir)          213.153           0.488          -0.922         -13.454          226.173
  242 (vir)          217.364           1.490          -0.801         -12.976          231.030
  243 (vir)          217.861           0.735          -1.118         -13.851          231.330
  244 (vir)          220.378           1.850          -0.981         -13.880          235.127
  245 (vir)          221.146           0.548          -0.862         -13.242          234.074
  246 (vir)          221.189           1.175          -0.881         -13.408          234.891
  247 (vir)          221.943           2.182          -0.843         -13.293          236.574
  248 (vir)          222.795           1.757          -0.849         -13.388          237.091
  249 (vir)          222.856           1.797          -0.803         -13.087          236.937
  250 (vir)          223.542           2.388          -0.903         -13.739          238.765
  251 (vir)          225.096           2.557          -0.896         -13.620          240.377
  252 (vir)          227.602           2.005          -0.810         -13.139          241.935
  253 (vir)          229.506           1.816          -0.913         -13.888          244.298
  254 (vir)          230.145           0.559          -0.895         -13.658          243.468
  255 (vir)          230.872           0.604          -0.873         -13.408          244.011
  256 (vir)          231.780          -0.561          -0.812         -13.068          243.474
  257 (vir)          231.873           3.071          -0.762         -12.861          247.043
  258 (vir)          232.165           0.660          -0.926         -13.830          245.728
  259 (vir)          233.316           0.766          -0.843         -13.273          246.512
  260 (vir)          233.673           1.457          -0.743         -12.845          247.233
  261 (vir)          234.572           0.456          -0.815         -13.135          247.349
  262 (vir)          238.995           0.031          -0.816         -13.148          251.358
  263 (vir)          239.402           4.130          -1.304         -15.170          257.398
  264 (vir)          239.562           4.642          -1.325         -15.245          258.124
  265 (vir)          242.024           2.683          -0.933         -13.862          257.636
  266 (vir)          242.192           0.308          -0.817         -13.345          255.029
  267 (vir)          242.246           0.017          -0.837         -13.395          254.820
  268 (vir)          242.472           3.061          -0.865         -13.842          258.510
  269 (vir)          244.259          -0.580          -0.929         -13.682          256.433
  270 (vir)          244.653          -0.203          -0.811         -13.291          256.930
  271 (vir)          245.603           0.764          -0.941         -13.944          259.369
  272 (vir)          247.336           0.033          -0.781         -13.256          259.844
  273 (vir)          247.510           2.705          -0.826         -13.645          263.034
  274 (vir)          248.577           2.043          -0.828         -13.624          263.416
  275 (vir)          250.573           0.538          -1.161         -14.626          264.576
  276 (vir)          253.001           3.359          -0.701         -12.947          268.606
  277 (vir)          253.389          -0.318          -0.859         -13.841          266.053
  278 (vir)          253.994           0.455          -0.824         -13.219          266.844
  279 (vir)          255.627           0.008          -0.962         -13.948          268.620
  280 (vir)          255.652           1.858          -1.089         -14.072          270.493
  281 (vir)          258.507          -0.990          -0.937         -14.225          270.805
  282 (vir)          259.793          -0.826          -1.045         -14.445          272.368
  283 (vir)          260.024           0.470          -1.048         -15.064          274.509
  284 (vir)          260.567           0.352          -0.898         -14.260          274.282
  285 (vir)          261.301           2.096          -1.034         -14.306          276.669
  286 (vir)          264.753           1.069          -0.833         -13.958          278.947
  287 (vir)          269.403           0.013          -1.171         -15.597          283.842
  288 (vir)          276.947          -0.169          -1.150         -14.978          290.605
  289 (vir)          303.210           1.959          -1.560         -16.260          319.869
  290 (vir)          304.179           1.378          -1.687         -16.505          320.374
  291 (vir)          545.317          -5.377         -10.097         -37.273          567.116
  292 (vir)          551.975          -5.219         -10.031         -37.252          573.976
  293 (vir)         2790.920          -2.979         -11.991         -78.228         2854.179
  294 (vir)         2797.328          -2.984         -11.958         -78.195         2860.581
