 
  kpoint:     0.0000    0.0000    0.0000
 
    n          ϵ_nk^DFT (eV)     Σ^c_nk (eV)     Σ^x_nk (eV)     v_n^xc (eV)   ϵ_nk^G0W0 (eV)
 
    1 (occ)         -385.270          -3.613        -114.679         -72.604         -430.958
    2 (occ)         -382.527          -1.945        -114.705         -72.593         -426.584
    3 (occ)         -382.055          -1.628        -114.643         -72.587         -425.739
    4 (occ)          -28.846           6.828         -32.304         -21.022          -33.300
    5 (occ)          -24.648           5.136         -30.459         -20.840          -29.131
    6 (occ)          -15.618           2.799         -24.487         -17.838          -19.468
    7 (occ)          -12.692           2.879         -23.039         -17.182          -15.670
    8 (occ)          -12.692           2.720         -23.281         -17.403          -15.851
    9 (occ)          -10.999           3.010         -24.601         -18.093          -14.497
   10 (occ)           -8.113           0.668         -21.303         -16.961          -11.787
   11 (occ)           -6.777           0.117         -20.547         -16.811          -10.396
   12 (vir)           -2.040          -2.497         -10.576         -16.510            1.397
   13 (vir)           -0.941          -2.271         -11.150         -16.857            2.495
   14 (vir)           -0.241          -1.279          -2.662          -6.179            1.997
   15 (vir)            2.917          -1.169          -1.889          -5.052            4.912
   16 (vir)            3.596          -1.855          -4.099          -8.526            6.168
   17 (vir)            4.182          -1.262          -1.910          -5.514            6.524
   18 (vir)            4.232          -1.295          -2.230          -5.988            6.694
   19 (vir)            4.772          -2.192          -4.305          -9.228            7.504
   20 (vir)            5.863          -2.341          -4.256          -9.225            8.492
   21 (vir)            6.079          -1.319          -1.734          -5.248            8.274
   22 (vir)            6.520          -1.709          -2.332          -6.465            8.945
   23 (vir)            7.725          -1.593          -1.900          -5.916           10.147
   24 (vir)            8.394          -1.588          -1.395          -5.235           10.645
   25 (vir)            8.694          -1.438          -1.316          -5.026           10.967
   26 (vir)           10.120          -2.685          -3.713          -8.865           12.588
   27 (vir)           11.653          -2.179          -2.569          -7.789           14.694
   28 (vir)           14.099          -1.793          -2.121          -6.660           16.846
   29 (vir)           15.604          -2.413          -1.994          -6.314           17.511
   30 (vir)           16.000          -2.112          -2.611          -7.930           19.207
   31 (vir)           16.270          -2.345          -2.691          -8.483           19.716
   32 (vir)           17.047          -2.047          -2.861          -8.261           20.400
   33 (vir)           18.184          -4.065          -7.103         -15.535           22.551
   34 (vir)           21.122          -2.507          -3.673         -10.415           25.358
   35 (vir)           21.983          -2.407          -3.065          -9.036           25.546
   36 (vir)           22.423          -2.905          -1.901          -7.709           25.327
   37 (vir)           23.296          -2.581          -2.166          -8.371           26.919
   38 (vir)           23.979          -2.443          -2.708          -8.840           27.667
   39 (vir)           26.016          -3.798          -3.047         -10.138           29.308
   40 (vir)           26.200          -3.555          -3.131         -10.301           29.814
   41 (vir)           26.207          -2.672          -2.644          -9.112           30.003
   42 (vir)           27.134          -3.289          -2.797          -9.818           30.865
   43 (vir)           28.008          -3.742          -3.189         -10.531           31.609
   44 (vir)           28.598          -4.345          -2.896         -10.301           31.658
   45 (vir)           29.181          -3.122          -2.693          -9.966           33.332
   46 (vir)           29.455          -3.226          -2.622          -9.824           33.431
   47 (vir)           30.009          -3.524          -3.570         -11.718           34.634
   48 (vir)           30.462          -4.971          -3.236         -11.103           33.358
   49 (vir)           34.834          -2.386          -2.153          -9.167           39.462
   50 (vir)           35.820          -2.782          -2.389          -9.371           40.020
   51 (vir)           35.837          -2.224          -1.771          -8.648           40.490
   52 (vir)           37.629          -3.097          -2.277          -9.322           41.576
   53 (vir)           38.843          -3.742          -3.038         -10.310           42.372
   54 (vir)           40.325          -2.367          -3.037         -10.960           45.881
   55 (vir)           40.360          -2.758          -2.748          -9.724           44.579
   56 (vir)           42.137          -2.978          -2.200          -9.380           46.339
   57 (vir)           47.949          -2.824          -2.053          -9.720           52.791
   58 (vir)           50.745          -3.283          -1.880         -10.175           55.757
   59 (vir)           54.869          -3.149          -2.444         -11.426           60.703
   60 (vir)           55.735          -3.435          -2.737         -11.847           61.410
   61 (vir)           57.582          -3.097          -1.947         -11.160           63.698
   62 (vir)           57.788          -1.890          -2.019         -11.223           65.102
   63 (vir)           61.104          -1.686          -2.030         -10.560           67.948
   64 (vir)           61.665          -3.043          -2.799         -12.154           67.978
   65 (vir)           62.690          -3.177          -2.790         -12.166           68.889
   66 (vir)           63.261          -2.741          -2.355         -11.452           69.618
   67 (vir)           63.767          -3.194          -2.651         -11.755           69.677
   68 (vir)           64.224          -2.566          -3.194         -12.569           71.034
   69 (vir)           66.353          -2.657          -2.467         -12.337           73.567
   70 (vir)           67.041          -6.036          -3.014         -13.009           71.000
   71 (vir)           68.690          -3.469          -3.956         -14.924           76.188
   72 (vir)           69.306          -5.497          -3.682         -14.456           74.583
   73 (vir)           70.001          -2.887          -2.197         -11.449           76.366
   74 (vir)           70.528          -3.793          -3.466         -13.766           77.035
   75 (vir)           71.200          -1.938          -3.054         -13.508           79.716
   76 (vir)           71.273          -2.233          -2.745         -12.990           79.286
   77 (vir)           73.882          -3.049          -2.072         -11.263           80.024
   78 (vir)           75.226          -3.164          -3.019         -13.344           82.388
   79 (vir)           75.647          -3.091          -2.739         -13.355           83.172
   80 (vir)           76.154          -2.342          -2.890         -13.293           84.215
   81 (vir)           77.536          -5.004          -2.984         -13.333           82.882
   82 (vir)           78.488          -3.159          -2.497         -13.024           85.856
   83 (vir)           78.975          -3.205          -2.478         -12.812           86.105
   84 (vir)           80.765          -3.502          -3.881         -15.255           88.637
   85 (vir)           81.903          -2.918          -2.826         -13.712           89.872
   86 (vir)           82.181          -3.940          -2.524         -13.352           89.069
   87 (vir)           82.591          -4.390          -3.100         -13.960           89.061
   88 (vir)           85.066          -3.805          -2.895         -14.192           92.559
   89 (vir)           85.069          -4.254          -3.243         -14.602           92.175
   90 (vir)           86.420          -4.355          -3.348         -14.303           93.020
   91 (vir)           87.501          -4.075          -3.901         -14.981           94.506
   92 (vir)           91.509          -4.228          -2.329         -13.241           98.192
   93 (vir)           93.093          -2.141          -3.793         -15.987          103.146
   94 (vir)           93.892          -3.864          -3.076         -14.352          101.303
   95 (vir)           94.769           0.097          -3.890         -15.679          106.655
   96 (vir)           99.954          -1.423          -4.846         -18.733          112.418
   97 (vir)          100.922          -0.621          -4.182         -16.928          113.046
   98 (vir)          101.827          -0.618          -2.147         -13.611          112.673
   99 (vir)          102.631          -8.265          -5.065         -19.217          108.518
  100 (vir)          103.016          -2.311          -3.984         -17.032          113.753
  101 (vir)          103.058          -7.856          -3.962         -17.235          108.475
  102 (vir)          104.747          -5.023          -3.562         -16.179          112.341
  103 (vir)          107.473          -3.090          -3.330         -15.265          116.318
  104 (vir)          110.517           0.061          -3.952         -17.113          123.740
  105 (vir)          113.885          -3.487          -3.161         -15.774          123.011
  106 (vir)          120.925           2.008          -3.566         -17.491          136.859
  107 (vir)          122.646          -4.912          -4.425         -19.236          132.545
  108 (vir)          129.608          -0.759          -3.202         -16.698          142.345
  109 (vir)          140.028          -6.211          -6.110         -23.046          150.753
  110 (vir)          148.925         -13.045          -3.474         -17.846          150.253
  111 (vir)          150.705         -11.137          -3.439         -17.911          154.040
  112 (vir)          154.725           6.611          -1.849         -13.945          173.432
  113 (vir)          155.043          -1.636          -1.903         -14.175          165.680
  114 (vir)          162.070           1.414          -1.778         -14.925          176.631
  115 (vir)          166.316           0.498          -2.146         -15.648          180.315
  116 (vir)          167.275           1.354          -1.980         -15.502          182.151
  117 (vir)          170.051           1.191          -2.053         -16.017          185.206
  118 (vir)          170.637          -3.190          -3.364         -18.511          182.594
  119 (vir)          174.773           2.791          -2.418         -17.093          192.239
  120 (vir)          175.390           0.073          -1.763         -15.669          189.369
  121 (vir)          175.772           7.247          -1.844         -15.806          196.981
  122 (vir)          178.094           0.902          -2.018         -16.112          193.089
  123 (vir)          180.683          -0.321          -1.988         -15.981          194.355
  124 (vir)          184.469          -1.689          -1.896         -16.026          196.911
  125 (vir)          185.219         -12.925          -2.056         -16.089          186.326
  126 (vir)          185.246         -12.675          -1.663         -15.744          186.651
  127 (vir)          186.003          -3.066          -2.606         -17.107          197.438
  128 (vir)          188.330           2.362          -2.803         -18.130          206.019
  129 (vir)          188.471           1.917          -2.704         -17.011          204.695
  130 (vir)          189.035          -4.479          -2.211         -16.830          199.175
  131 (vir)          193.661           1.155          -4.495         -21.050          211.371
  132 (vir)          194.913           2.739          -1.326         -13.781          210.107
  133 (vir)          195.011          10.967          -3.327         -19.417          222.068
  134 (vir)          198.576         -16.426          -2.533         -17.816          197.434
  135 (vir)          199.258           4.312          -2.327         -17.004          218.247
  136 (vir)          200.692           7.785          -2.185         -16.947          223.238
  137 (vir)          201.206           0.973          -2.097         -16.709          216.791
  138 (vir)          202.029          -0.975          -2.048         -16.298          215.304
  139 (vir)          204.250          -1.206          -1.660         -15.636          217.019
  140 (vir)          205.857           1.433          -1.743         -15.109          220.656
  141 (vir)          209.572          -3.046          -1.056         -13.523          218.993
  142 (vir)          209.721          -3.323          -1.371         -14.362          219.389
  143 (vir)          213.152           0.441          -1.735         -15.996          227.854
  144 (vir)          213.534           9.633          -1.854         -16.577          237.890
  145 (vir)          216.436           4.432          -1.602         -15.462          234.728
  146 (vir)          218.319           5.362          -1.922         -16.627          238.385
  147 (vir)          218.811           7.271          -2.156         -17.533          241.459
  148 (vir)          221.229           7.193          -2.435         -18.831          244.817
  149 (vir)          221.367           7.555          -2.410         -18.656          245.167
  150 (vir)          223.823          -2.492          -2.185         -17.816          236.963
  151 (vir)          224.958           4.330          -2.292         -18.155          245.150
  152 (vir)          226.737           4.698          -2.376         -18.840          247.898
  153 (vir)          226.775           4.276          -2.377         -18.405          247.079
  154 (vir)          226.998           5.523          -2.312         -18.346          248.555
  155 (vir)          227.855           0.138          -2.268         -18.290          244.015
  156 (vir)          228.035           4.774          -2.173         -17.667          248.303
  157 (vir)          228.310           6.072          -2.608         -18.824          250.597
  158 (vir)          231.938           3.442          -2.591         -19.143          251.931
  159 (vir)          233.476           2.050          -1.876         -16.785          250.435
  160 (vir)          234.914           2.507          -2.577         -19.417          254.262
  161 (vir)          235.115           6.496          -2.585         -18.670          257.697
  162 (vir)          235.574          -1.264          -2.616         -19.333          251.027
  163 (vir)          237.648           0.739          -2.663         -19.543          255.267
  164 (vir)          239.416          -3.958          -2.720         -19.628          252.366
  165 (vir)          240.160          -3.207          -2.551         -19.497          253.899
  166 (vir)          240.767           2.577          -2.405         -18.957          259.895
  167 (vir)          242.638           0.598          -2.820         -20.370          260.787
  168 (vir)          243.787           5.967          -2.777         -19.890          266.867
  169 (vir)          244.421           0.039          -2.678         -19.396          261.178
  170 (vir)          244.656           0.665          -2.624         -19.661          262.359
  171 (vir)          247.278           7.744          -3.305         -20.833          272.550
  172 (vir)          250.271           6.780          -3.146         -20.078          273.983
  173 (vir)          250.454           0.469          -2.736         -19.941          268.127
  174 (vir)          255.705          -9.465          -3.705         -21.320          263.855
  175 (vir)          259.649           4.595          -3.196         -20.386          281.435
  176 (vir)          260.576           2.399          -2.820         -20.401          280.556
  177 (vir)          263.642           3.545          -5.974         -24.279          285.491
  178 (vir)          265.776           6.893          -2.808         -20.637          290.498
  179 (vir)          267.705           3.569          -4.911         -23.121          289.484
  180 (vir)          270.475           4.178          -2.829         -20.217          292.042
  181 (vir)          274.199          -1.894          -2.088         -19.145          289.362
  182 (vir)          275.025           4.266          -3.857         -21.925          297.359
  183 (vir)          280.288           4.813          -2.675         -20.052          302.478
  184 (vir)          287.062           3.005          -5.742         -24.009          308.335
  185 (vir)          299.459           4.563          -2.816         -20.359          321.565
  186 (vir)          304.427           7.302          -2.674         -21.157          330.211
  187 (vir)          308.798           5.186          -2.628         -20.884          332.240
  188 (vir)          311.196           3.675          -1.742         -17.853          330.982
  189 (vir)          314.268           7.980          -1.894         -18.095          338.449
  190 (vir)          330.595           3.282          -4.036         -23.477          353.319
  191 (vir)          355.753           2.203          -2.449         -21.371          376.878
  192 (vir)          357.047           3.539          -2.277         -21.122          379.431
  193 (vir)          377.685           8.215          -4.165         -24.900          406.634
  194 (vir)          393.996           1.927          -3.266         -21.216          413.872
  195 (vir)          412.896           2.332          -5.257         -25.958          435.930
  196 (vir)          995.899           1.262         -15.663         -54.354         1035.851
  197 (vir)         1023.259           1.275         -15.310         -54.038         1063.262
  198 (vir)         1051.107           1.295         -14.938         -53.809         1091.273
  199 (vir)         5318.150           1.099         -17.734        -110.543         5412.057
  200 (vir)         5347.284           1.124         -17.620        -110.448         5441.236
  201 (vir)         5376.236           1.140         -17.513        -110.386         5470.250
