 
  kpoint:     0.0000    0.0000    0.0000
 
    n          ϵ_nk^DFT (eV)     Σ^c_nk (eV)     Σ^x_nk (eV)     v_n^xc (eV)   ϵ_nk^G0W0 (eV)
 
    1 (occ)       -14744.527           2.593        -684.545        -421.879       -15004.600
    2 (occ)       -14744.527           2.593        -684.545        -421.879       -15004.600
    3 (occ)        -1943.028           3.880        -255.461        -155.976        -2038.633
    4 (occ)        -1943.028           3.880        -255.461        -155.976        -2038.633
    5 (occ)        -1764.363           4.329        -249.500        -165.464        -1844.070
    6 (occ)        -1764.363           4.329        -249.500        -165.464        -1844.070
    7 (occ)        -1764.362           4.329        -249.499        -165.464        -1844.068
    8 (occ)        -1764.362           4.329        -249.499        -165.464        -1844.068
    9 (occ)        -1764.362           4.329        -249.499        -165.464        -1844.068
   10 (occ)        -1764.362           4.329        -249.499        -165.464        -1844.068
   11 (occ)         -286.778           7.034        -112.649         -69.716         -322.677
   12 (occ)         -286.778           7.033        -112.649         -69.716         -322.678
   13 (occ)         -222.270          11.980        -104.171         -68.668         -245.794
   14 (occ)         -222.270          11.980        -104.171         -68.668         -245.793
   15 (occ)         -222.264          11.990        -104.173         -68.669         -245.779
   16 (occ)         -222.264          11.990        -104.173         -68.669         -245.779
   17 (occ)         -222.264          11.991        -104.173         -68.669         -245.778
   18 (occ)         -222.264          11.991        -104.173         -68.669         -245.778
   19 (occ)         -106.042           8.640         -87.718         -65.342         -119.778
   20 (occ)         -106.042           8.640         -87.718         -65.342         -119.778
   21 (occ)         -106.041           8.640         -87.718         -65.343         -119.776
   22 (occ)         -106.041           8.640         -87.718         -65.343         -119.776
   23 (occ)         -106.041           8.640         -87.718         -65.343         -119.776
   24 (occ)         -106.041           8.640         -87.718         -65.343         -119.776
   25 (occ)         -106.037           8.641         -87.719         -65.344         -119.771
   26 (occ)         -106.037           8.641         -87.719         -65.344         -119.771
   27 (occ)         -106.037           8.641         -87.719         -65.344         -119.771
   28 (occ)         -106.037           8.641         -87.719         -65.344         -119.771
   29 (occ)          -30.473           8.296         -32.464         -22.123          -32.519
   30 (occ)          -30.463           8.294         -32.483         -22.144          -32.508
   31 (occ)          -15.760           1.933         -24.326         -18.655          -19.498
   32 (occ)          -15.699           1.989         -24.450         -18.798          -19.363
   33 (occ)          -15.699           1.989         -24.450         -18.798          -19.363
   34 (occ)          -15.681           2.033         -24.485         -18.845          -19.288
   35 (occ)          -15.681           2.033         -24.485         -18.845          -19.288
   36 (occ)          -15.606           2.140         -24.595         -18.973          -19.088
   37 (occ)           -2.442          -0.580          -5.407          -4.631           -3.797
   38 (vir)           -1.536          -1.081          -1.626          -3.603           -0.640
   39 (vir)           -0.959          -1.117          -1.196          -3.149           -0.123
   40 (vir)           -0.959          -1.117          -1.196          -3.149           -0.123
   41 (vir)           -0.582          -1.233          -0.946          -2.727           -0.033
   42 (vir)           -0.288          -1.175          -0.565          -2.203            0.175
   43 (vir)           -0.288          -1.175          -0.565          -2.203            0.175
   44 (vir)           -0.078          -1.198          -0.694          -2.620            0.649
   45 (vir)           -0.078          -1.198          -0.694          -2.620            0.649
   46 (vir)           -0.062          -0.990          -1.022          -2.743            0.668
   47 (vir)           -0.007          -1.524          -1.078          -3.339            0.729
   48 (vir)           -0.007          -1.524          -1.078          -3.339            0.729
   49 (vir)            0.089          -1.069          -0.657          -2.233            0.597
   50 (vir)            0.478          -0.655          -0.349          -1.373            0.847
   51 (vir)            0.525          -1.033          -0.558          -2.151            1.085
   52 (vir)            0.525          -1.034          -0.558          -2.151            1.085
   53 (vir)            0.809          -1.554          -1.832          -4.360            1.784
   54 (vir)            0.946          -0.865          -0.456          -1.805            1.431
   55 (vir)            0.946          -0.865          -0.456          -1.805            1.431
   56 (vir)            0.987          -0.650          -0.334          -1.380            1.383
   57 (vir)            0.987          -0.650          -0.334          -1.380            1.383
   58 (vir)            0.987          -0.861          -0.658          -2.083            1.551
   59 (vir)            1.086          -1.126          -1.014          -2.803            1.749
   60 (vir)            1.086          -1.126          -1.014          -2.803            1.749
   61 (vir)            1.111          -1.338          -1.235          -3.378            1.916
   62 (vir)            1.111          -1.338          -1.235          -3.378            1.916
   63 (vir)            1.299          -1.165          -1.044          -2.897            1.986
   64 (vir)            1.410          -1.104          -0.748          -2.362            1.921
   65 (vir)            1.410          -1.104          -0.748          -2.362            1.921
   66 (vir)            1.474          -1.731          -1.675          -4.223            2.291
   67 (vir)            1.474          -1.731          -1.675          -4.223            2.291
   68 (vir)            1.675          -0.311          -0.803          -2.600            3.161
   69 (vir)            2.187          -0.311          -0.624          -2.033            3.285
   70 (vir)            2.392          -0.707          -2.124          -5.368            4.929
   71 (vir)            2.392          -0.707          -2.124          -5.368            4.929
   72 (vir)            4.196          -0.553          -1.703          -4.578            6.519
   73 (vir)            5.625          -0.757          -1.724          -5.705            8.849
   74 (vir)            5.625          -0.757          -1.724          -5.705            8.849
   75 (vir)            5.682          -0.682          -1.454          -4.933            8.479
   76 (vir)            6.108          -0.955          -2.630          -6.620            9.144
   77 (vir)            6.108          -0.955          -2.630          -6.620            9.144
   78 (vir)            6.224          -0.972          -2.374          -5.914            8.792
   79 (vir)            6.246          -0.407          -0.312          -3.466            8.994
   80 (vir)            6.246          -0.407          -0.312          -3.466            8.994
   81 (vir)            6.295          -1.098          -3.846          -8.335            9.687
   82 (vir)            6.295          -1.098          -3.846          -8.335            9.687
   83 (vir)            6.434          -1.184          -4.651          -9.492           10.091
   84 (vir)            6.434          -1.184          -4.651          -9.492           10.091
   85 (vir)            6.538          -1.111          -4.293          -8.976           10.111
   86 (vir)            6.538          -1.111          -4.293          -8.976           10.111
   87 (vir)            6.625          -1.280          -3.944          -8.264            9.666
   88 (vir)            6.949          -0.930          -1.874          -5.150            9.296
   89 (vir)            6.957          -1.074          -3.075          -7.461           10.269
   90 (vir)            6.957          -1.074          -3.075          -7.461           10.269
   91 (vir)            7.041          -0.347          -0.298          -3.459            9.856
   92 (vir)            7.041          -0.347          -0.298          -3.459            9.856
   93 (vir)            7.219          -1.075          -3.318          -7.563           10.388
   94 (vir)            8.130          -0.765          -1.522          -4.975           10.818
   95 (vir)            8.366          -1.007          -2.167          -6.230           11.422
   96 (vir)            8.366          -1.007          -2.167          -6.230           11.422
   97 (vir)            8.420          -0.919          -2.349          -6.084           11.236
   98 (vir)            8.420          -0.919          -2.349          -6.084           11.236
   99 (vir)            8.532          -0.292          -0.472          -3.930           11.698
  100 (vir)            8.532          -0.292          -0.472          -3.930           11.698
  101 (vir)           11.236          -0.575          -0.417          -3.891           14.135
  102 (vir)           11.236          -0.575          -0.417          -3.891           14.135
  103 (vir)           12.662          -1.149          -1.960          -6.533           16.085
  104 (vir)           13.307          -1.084          -2.141          -6.394           16.476
  105 (vir)           28.167          -3.978          -2.554         -10.596           32.231
  106 (vir)           28.167          -3.978          -2.554         -10.596           32.231
  107 (vir)           28.195          -3.904          -2.562         -10.629           32.358
  108 (vir)           28.195          -3.904          -2.562         -10.629           32.358
  109 (vir)           28.427          -4.540          -2.542         -10.560           31.905
  110 (vir)           28.427          -4.540          -2.542         -10.560           31.905
  111 (vir)           28.873          -4.364          -2.525         -10.519           32.503
  112 (vir)           28.873          -4.364          -2.525         -10.519           32.503
  113 (vir)           29.149          -3.995          -2.580         -10.649           33.223
  114 (vir)           29.149          -3.995          -2.580         -10.649           33.223
  115 (vir)           29.240          -4.333          -2.548         -10.509           32.868
  116 (vir)           29.356          -4.607          -2.469         -10.374           32.655
  117 (vir)           29.356          -4.607          -2.469         -10.374           32.655
  118 (vir)           30.314          -3.449          -2.613         -10.539           34.792
  119 (vir)           30.779          -2.370          -6.014         -13.612           36.008
  120 (vir)           32.395          -2.328          -5.911         -13.522           37.677
  121 (vir)           34.213          -1.915          -3.674         -10.995           39.619
  122 (vir)           34.213          -1.915          -3.674         -10.995           39.619
  123 (vir)           34.991          -1.516          -3.174         -10.626           40.927
  124 (vir)           35.091          -3.032          -5.023         -12.688           39.724
  125 (vir)           35.091          -3.032          -5.023         -12.688           39.724
  126 (vir)           35.333          -1.190          -2.550          -9.571           41.163
  127 (vir)           35.333          -1.190          -2.550          -9.571           41.163
  128 (vir)           35.586          -1.571          -0.894          -7.496           40.617
  129 (vir)           35.586          -1.571          -0.894          -7.496           40.617
  130 (vir)           35.856          -1.581          -0.881          -7.466           40.860
  131 (vir)           35.856          -1.581          -0.881          -7.466           40.860
  132 (vir)           35.904          -1.610          -0.868          -7.426           40.852
  133 (vir)           35.904          -1.610          -0.868          -7.426           40.852
  134 (vir)           35.911          -1.604          -0.867          -7.426           40.867
  135 (vir)           35.911          -1.604          -0.867          -7.426           40.867
  136 (vir)           35.977          -1.524          -0.875          -7.471           41.049
  137 (vir)           35.977          -1.524          -0.875          -7.471           41.049
  138 (vir)           36.070          -0.968          -3.652         -11.051           42.501
  139 (vir)           36.076          -1.448          -3.322         -10.639           41.945
  140 (vir)           36.513          -1.325          -0.895          -7.555           41.848
  141 (vir)           36.513          -1.325          -0.895          -7.555           41.848
  142 (vir)           38.593          -1.054          -1.181          -8.009           44.367
  143 (vir)           38.593          -1.054          -1.181          -8.009           44.367
  144 (vir)           40.177          -1.210          -3.633         -11.230           46.563
  145 (vir)           49.292          -1.792         -11.205         -23.316           59.611
  146 (vir)           49.292          -1.792         -11.205         -23.316           59.611
  147 (vir)           49.427          -1.753         -11.175         -23.277           59.777
  148 (vir)           49.427          -1.753         -11.175         -23.277           59.777
  149 (vir)           49.453          -1.778         -11.176         -23.297           59.796
  150 (vir)           49.453          -1.778         -11.176         -23.297           59.796
  151 (vir)           49.765          -1.841         -11.097         -23.205           60.033
  152 (vir)           49.765          -1.841         -11.097         -23.205           60.033
  153 (vir)           51.458          -1.428         -10.172         -21.963           61.820
  154 (vir)           51.686          -1.719         -10.508         -22.440           61.898
  155 (vir)          120.374          -1.109         -10.467         -25.141          133.938
  156 (vir)          120.374          -1.109         -10.467         -25.141          133.938
  157 (vir)          120.897          -1.097         -10.428         -25.094          134.466
  158 (vir)          120.897          -1.097         -10.428         -25.094          134.466
  159 (vir)          121.545          -1.055         -10.381         -25.076          135.184
  160 (vir)          123.222          -1.034         -10.275         -24.943          136.856
  161 (vir)          177.417          -0.919         -17.296         -35.651          194.853
  162 (vir)          178.905          -0.903         -17.234         -35.603          196.371
  163 (vir)          233.197          -1.982         -21.961         -47.019          256.273
  164 (vir)          233.197          -1.982         -21.961         -47.019          256.273
  165 (vir)          233.279          -1.968         -21.955         -47.012          256.368
  166 (vir)          233.279          -1.968         -21.955         -47.012          256.368
  167 (vir)          233.301          -1.971         -21.947         -47.010          256.393
  168 (vir)          233.301          -1.971         -21.947         -47.010          256.393
  169 (vir)          233.465          -2.024         -21.937         -46.999          256.503
  170 (vir)          233.465          -2.024         -21.937         -46.999          256.503
  171 (vir)          233.942          -1.906         -21.889         -46.948          257.096
  172 (vir)          234.432          -2.054         -21.876         -46.931          257.432
  173 (vir)          743.722          -1.354         -30.102         -67.105          779.371
  174 (vir)          745.062          -1.353         -30.071         -67.081          780.719
  175 (vir)         2554.437          -1.611         -46.030        -112.358         2619.154
  176 (vir)         2555.659          -1.610         -46.015        -112.348         2620.383
  177 (vir)         8771.266          -1.144         -77.886        -201.738         8893.974
  178 (vir)         8772.411          -1.144         -77.879        -201.734         8895.122
  179 (vir)        51226.230          -1.478        -134.775        -464.454        51554.430
  180 (vir)        51228.304          -1.478        -134.772        -464.455        51556.509
