 
  kpoint:     0.0000    0.0000    0.0000
 
    n          ϵ_nk^DFT (eV)     Σ^c_nk (eV)     Σ^x_nk (eV)     v_n^xc (eV)   ϵ_nk^G0W0 (eV)
 
    1 (occ)         -510.263          -2.209        -132.564         -83.736         -561.299
    2 (occ)         -270.038           1.259         -96.851         -61.531         -304.099
    3 (occ)          -25.487           6.865         -32.894         -21.276          -30.240
    4 (occ)          -16.901           3.827         -25.118         -16.923          -21.269
    5 (occ)          -12.550           1.873         -23.756         -17.474          -16.959
    6 (occ)          -10.626           1.614         -21.010         -15.041          -14.981
    7 (occ)          -10.320           1.423         -22.074         -16.355          -14.615
    8 (occ)           -7.994           1.497         -23.561         -17.698          -12.359
    9 (occ)           -6.302           1.958         -24.901         -18.689          -10.557
   10 (vir)           -0.102          -1.057          -2.394          -5.788            2.235
   11 (vir)            0.766          -1.048          -2.512          -5.835            3.041
   12 (vir)            1.926          -1.077          -2.263          -5.640            4.226
   13 (vir)            1.989          -0.991          -1.942          -5.176            4.232
   14 (vir)            2.548          -1.093          -2.484          -5.963            4.934
   15 (vir)            3.349          -0.818          -1.464          -4.459            5.526
   16 (vir)            3.598          -0.771          -1.411          -4.344            5.760
   17 (vir)            5.771          -2.518          -5.118         -10.643            8.777
   18 (vir)            6.464          -1.566          -3.144          -7.410            9.165
   19 (vir)            7.159          -1.289          -2.451          -6.450            9.869
   20 (vir)            7.307          -1.757          -3.275          -7.904           10.178
   21 (vir)            8.266          -1.835          -3.108          -7.630           10.953
   22 (vir)            8.625          -2.143          -4.090          -9.126           11.518
   23 (vir)            8.818          -1.968          -3.272          -7.880           11.458
   24 (vir)            9.622          -1.711          -2.103          -6.432           12.240
   25 (vir)           10.079          -1.809          -2.504          -6.900           12.667
   26 (vir)           12.008          -1.683          -2.159          -6.894           15.060
   27 (vir)           12.849          -1.764          -2.055          -6.823           15.853
   28 (vir)           13.738          -1.767          -1.790          -6.619           16.800
   29 (vir)           15.735          -2.261          -2.365          -7.422           18.531
   30 (vir)           16.887          -2.450          -2.339          -7.607           19.706
   31 (vir)           17.353          -2.127          -1.225          -6.351           20.352
   32 (vir)           17.640          -3.355          -3.167          -9.372           20.489
   33 (vir)           18.869          -2.473          -1.948          -7.398           21.846
   34 (vir)           19.210          -2.384          -1.314          -6.444           21.955
   35 (vir)           20.033          -2.896          -1.016          -6.007           22.127
   36 (vir)           20.819          -2.275          -1.549          -6.760           23.755
   37 (vir)           21.352          -2.177          -2.191          -7.384           24.369
   38 (vir)           22.600          -2.566          -2.045          -7.745           25.734
   39 (vir)           23.718          -2.361          -2.346          -7.930           26.941
   40 (vir)           24.440          -2.441          -1.948          -7.412           27.462
   41 (vir)           25.026          -3.210          -1.886          -7.453           27.383
   42 (vir)           25.161          -3.240          -1.695          -7.191           27.418
   43 (vir)           27.360          -2.287          -1.450          -6.953           30.576
   44 (vir)           27.704          -3.145          -2.358          -8.780           30.982
   45 (vir)           27.922          -2.158          -1.010          -6.277           31.031
   46 (vir)           28.282          -2.449          -1.884          -7.727           31.676
   47 (vir)           30.142          -3.865          -1.648          -7.580           32.209
   48 (vir)           31.902          -3.585          -2.070          -8.345           34.592
   49 (vir)           34.487          -3.324          -3.793         -11.363           38.734
   50 (vir)           34.829          -2.939          -3.136         -10.255           39.010
   51 (vir)           35.930          -2.580          -3.154         -10.167           40.362
   52 (vir)           36.524          -2.359          -1.817          -8.148           40.495
   53 (vir)           36.609          -2.937          -1.714          -7.751           39.709
   54 (vir)           37.227          -3.064          -3.064         -10.521           41.619
   55 (vir)           44.127          -3.626          -2.753         -10.912           48.659
   56 (vir)           45.209          -4.419          -3.161         -11.445           49.075
   57 (vir)           45.729          -2.925          -3.350         -11.897           51.351
   58 (vir)           46.863          -2.582          -2.445         -10.442           52.277
   59 (vir)           47.142          -1.816          -2.024          -9.933           53.235
   60 (vir)           47.972          -4.354          -2.377         -10.523           51.765
   61 (vir)           48.675          -3.063          -3.083         -12.064           54.592
   62 (vir)           49.104          -2.302          -2.233         -10.648           55.217
   63 (vir)           49.551          -1.305          -2.274         -10.537           56.509
   64 (vir)           51.227          -2.214          -1.939         -10.137           57.212
   65 (vir)           51.999          -2.426          -2.516         -11.099           58.156
   66 (vir)           53.828          -2.501          -2.545         -11.244           60.026
   67 (vir)           55.500          -1.383          -1.491          -9.570           62.197
   68 (vir)           56.249          -1.787          -1.788         -10.085           62.759
   69 (vir)           56.341          -1.832          -1.462          -9.567           62.614
   70 (vir)           57.022          -0.288          -1.775         -10.179           65.138
   71 (vir)           57.982          -1.955          -1.690          -9.722           64.058
   72 (vir)           58.676          -2.142          -1.435          -9.493           64.592
   73 (vir)           60.360          -0.949          -1.928         -10.622           68.105
   74 (vir)           60.511          -2.321          -1.519          -9.518           66.188
   75 (vir)           61.953          -1.352          -1.943         -10.661           69.318
   76 (vir)           63.784          -1.351          -1.129          -8.908           70.211
   77 (vir)           65.613          -2.703          -1.461          -9.460           70.909
   78 (vir)           66.608          -1.328          -1.620          -9.882           73.543
   79 (vir)           66.960          -0.443          -2.210         -10.959           75.267
   80 (vir)           67.612          -1.474          -1.705         -10.267           74.701
   81 (vir)           68.703           3.217          -1.611          -9.972           80.280
   82 (vir)           68.808          -1.521          -1.364          -9.368           75.291
   83 (vir)           71.561          -2.604          -1.343          -9.524           77.138
   84 (vir)           72.031           1.852          -1.594          -9.940           82.230
   85 (vir)           73.660           0.446          -1.580          -9.950           82.476
   86 (vir)           74.035          -0.758          -2.215         -11.261           82.323
   87 (vir)           75.465           3.329          -1.413          -9.714           87.095
   88 (vir)           76.161          -3.701          -1.237          -9.619           80.842
   89 (vir)           76.368          -0.658          -1.416         -10.127           84.421
   90 (vir)           77.262          -2.365          -0.918          -8.946           82.925
   91 (vir)           78.902          -0.176          -2.184         -11.293           87.835
   92 (vir)           79.484          -7.185          -1.932         -11.177           81.544
   93 (vir)           80.634          -1.353          -1.551         -10.596           88.326
   94 (vir)           83.144          -1.882          -1.716         -10.833           90.379
   95 (vir)           83.284          -9.795          -2.641         -12.663           83.511
   96 (vir)           83.903          -0.816          -1.948         -11.575           92.714
   97 (vir)           87.079          -0.390          -1.476         -10.548           95.761
   98 (vir)           87.117          -2.647          -2.131         -11.812           94.152
   99 (vir)           88.734          -1.807          -1.951         -11.851           96.826
  100 (vir)           89.849          -2.670          -2.925         -13.719           97.972
  101 (vir)           93.726          -0.827          -2.831         -13.439          103.507
  102 (vir)           95.279          -0.876          -2.137         -12.045          104.311
  103 (vir)           99.593          -3.573          -3.171         -14.972          107.820
  104 (vir)          100.638          -1.572          -2.122         -12.775          109.719
  105 (vir)          101.496          -0.463          -1.715         -11.932          111.250
  106 (vir)          102.916          -2.854          -3.316         -15.256          112.002
  107 (vir)          102.986          -2.072          -3.277         -14.954          112.591
  108 (vir)          104.077          -3.083          -2.677         -14.302          112.620
  109 (vir)          106.573          -2.658          -3.079         -14.947          115.783
  110 (vir)          108.858          -1.377          -2.520         -14.180          119.141
  111 (vir)          109.176          -2.210          -2.462         -14.349          118.853
  112 (vir)          110.010          -4.842          -3.048         -15.087          117.207
  113 (vir)          112.172          -2.867          -3.547         -16.007          121.765
  114 (vir)          117.968          -2.029          -3.594         -16.471          128.816
  115 (vir)          118.019          -3.507          -2.924         -15.267          126.857
  116 (vir)          118.381          -2.854          -3.586         -16.220          128.161
  117 (vir)          119.077          -3.604          -4.102         -17.467          128.837
  118 (vir)          125.186           3.962          -3.015         -15.456          141.589
  119 (vir)          135.432          -3.458          -3.433         -16.516          145.057
  120 (vir)          137.195           2.105          -5.276         -20.289          154.312
  121 (vir)          141.880          -4.963          -4.492         -19.553          151.978
  122 (vir)          143.198         -12.010          -1.958         -14.567          143.797
  123 (vir)          143.317          -3.578          -1.702         -14.136          152.172
  124 (vir)          144.093          -1.355          -2.370         -15.362          155.731
  125 (vir)          145.269          -3.430          -3.022         -16.863          155.681
  126 (vir)          148.829           2.357          -1.730         -14.309          163.765
  127 (vir)          151.671          -5.289          -1.889         -14.969          159.461
  128 (vir)          152.287          -3.774          -1.601         -13.792          160.704
  129 (vir)          153.687           0.791          -1.635         -13.739          166.582
  130 (vir)          155.018           0.185          -1.364         -13.262          167.102
  131 (vir)          155.773          -2.379          -1.077         -12.254          164.571
  132 (vir)          157.436          -9.982          -1.403         -13.111          159.162
  133 (vir)          159.344          -0.379          -0.745         -11.313          169.533
  134 (vir)          160.524           0.147          -2.145         -15.244          173.770
  135 (vir)          161.822          -3.161          -1.441         -13.575          170.795
  136 (vir)          163.458          -4.728          -1.553         -14.261          171.439
  137 (vir)          164.968          -4.848          -1.737         -14.462          172.845
  138 (vir)          165.376          -3.477          -1.238         -12.850          173.512
  139 (vir)          165.508          -1.347          -1.146         -12.640          175.655
  140 (vir)          166.166          -3.935          -1.537         -13.831          174.526
  141 (vir)          166.745          -0.873          -1.519         -13.786          178.138
  142 (vir)          169.205          -1.417          -1.508         -13.726          180.007
  143 (vir)          170.162           0.241          -1.432         -13.961          182.933
  144 (vir)          170.883          -2.628          -1.389         -13.649          180.515
  145 (vir)          172.763           7.890          -1.610         -14.433          193.475
  146 (vir)          174.814           4.149          -1.506         -14.055          191.512
  147 (vir)          175.882         -22.758          -1.768         -14.903          166.259
  148 (vir)          178.038           4.757          -1.960         -15.083          195.919
  149 (vir)          181.272           5.505          -1.772         -15.143          200.149
  150 (vir)          181.449          -0.056          -1.874         -15.533          195.052
  151 (vir)          181.712          -0.865          -1.349         -13.721          193.219
  152 (vir)          184.503           4.228          -2.105         -15.056          201.683
  153 (vir)          186.326           4.684          -2.547         -15.862          204.324
  154 (vir)          188.678          -3.448          -0.978         -12.717          196.968
  155 (vir)          193.584          -1.984          -1.367         -13.723          203.956
  156 (vir)          194.029           1.256          -1.211         -13.449          207.523
  157 (vir)          195.985           2.179          -1.247         -13.427          210.343
  158 (vir)          196.719           5.078          -1.235         -14.132          214.694
  159 (vir)          197.701          -0.115          -1.792         -14.658          210.452
  160 (vir)          198.280          -0.440          -1.856         -14.978          210.962
  161 (vir)          199.394           1.958          -1.193         -13.781          213.941
  162 (vir)          200.630           2.101          -1.110         -13.155          214.776
  163 (vir)          200.928           1.881          -2.217         -15.807          216.399
  164 (vir)          201.495           0.646          -1.137         -13.682          214.685
  165 (vir)          204.499           5.943          -1.357         -14.250          223.335
  166 (vir)          204.839           1.553          -1.106         -13.261          218.547
  167 (vir)          205.211           3.189          -0.936         -12.917          220.381
  168 (vir)          206.555           0.472          -0.946         -12.930          219.011
  169 (vir)          207.792           1.514          -1.236         -13.488          221.558
  170 (vir)          209.083           3.712          -0.801         -12.237          224.232
  171 (vir)          209.547           0.574          -0.836         -12.181          221.466
  172 (vir)          210.873          -0.533          -1.164         -13.531          222.707
  173 (vir)          212.107           1.055          -3.238         -17.665          227.589
  174 (vir)          214.990           2.851          -1.048         -12.832          229.625
  175 (vir)          216.148           5.305          -0.858         -12.729          233.325
  176 (vir)          218.200           2.375          -1.398         -14.583          233.761
  177 (vir)          221.380           1.822          -1.692         -15.511          237.021
  178 (vir)          222.301           4.472          -1.715         -15.357          240.416
  179 (vir)          222.473           1.237          -1.665         -15.533          237.577
  180 (vir)          223.416           3.878          -1.254         -14.508          240.548
  181 (vir)          224.495           1.320          -2.314         -17.112          240.612
  182 (vir)          225.047           0.590          -0.952         -13.510          238.195
  183 (vir)          225.095           1.814          -0.959         -13.401          239.350
  184 (vir)          226.438          -3.081          -0.963         -13.578          235.971
  185 (vir)          227.206           1.054          -0.856         -12.739          240.143
  186 (vir)          229.577           3.097          -1.651         -15.011          246.035
  187 (vir)          232.184           1.634          -1.751         -15.643          247.710
  188 (vir)          233.491           2.614          -1.476         -15.061          249.691
  189 (vir)          233.720           0.879          -1.297         -14.475          247.777
  190 (vir)          235.102           0.999          -1.417         -15.236          249.920
  191 (vir)          238.228           0.681          -1.100         -13.987          251.796
  192 (vir)          238.592           1.266          -1.166         -14.208          252.900
  193 (vir)          239.806           3.616          -1.371         -14.905          256.957
  194 (vir)          240.424          -1.313          -1.044         -13.940          252.006
  195 (vir)          243.833          -0.384          -1.724         -16.229          257.954
  196 (vir)          250.057          -0.108          -1.953         -17.553          265.550
  197 (vir)          253.846          -3.578          -2.043         -17.827          266.051
  198 (vir)          257.852           5.264          -1.688         -16.716          278.144
  199 (vir)          257.942           1.208          -1.917         -17.452          274.685
  200 (vir)          260.148           0.508          -1.731         -16.761          275.685
  201 (vir)          264.134           3.821          -1.038         -14.532          281.449
  202 (vir)          264.472           2.640          -1.024         -14.496          280.583
  203 (vir)          266.506           3.613          -1.446         -16.396          285.069
  204 (vir)          267.726           0.842          -2.282         -19.090          285.377
  205 (vir)          269.628           1.319          -1.709         -16.660          285.897
  206 (vir)          272.584           5.844          -1.602         -16.629          293.456
  207 (vir)          275.718           1.257          -1.672         -16.833          292.136
  208 (vir)          279.374           5.766          -1.415         -16.493          300.218
  209 (vir)          280.216           2.313          -2.495         -19.360          299.393
  210 (vir)          284.710           5.683          -1.497         -16.894          305.791
  211 (vir)          289.490           0.585          -2.390         -19.130          306.816
  212 (vir)          293.210           3.126          -2.774         -20.626          314.188
  213 (vir)          304.596           6.433          -2.797         -20.823          329.055
  214 (vir)          305.868          10.222          -3.352         -22.823          335.562
  215 (vir)          306.651          -9.179          -3.091         -21.962          316.343
  216 (vir)          312.378           2.999          -1.658         -17.288          331.007
  217 (vir)          313.655           0.810          -2.598         -20.528          332.396
  218 (vir)          316.500           1.544          -2.801         -20.616          335.858
  219 (vir)          317.148          12.096          -3.190         -22.461          348.514
  220 (vir)          319.764           1.694          -2.279         -19.283          338.461
  221 (vir)          323.469           7.346          -2.949         -21.917          349.783
  222 (vir)          330.509           4.928          -3.442         -22.908          354.902
  223 (vir)          336.165           2.825          -4.202         -25.322          360.110
  224 (vir)          340.006           8.607          -4.663         -24.961          368.912
  225 (vir)          350.653           5.327          -3.956         -24.487          376.511
  226 (vir)          355.867           2.168          -3.005         -20.097          375.127
  227 (vir)          376.382           5.492          -3.031         -22.631          401.475
  228 (vir)          380.832           9.592          -4.084         -24.243          410.584
  229 (vir)          385.729           1.145          -5.688         -26.951          408.137
  230 (vir)          452.132           2.778          -4.121         -24.309          475.098
  231 (vir)          779.283           1.212         -12.520         -45.590          813.565
  232 (vir)         1305.417           1.420         -17.937         -62.190         1351.090
  233 (vir)         4009.827           1.323         -14.674         -94.446         4090.923
  234 (vir)         6872.802           1.135         -20.580        -126.319         6979.677
