 
  kpoint:     0.0000    0.0000    0.0000
 
    n          ϵ_nk^DFT (eV)     Σ^c_nk (eV)     Σ^x_nk (eV)     v_n^xc (eV)   ϵ_nk^G0W0 (eV)
 
    1 (occ)         -272.495           2.295         -96.975         -61.518         -305.657
    2 (occ)         -272.494           2.364         -96.970         -61.520         -305.580
    3 (occ)         -272.452           2.500         -96.958         -61.544         -305.366
    4 (occ)         -272.447           2.561         -96.945         -61.547         -305.284
    5 (occ)          -26.738           6.348         -27.898         -18.222          -30.067
    6 (occ)          -19.380           4.134         -24.929         -17.464          -22.711
    7 (occ)          -14.133           3.669         -22.205         -15.833          -16.836
    8 (occ)          -12.316          -0.415         -16.487         -13.654          -15.564
    9 (occ)          -10.776           0.789         -20.205         -15.908          -14.284
   10 (occ)          -10.329           2.087         -19.940         -14.580          -13.603
   11 (occ)           -7.348           0.397         -18.526         -14.666          -10.812
   12 (occ)           -7.236           1.055         -19.160         -14.565          -10.776
   13 (vir)           -6.095          -3.040          -6.884         -13.079           -2.941
   14 (vir)           -3.914          -3.261          -6.804         -13.185           -0.794
   15 (vir)           -1.928          -2.268          -8.936         -14.169            1.037
   16 (vir)           -0.810          -5.167          -5.620         -13.072            1.475
   17 (vir)            1.323          -1.027          -1.690          -4.452            3.058
   18 (vir)            2.080          -0.841          -1.425          -3.887            3.701
   19 (vir)            2.107          -1.390          -1.027          -4.187            3.877
   20 (vir)            2.253          -1.154          -1.959          -5.033            4.173
   21 (vir)            3.124          -1.056          -1.602          -4.634            5.100
   22 (vir)            3.128          -1.523          -2.124          -5.788            5.269
   23 (vir)            3.353          -1.031          -1.281          -4.076            5.118
   24 (vir)            4.011          -1.183          -0.754          -3.735            5.809
   25 (vir)            4.292          -1.324          -0.937          -4.082            6.112
   26 (vir)            4.950          -0.952          -1.160          -4.094            6.932
   27 (vir)            5.752          -1.148          -1.412          -4.461            7.653
   28 (vir)            6.061          -1.206          -0.752          -3.794            7.898
   29 (vir)            6.730          -3.288          -4.216         -10.032            9.258
   30 (vir)            6.773          -3.969          -7.850         -15.042            9.996
   31 (vir)            7.565          -3.667          -5.414         -11.699           10.184
   32 (vir)            8.030          -2.485          -2.827          -7.799           10.517
   33 (vir)            8.674          -2.068          -2.773          -7.081           10.914
   34 (vir)            8.886          -1.706          -1.309          -4.911           10.782
   35 (vir)            9.627          -2.534          -3.799          -8.567           11.861
   36 (vir)           10.553          -1.315          -1.280          -4.445           12.404
   37 (vir)           11.109          -1.557          -2.222          -7.783           15.113
   38 (vir)           12.641          -2.176          -2.333          -7.966           16.097
   39 (vir)           14.664          -2.105          -1.977          -6.756           17.338
   40 (vir)           15.319          -3.126          -2.474          -8.550           18.269
   41 (vir)           16.415          -2.368          -2.408          -7.486           19.125
   42 (vir)           16.684          -3.220          -1.536          -7.249           19.177
   43 (vir)           16.994          -2.662          -1.927          -7.668           20.072
   44 (vir)           17.137          -3.159          -2.350          -8.001           19.629
   45 (vir)           17.654          -3.963          -2.020          -8.404           20.075
   46 (vir)           18.288          -5.161          -4.051         -11.823           20.899
   47 (vir)           18.853          -3.958          -2.866          -9.539           21.568
   48 (vir)           19.224          -3.590          -1.710          -7.698           21.621
   49 (vir)           19.309          -4.152          -1.859          -8.444           21.742
   50 (vir)           19.343          -2.970          -2.298          -8.297           22.372
   51 (vir)           20.694          -4.152          -2.659          -9.309           23.192
   52 (vir)           20.748          -3.295          -1.822          -8.127           23.758
   53 (vir)           21.851          -2.006          -0.726          -5.548           24.666
   54 (vir)           22.106          -2.733          -1.868          -7.287           24.792
   55 (vir)           22.486          -2.270          -0.736          -5.699           25.179
   56 (vir)           23.186          -2.560          -1.720          -7.071           25.977
   57 (vir)           23.668          -3.298          -1.578          -7.352           26.145
   58 (vir)           23.836          -2.921          -1.645          -7.513           26.783
   59 (vir)           24.298          -3.274          -1.614          -7.660           27.070
   60 (vir)           24.475          -3.065          -1.904          -7.152           26.658
   61 (vir)           24.732          -1.582          -0.932          -6.263           28.482
   62 (vir)           25.523          -2.062          -0.869          -6.170           28.763
   63 (vir)           25.873          -3.573          -2.154          -7.520           27.667
   64 (vir)           26.135          -4.795          -2.003          -7.540           26.877
   65 (vir)           27.995          -2.807          -1.835          -7.731           31.085
   66 (vir)           28.865          -2.308          -1.239          -7.356           32.673
   67 (vir)           28.893          -1.643          -0.518          -5.203           31.935
   68 (vir)           30.479          -1.900          -0.656          -5.517           33.439
   69 (vir)           36.754          -2.690          -2.875         -10.669           41.858
   70 (vir)           37.365          -2.001          -3.544         -12.575           44.396
   71 (vir)           38.335          -1.981          -3.394         -12.393           45.353
   72 (vir)           40.165          -1.592          -2.970         -11.615           47.218
   73 (vir)           40.974          -2.415          -4.129         -13.077           47.507
   74 (vir)           42.781          -1.876          -3.099         -11.680           49.487
   75 (vir)           43.695          -1.192          -2.476         -11.278           51.305
   76 (vir)           45.655          -0.407          -1.759         -10.264           53.753
   77 (vir)           45.672          -1.293          -3.281         -12.408           53.506
   78 (vir)           47.757          -2.224          -2.836         -11.741           54.438
   79 (vir)           48.322          -1.359          -2.309         -11.005           55.658
   80 (vir)           49.625          -0.971          -1.585          -9.666           56.735
   81 (vir)           49.729          -1.471          -2.625         -11.897           57.530
   82 (vir)           51.702          -0.763          -1.859         -10.487           59.567
   83 (vir)           52.088          -1.801          -2.111         -11.085           59.262
   84 (vir)           53.523          -0.981          -1.739         -10.504           61.307
   85 (vir)           53.547          -1.154          -1.920         -10.419           60.892
   86 (vir)           53.585          -0.912          -1.945         -10.953           61.681
   87 (vir)           53.677           0.619          -2.816         -12.321           63.801
   88 (vir)           53.952          -0.652          -1.797         -10.572           62.076
   89 (vir)           56.071          -0.766          -2.334         -11.295           64.266
   90 (vir)           56.101          -1.475          -2.743         -12.091           63.974
   91 (vir)           56.292          -0.791          -1.663         -10.658           64.496
   92 (vir)           56.617          -1.191          -2.522         -11.479           64.383
   93 (vir)           58.406          -0.827          -1.725         -10.392           66.245
   94 (vir)           58.962          -0.619          -1.346         -10.056           67.053
   95 (vir)           59.050          -2.695          -2.417         -11.610           65.548
   96 (vir)           59.370           0.811          -2.491         -11.379           69.070
   97 (vir)           59.718          -0.571          -1.333         -10.058           67.871
   98 (vir)           59.919          -2.502          -2.890         -12.315           66.841
   99 (vir)           60.138          -0.421          -1.604         -10.307           68.420
  100 (vir)           60.654          -0.997          -2.584         -11.724           68.797
  101 (vir)           61.366          -1.000          -1.366         -10.227           69.228
  102 (vir)           62.244          -4.360          -3.229         -12.714           67.368
  103 (vir)           62.572          -0.565          -2.732         -12.661           71.935
  104 (vir)           63.673          -1.088          -1.634         -10.515           71.466
  105 (vir)           64.238          -1.010          -2.778         -13.108           73.558
  106 (vir)           64.533          -0.167          -2.560         -12.575           74.380
  107 (vir)           64.556          -1.356          -2.822         -11.777           72.154
  108 (vir)           65.335          -0.758          -2.983         -13.345           74.938
  109 (vir)           65.445          -2.418          -3.148         -12.814           72.694
  110 (vir)           67.165           1.315          -3.351         -14.683           79.812
  111 (vir)           68.777          -0.503          -3.099         -14.343           79.518
  112 (vir)           68.880          -0.720          -2.563         -12.293           77.890
  113 (vir)           69.326          -0.118          -2.119         -12.044           79.133
  114 (vir)           71.519          -0.446          -2.705         -13.218           81.586
  115 (vir)           73.235          -1.649          -2.288         -12.203           81.500
  116 (vir)           74.520          -0.325          -1.388         -10.771           83.578
  117 (vir)           76.587          -0.245          -4.384         -17.033           88.992
  118 (vir)           77.412          -0.565          -1.703         -11.866           87.010
  119 (vir)           80.132          -0.343          -3.514         -15.344           91.620
  120 (vir)           81.439           0.036          -2.675         -13.746           92.545
  121 (vir)           82.322          -0.334          -3.344         -15.154           93.799
  122 (vir)           86.081           0.140          -2.952         -14.277           97.546
  123 (vir)           89.216          -0.833          -5.107         -18.911          102.186
  124 (vir)           90.776          -0.050          -3.347         -15.978          103.357
  125 (vir)           92.187          -0.312          -2.835         -15.049          104.090
  126 (vir)           92.284          -0.098          -3.285         -15.867          104.768
  127 (vir)           96.416          -0.319          -2.986         -15.006          108.116
  128 (vir)          107.907          -0.540          -3.033         -15.925          120.258
  129 (vir)          111.790          -0.290          -2.187         -14.611          123.924
  130 (vir)          115.197          -0.509          -2.342         -14.837          127.183
  131 (vir)          115.642          -1.196          -2.779         -15.566          127.232
  132 (vir)          119.780          -0.636          -2.107         -14.487          131.525
  133 (vir)          121.597          -0.312          -2.448         -15.348          134.185
  134 (vir)          122.084          -1.271          -2.866         -16.060          134.008
  135 (vir)          123.242          -0.862          -1.551         -13.469          134.298
  136 (vir)          123.812           4.422          -1.990         -14.189          140.433
  137 (vir)          126.477          -0.239          -3.608         -17.996          140.625
  138 (vir)          126.832          -0.473          -1.794         -14.185          138.751
  139 (vir)          128.026          -0.507          -2.944         -16.680          141.255
  140 (vir)          128.733           0.126          -1.829         -14.289          141.319
  141 (vir)          129.376          -0.520          -3.128         -16.793          142.522
  142 (vir)          129.921          -0.275          -1.939         -14.853          142.560
  143 (vir)          130.824          -0.296          -1.732         -14.038          142.834
  144 (vir)          132.112           0.068          -1.372         -13.150          143.958
  145 (vir)          132.778          -0.153          -1.885         -14.595          145.335
  146 (vir)          136.727          -0.269          -1.798         -14.551          149.212
  147 (vir)          137.434          -0.936          -2.980         -16.804          150.321
  148 (vir)          139.414           0.193          -1.669         -14.184          152.122
  149 (vir)          144.028          -0.603          -2.309         -15.898          157.015
  150 (vir)          146.454          -0.310          -1.595         -14.278          158.828
  151 (vir)          146.786          -0.451          -1.596         -14.331          159.071
  152 (vir)          146.917          -0.185          -1.519         -14.097          159.311
  153 (vir)          147.104          -0.520          -2.276         -15.959          160.267
  154 (vir)          147.288          -0.452          -1.826         -14.914          159.923
  155 (vir)          149.384          -0.252          -2.323         -15.751          162.560
  156 (vir)          150.257          -0.506          -1.796         -15.120          163.074
  157 (vir)          151.448          -0.687          -2.052         -15.401          164.108
  158 (vir)          153.092          -0.834          -1.647         -14.850          165.461
  159 (vir)          154.933          -0.423          -1.475         -14.252          167.287
  160 (vir)          155.320          -0.998          -1.950         -15.840          168.212
  161 (vir)          156.760          -0.294          -1.641         -14.783          169.609
  162 (vir)          157.200          -0.639          -1.834         -15.139          169.866
  163 (vir)          157.395           0.054          -1.305         -13.667          169.811
  164 (vir)          158.341          -0.404          -1.885         -15.672          171.725
  165 (vir)          158.430          -0.593          -2.102         -16.259          171.993
  166 (vir)          160.240          -0.482          -1.774         -15.006          172.990
  167 (vir)          160.537          -0.656          -1.554         -14.839          173.166
  168 (vir)          161.284          -0.256          -1.754         -15.105          174.380
  169 (vir)          161.968          -0.483          -1.551         -14.693          174.626
  170 (vir)          162.515          -0.430          -1.706         -15.090          175.470
  171 (vir)          163.406          -0.425          -1.857         -15.347          176.473
  172 (vir)          163.468          -0.311          -1.454         -14.232          175.935
  173 (vir)          163.777          -0.190          -1.471         -14.274          176.390
  174 (vir)          164.115          -0.654          -1.746         -15.292          177.007
  175 (vir)          164.974          -0.227          -1.578         -14.944          178.113
  176 (vir)          165.084          -0.675          -1.860         -15.537          178.086
  177 (vir)          167.955          -0.581          -1.821         -15.579          181.132
  178 (vir)          168.454          -1.001          -1.902         -15.702          181.253
  179 (vir)          168.554          -0.708          -1.963         -15.857          181.739
  180 (vir)          169.584          -0.693          -1.843         -15.862          182.909
  181 (vir)          169.695          -0.732          -1.869         -15.719          182.814
  182 (vir)          169.732          -0.649          -1.821         -15.744          183.007
  183 (vir)          169.899          -0.861          -2.231         -16.422          183.229
  184 (vir)          171.044          -0.659          -1.808         -15.709          184.286
  185 (vir)          172.094          -0.387          -1.555         -15.025          185.177
  186 (vir)          174.101          -1.219          -2.098         -16.287          187.070
  187 (vir)          176.360          -1.016          -2.639         -17.370          190.075
  188 (vir)          177.009          -0.290          -1.500         -15.003          190.221
  189 (vir)          177.035          -1.074          -4.209         -19.546          191.298
  190 (vir)          177.260          -0.310          -1.606         -15.233          190.577
  191 (vir)          177.883          -0.251          -1.448         -14.909          191.093
  192 (vir)          179.173          -0.747          -2.118         -16.286          192.593
  193 (vir)          181.106          -0.098          -1.399         -14.776          194.385
  194 (vir)          182.205          -0.193          -1.750         -15.842          196.104
  195 (vir)          183.118          -0.438          -1.522         -15.172          196.331
  196 (vir)          184.416          -0.602          -3.549         -18.200          198.465
  197 (vir)          186.992          -0.768          -5.311         -20.644          201.557
  198 (vir)          187.262          -0.457          -4.241         -19.226          201.789
  199 (vir)          189.775          -0.075          -1.391         -15.060          203.369
  200 (vir)          191.842          -0.463          -3.549         -18.385          206.215
  201 (vir)          195.754          -0.692          -3.526         -18.258          209.794
  202 (vir)          198.094          -0.535          -2.253         -17.301          212.607
  203 (vir)          201.109          -0.799          -2.392         -17.441          215.359
  204 (vir)          204.742          -0.539          -4.694         -19.954          219.464
  205 (vir)          208.312          -0.572          -2.402         -17.660          222.999
  206 (vir)          211.392          -0.397          -1.423         -15.602          225.175
  207 (vir)          215.199          -0.451          -2.826         -17.744          229.665
  208 (vir)          217.266          -0.526          -1.902         -16.756          231.594
  209 (vir)          218.090          -0.379          -1.911         -16.744          232.545
  210 (vir)          218.596          -0.051          -1.716         -16.427          233.256
  211 (vir)          219.647          -0.524          -1.442         -15.783          233.465
  212 (vir)          220.120          -0.484          -1.762         -16.529          234.404
  213 (vir)          223.387          -1.143          -1.939         -17.350          237.655
  214 (vir)          223.397          -0.805          -2.105         -17.550          238.037
  215 (vir)          232.234          -0.587          -1.934         -17.198          246.911
  216 (vir)          259.311          -0.638          -2.757         -19.070          274.986
  217 (vir)          262.049          -0.362          -3.200         -20.097          278.584
  218 (vir)          264.593          -0.866          -5.370         -23.325          281.682
  219 (vir)          268.648          -0.770          -4.726         -22.171          285.324
  220 (vir)          270.529          -0.841          -5.429         -23.321          287.581
  221 (vir)          731.260          -1.112         -13.409         -46.513          763.252
  222 (vir)          752.747          -1.049         -13.094         -46.163          784.767
  223 (vir)          762.864          -1.097         -12.929         -46.174          795.012
  224 (vir)          764.502          -1.061         -12.899         -46.039          796.581
  225 (vir)         3961.649          -1.796         -14.962         -94.743         4039.633
  226 (vir)         3982.105          -1.779         -14.902         -94.695         4060.119
  227 (vir)         3992.377          -1.790         -14.814         -94.620         4070.393
  228 (vir)         3993.448          -1.781         -14.834         -94.636         4071.469
