 
  kpoint:     0.0000    0.0000    0.0000
 
    n          ϵ_nk^DFT (eV)     Σ^c_nk (eV)     Σ^x_nk (eV)     v_n^xc (eV)   ϵ_nk^G0W0 (eV)
 
    1 (occ)        -4839.179          -3.569        -396.189        -245.637        -4993.300
    2 (occ)         -660.761           2.940        -150.691         -94.985         -713.527
    3 (occ)         -660.761           2.967        -150.691         -94.985         -713.500
    4 (occ)         -660.761           2.968        -150.691         -94.985         -713.499
    5 (occ)         -660.761           2.968        -150.691         -94.985         -713.499
    6 (occ)         -533.450          -5.860        -135.012         -83.003         -591.320
    7 (occ)         -445.968          10.765        -127.920         -87.081         -476.041
    8 (occ)         -445.968          10.765        -127.920         -87.081         -476.041
    9 (occ)         -445.968          10.765        -127.920         -87.081         -476.041
   10 (occ)          -63.606          11.072         -47.672         -30.927          -69.279
   11 (occ)          -40.857           6.921         -39.270         -28.407          -44.799
   12 (occ)          -40.857           6.921         -39.270         -28.407          -44.799
   13 (occ)          -40.857           6.921         -39.270         -28.407          -44.799
   14 (occ)          -29.576           9.142         -39.761         -25.776          -34.419
   15 (occ)          -29.194           8.784         -39.915         -26.274          -34.051
   16 (occ)          -29.194           8.784         -39.915         -26.274          -34.051
   17 (occ)          -29.194           8.784         -39.915         -26.274          -34.051
   18 (occ)          -11.973           3.793         -30.035         -23.013          -15.203
   19 (occ)          -11.973           3.793         -30.035         -23.013          -15.203
   20 (occ)          -11.973           3.793         -30.035         -23.013          -15.203
   21 (occ)          -11.636           4.086         -28.882         -21.579          -14.852
   22 (occ)          -11.636           4.086         -28.882         -21.579          -14.852
   23 (occ)          -11.462           4.048         -30.737         -23.263          -14.888
   24 (occ)          -10.854           4.188         -30.366         -22.734          -14.297
   25 (occ)          -10.854           4.188         -30.366         -22.734          -14.297
   26 (occ)          -10.854           4.188         -30.366         -22.734          -14.297
   27 (occ)          -10.426           4.236         -31.041         -23.342          -13.889
   28 (occ)          -10.426           4.236         -31.041         -23.342          -13.889
   29 (occ)          -10.426           4.236         -31.041         -23.342          -13.889
   30 (vir)           -4.190          -4.967         -15.333         -23.884           -0.605
   31 (vir)           -4.190          -4.967         -15.333         -23.884           -0.605
   32 (vir)           -2.927          -4.513         -15.491         -23.503            0.571
   33 (vir)           -2.927          -4.513         -15.491         -23.503            0.571
   34 (vir)           -2.927          -4.513         -15.491         -23.503            0.571
   35 (vir)           -0.969          -0.913          -1.801          -4.547            0.865
   36 (vir)            0.329          -0.427          -0.928          -2.485            1.458
   37 (vir)            0.329          -0.427          -0.928          -2.485            1.458
   38 (vir)            0.329          -0.427          -0.928          -2.485            1.458
   39 (vir)            2.187          -0.852          -1.924          -4.167            3.579
   40 (vir)            2.286          -0.514          -0.996          -2.915            3.691
   41 (vir)            2.286          -0.514          -0.996          -2.915            3.691
   42 (vir)            2.286          -0.514          -0.996          -2.915            3.691
   43 (vir)            2.305          -0.415          -0.899          -2.769            3.760
   44 (vir)            2.305          -0.415          -0.899          -2.769            3.760
   45 (vir)            3.073          -0.816          -1.741          -3.952            4.469
   46 (vir)            3.073          -0.816          -1.741          -3.952            4.469
   47 (vir)            3.073          -0.816          -1.741          -3.952            4.469
   48 (vir)            8.292          -1.989          -2.925          -7.282           10.659
   49 (vir)            8.292          -1.989          -2.925          -7.282           10.660
   50 (vir)            8.292          -1.990          -2.925          -7.282           10.659
   51 (vir)            8.735          -2.009          -3.641          -7.976           11.061
   52 (vir)            9.018          -1.474          -2.201          -6.089           11.432
   53 (vir)            9.336          -1.618          -2.444          -6.533           11.807
   54 (vir)            9.336          -1.617          -2.444          -6.533           11.808
   55 (vir)            9.336          -1.618          -2.444          -6.533           11.807
   56 (vir)            9.826          -1.981          -3.112          -7.753           12.485
   57 (vir)            9.826          -1.981          -3.112          -7.753           12.486
   58 (vir)           10.234          -1.488          -2.416          -6.707           13.037
   59 (vir)           10.234          -1.488          -2.416          -6.707           13.037
   60 (vir)           10.234          -1.488          -2.416          -6.707           13.037
   61 (vir)           10.561          -1.419          -2.241          -5.867           12.768
   62 (vir)           10.561          -1.404          -2.241          -5.867           12.783
   63 (vir)           10.561          -1.417          -2.241          -5.867           12.770
   64 (vir)           13.172          -1.526          -2.000          -6.050           15.696
   65 (vir)           13.172          -1.527          -2.000          -6.050           15.695
   66 (vir)           13.172          -1.528          -2.000          -6.050           15.694
   67 (vir)           13.919          -1.299          -1.744          -5.932           16.808
   68 (vir)           13.919          -1.299          -1.744          -5.932           16.809
   69 (vir)           18.141          -1.904          -2.455          -8.017           21.799
   70 (vir)           18.141          -1.905          -2.455          -8.017           21.798
   71 (vir)           18.141          -1.905          -2.455          -8.017           21.798
   72 (vir)           19.556          -1.849          -2.344          -7.744           23.107
   73 (vir)           19.556          -1.850          -2.344          -7.744           23.105
   74 (vir)           19.556          -1.850          -2.344          -7.744           23.106
   75 (vir)           21.672          -1.671          -1.389          -6.144           24.757
   76 (vir)           24.292          -3.213          -4.946         -11.841           27.974
   77 (vir)           24.292          -3.213          -4.946         -11.841           27.973
   78 (vir)           24.292          -3.212          -4.946         -11.841           27.974
   79 (vir)           27.499          -3.728          -5.108         -13.780           32.444
   80 (vir)           27.499          -3.728          -5.108         -13.780           32.444
   81 (vir)           29.304          -3.104          -5.679         -13.109           33.631
   82 (vir)           30.204          -3.136          -4.937         -12.582           34.713
   83 (vir)           30.204          -3.110          -4.937         -12.582           34.739
   84 (vir)           30.204          -3.132          -4.937         -12.582           34.717
   85 (vir)           33.540          -3.203          -5.084         -13.503           38.755
   86 (vir)           33.540          -3.203          -5.084         -13.503           38.755
   87 (vir)           33.540          -3.203          -5.084         -13.503           38.755
   88 (vir)           35.169          -2.766          -4.348         -12.156           40.212
   89 (vir)           35.169          -2.766          -4.348         -12.156           40.212
   90 (vir)           35.654          -2.671          -4.928         -12.081           40.136
   91 (vir)           36.527          -3.578          -5.728         -14.746           41.967
   92 (vir)           36.527          -3.509          -5.728         -14.746           42.036
   93 (vir)           36.527          -3.565          -5.728         -14.746           41.981
   94 (vir)           41.312          -3.489          -4.296         -12.709           46.236
   95 (vir)           41.312          -3.492          -4.296         -12.709           46.233
   96 (vir)           41.312          -3.489          -4.296         -12.709           46.236
   97 (vir)           41.980          -3.116          -3.862         -11.706           46.708
   98 (vir)           41.980          -3.116          -3.862         -11.706           46.708
   99 (vir)           41.980          -3.116          -3.862         -11.706           46.708
  100 (vir)           43.764          -3.249          -4.536         -12.936           48.915
  101 (vir)           43.764          -3.249          -4.536         -12.936           48.915
  102 (vir)           43.764          -3.249          -4.536         -12.936           48.915
  103 (vir)           44.796          -3.644          -4.831         -13.912           50.233
  104 (vir)           44.796          -3.644          -4.831         -13.912           50.234
  105 (vir)           44.796          -3.644          -4.831         -13.912           50.233
  106 (vir)           45.985          -3.465          -4.631         -13.356           51.245
  107 (vir)           45.985          -3.465          -4.631         -13.356           51.246
  108 (vir)           45.985          -3.461          -4.631         -13.356           51.250
  109 (vir)           46.724          -2.960          -4.133         -12.571           52.201
  110 (vir)           47.042          -3.453          -4.714         -13.556           52.430
  111 (vir)           47.042          -3.459          -4.714         -13.556           52.425
  112 (vir)           49.218          -3.923          -3.415         -12.094           53.973
  113 (vir)           49.218          -3.919          -3.415         -12.094           53.978
  114 (vir)           49.218          -3.922          -3.415         -12.094           53.975
  115 (vir)           49.923          -5.107          -5.314         -15.912           55.414
  116 (vir)           54.469          -4.113          -4.479         -14.280           60.157
  117 (vir)           54.469          -4.113          -4.479         -14.280           60.157
  118 (vir)           54.593          -4.559          -5.552         -16.342           60.824
  119 (vir)           54.593          -4.557          -5.552         -16.342           60.825
  120 (vir)           54.593          -4.560          -5.552         -16.342           60.823
  121 (vir)           54.657          -4.614          -3.603         -13.593           60.034
  122 (vir)           54.657          -4.614          -3.603         -13.593           60.034
  123 (vir)           54.657          -4.614          -3.603         -13.593           60.034
  124 (vir)           74.038          -5.146          -2.780         -13.412           79.524
  125 (vir)           74.038          -5.150          -2.780         -13.412           79.520
  126 (vir)           77.830          -4.300          -3.617         -14.287           84.201
  127 (vir)           78.410          -3.433          -3.374         -14.165           85.768
  128 (vir)           78.410          -3.475          -3.374         -14.165           85.726
  129 (vir)           78.410          -3.438          -3.374         -14.165           85.763
  130 (vir)           79.780          -3.644          -3.768         -14.561           86.929
  131 (vir)           79.795          -4.598          -2.258         -12.520           85.459
  132 (vir)           79.795          -4.585          -2.258         -12.520           85.473
  133 (vir)           79.795          -4.590          -2.258         -12.520           85.467
  134 (vir)           86.116          -3.295          -4.418         -16.074           94.477
  135 (vir)           86.116          -3.416          -4.418         -16.074           94.356
  136 (vir)           86.116          -3.324          -4.418         -16.074           94.449
  137 (vir)           90.671          -1.358          -6.955         -21.037          103.395
  138 (vir)           90.671          -1.394          -6.955         -21.037          103.359
  139 (vir)           90.671          -1.518          -6.955         -21.037          103.235
  140 (vir)           91.460          -2.558          -7.290         -21.973          103.585
  141 (vir)           91.460          -2.577          -7.290         -21.973          103.566
  142 (vir)          107.523          -2.254          -7.020         -20.343          118.592
  143 (vir)          108.953          -5.706          -3.230         -15.988          116.005
  144 (vir)          109.206          -4.986          -3.238         -16.007          116.989
  145 (vir)          109.206          -4.985          -3.238         -16.007          116.989
  146 (vir)          109.206          -4.986          -3.238         -16.007          116.989
  147 (vir)          109.996          -3.003          -3.460         -16.304          119.836
  148 (vir)          109.996          -2.849          -3.460         -16.304          119.991
  149 (vir)          109.996          -2.969          -3.460         -16.304          119.871
  150 (vir)          110.642          -1.175          -6.036         -19.435          122.866
  151 (vir)          110.642          -1.128          -6.036         -19.435          122.913
  152 (vir)          110.642          -1.166          -6.036         -19.435          122.875
  153 (vir)          111.708          -1.757          -3.489         -16.553          123.015
  154 (vir)          111.708          -1.757          -3.489         -16.553          123.014
  155 (vir)          111.708          -1.757          -3.489         -16.553          123.015
  156 (vir)          112.109          -4.325          -3.767         -16.646          120.663
  157 (vir)          112.164          -3.065          -4.471         -17.553          122.181
  158 (vir)          112.164          -2.986          -4.471         -17.553          122.260
  159 (vir)          112.164          -3.046          -4.471         -17.553          122.200
  160 (vir)          113.746          -5.067          -3.657         -16.827          121.848
  161 (vir)          113.746          -5.070          -3.657         -16.827          121.846
  162 (vir)          121.165          -1.791          -4.970         -19.308          133.712
  163 (vir)          121.165          -1.789          -4.970         -19.308          133.714
  164 (vir)          121.165          -1.793          -4.970         -19.308          133.710
  165 (vir)          121.887          -5.655          -4.232         -17.858          129.857
  166 (vir)          121.887          -5.654          -4.232         -17.858          129.859
  167 (vir)          123.330           1.288          -4.703         -19.082          138.998
  168 (vir)          123.330           1.288          -4.703         -19.082          138.998
  169 (vir)          123.330           1.288          -4.703         -19.082          138.998
  170 (vir)          129.252          -0.917          -6.301         -21.529          143.563
  171 (vir)          132.067          -4.773          -6.661         -21.901          142.534
  172 (vir)          132.067          -4.773          -6.661         -21.901          142.534
  173 (vir)          132.067          -4.773          -6.661         -21.901          142.534
  174 (vir)          132.678          -4.079          -6.153         -21.219          143.665
  175 (vir)          132.678          -4.078          -6.153         -21.219          143.665
  176 (vir)          132.678          -4.077          -6.153         -21.219          143.667
  177 (vir)          133.697          -5.164          -6.078         -20.993          143.449
  178 (vir)          133.697          -5.164          -6.078         -20.993          143.448
  179 (vir)          136.759          -5.581          -6.202         -21.273          146.249
  180 (vir)          136.759          -5.584          -6.202         -21.273          146.246
  181 (vir)          136.759          -5.582          -6.202         -21.273          146.249
  182 (vir)          141.528          -0.745          -6.343         -22.142          156.582
  183 (vir)          141.528          -0.748          -6.343         -22.142          156.579
  184 (vir)          141.528          -0.747          -6.343         -22.142          156.580
  185 (vir)          146.065          -2.831          -5.971         -21.523          158.787
  186 (vir)          146.065          -2.841          -5.971         -21.523          158.776
  187 (vir)          146.065          -2.821          -5.971         -21.523          158.796
  188 (vir)          146.580          -5.485          -5.972         -21.373          156.496
  189 (vir)          146.580          -5.467          -5.972         -21.373          156.514
  190 (vir)          147.762          -3.856          -7.036         -22.983          159.853
  191 (vir)          153.318           0.143          -6.698         -23.615          170.379
  192 (vir)          153.318          -0.038          -6.698         -23.615          170.198
  193 (vir)          153.318           0.109          -6.698         -23.615          170.345
  194 (vir)          160.720           1.678          -8.072         -26.259          180.584
  195 (vir)          164.096           0.019          -9.479         -28.960          183.596
  196 (vir)          164.096           0.036          -9.479         -28.960          183.613
  197 (vir)          164.096           0.027          -9.479         -28.960          183.604
  198 (vir)          167.108           1.104          -8.699         -27.856          187.369
  199 (vir)          167.108           1.094          -8.699         -27.856          187.360
  200 (vir)          167.108           1.113          -8.699         -27.856          187.378
  201 (vir)          169.871           1.561          -9.111         -28.346          190.667
  202 (vir)          169.871           1.843          -9.111         -28.346          190.949
  203 (vir)          172.441           1.198          -6.891         -25.373          192.121
  204 (vir)          172.441           1.167          -6.891         -25.373          192.089
  205 (vir)          172.441           1.205          -6.891         -25.373          192.127
  206 (vir)          174.053           1.045          -5.192         -22.745          192.650
  207 (vir)          174.053           1.045          -5.192         -22.745          192.650
  208 (vir)          174.053           1.045          -5.192         -22.745          192.650
  209 (vir)          189.471          -0.183          -7.337         -25.656          207.607
  210 (vir)          189.471          -0.051          -7.337         -25.656          207.739
  211 (vir)          189.471          -0.157          -7.337         -25.656          207.633
  212 (vir)          190.796           0.595          -7.915         -27.250          210.725
  213 (vir)          229.852           0.541          -8.455         -26.587          248.525
  214 (vir)          304.556           3.264          -2.965         -21.958          326.813
  215 (vir)          304.556           3.264          -2.965         -21.958          326.813
  216 (vir)          304.556           3.264          -2.965         -21.958          326.813
  217 (vir)          304.567           3.089          -2.961         -21.950          326.645
  218 (vir)          304.637           3.352          -2.992         -22.022          327.019
  219 (vir)          304.637           3.352          -2.992         -22.022          327.019
  220 (vir)          304.648           3.271          -2.962         -21.955          326.911
  221 (vir)          304.648           3.270          -2.962         -21.955          326.910
  222 (vir)          304.648           3.270          -2.962         -21.955          326.911
  223 (vir)          304.708           3.347          -2.983         -22.003          327.075
  224 (vir)          304.708           3.347          -2.983         -22.003          327.076
  225 (vir)          304.708           3.347          -2.983         -22.003          327.075
  226 (vir)          304.886           3.483          -2.957         -21.951          327.363
  227 (vir)          304.970          -2.306          -2.940         -21.904          321.628
  228 (vir)          304.970          -2.307          -2.940         -21.904          321.627
  229 (vir)          304.970          -2.305          -2.940         -21.904          321.628
  230 (vir)          304.971          -2.717          -2.940         -21.903          321.217
  231 (vir)          304.971          -2.717          -2.940         -21.903          321.217
  232 (vir)          304.972          -3.588          -2.940         -21.904          320.347
  233 (vir)          304.972          -3.593          -2.940         -21.904          320.342
  234 (vir)          304.972          -3.587          -2.940         -21.904          320.348
  235 (vir)          305.092           3.576          -2.967         -21.979          327.680
  236 (vir)          305.092           3.576          -2.967         -21.979          327.680
  237 (vir)          305.092           3.576          -2.967         -21.979          327.680
  238 (vir)          306.621           2.942          -3.008         -22.083          328.637
  239 (vir)          306.621           2.975          -3.008         -22.083          328.671
  240 (vir)          306.621           2.936          -3.008         -22.083          328.632
  241 (vir)          306.913           3.782          -2.972         -22.024          329.748
  242 (vir)          306.913           3.782          -2.972         -22.024          329.747
  243 (vir)          308.676           4.433          -3.044         -22.174          332.238
  244 (vir)          308.676           4.410          -3.044         -22.174          332.215
  245 (vir)          308.676           4.433          -3.044         -22.174          332.238
  246 (vir)          309.572           2.653          -2.999         -22.133          331.360
  247 (vir)          309.572           2.654          -2.999         -22.133          331.361
  248 (vir)          309.572           2.653          -2.999         -22.133          331.360
  249 (vir)          315.754           0.659          -3.341         -22.686          335.758
  250 (vir)          389.718           8.058          -4.521         -27.514          420.769
  251 (vir)          389.805           8.209          -4.518         -27.513          421.009
  252 (vir)          389.805           8.209          -4.518         -27.513          421.009
  253 (vir)          389.805           8.209          -4.518         -27.513          421.009
  254 (vir)          390.025           8.118          -4.520         -27.513          421.136
  255 (vir)          390.025           8.121          -4.520         -27.513          421.139
  256 (vir)          390.025           8.119          -4.520         -27.513          421.136
  257 (vir)          390.874           8.252          -4.551         -27.545          422.119
  258 (vir)          391.085           8.350          -4.500         -27.500          422.435
  259 (vir)          391.085           8.350          -4.500         -27.500          422.435
  260 (vir)          391.085           8.350          -4.500         -27.500          422.435
  261 (vir)          391.605           8.548          -4.502         -27.511          423.162
  262 (vir)          391.605           8.549          -4.502         -27.511          423.162
  263 (vir)          391.605           8.548          -4.502         -27.511          423.162
  264 (vir)          392.159           8.371          -4.489         -27.497          423.537
  265 (vir)          392.159           8.371          -4.489         -27.497          423.537
  266 (vir)          395.842           8.465          -4.471         -27.509          427.346
  267 (vir)          395.842           8.463          -4.471         -27.509          427.344
  268 (vir)          396.913           9.031          -4.682         -27.801          429.062
  269 (vir)          396.913           9.140          -4.682         -27.801          429.172
  270 (vir)          396.913           9.009          -4.682         -27.801          429.041
  271 (vir)          399.219          10.616          -5.875         -29.240          433.200
  272 (vir)          399.219          11.230          -5.875         -29.240          433.814
  273 (vir)          399.219          10.749          -5.875         -29.240          433.333
  274 (vir)          400.797         -33.520          -9.748         -33.904          391.433
  275 (vir)          401.348           8.340          -4.416         -27.480          432.751
  276 (vir)          401.348           8.340          -4.416         -27.480          432.752
  277 (vir)          401.348           8.340          -4.416         -27.480          432.751
  278 (vir)          411.935           2.919         -10.992         -35.574          439.435
  279 (vir)          411.935           2.969         -10.992         -35.574          439.485
  280 (vir)          411.935           2.929         -10.992         -35.574          439.445
  281 (vir)          419.857           6.203          -7.516         -31.335          449.879
  282 (vir)          422.772           2.117          -5.740         -30.547          449.695
  283 (vir)          422.772           2.117          -5.740         -30.547          449.695
  284 (vir)          422.772           2.117          -5.740         -30.547          449.695
  285 (vir)          422.879           1.658          -5.736         -30.537          449.338
  286 (vir)          422.879           1.658          -5.736         -30.537          449.338
  287 (vir)          425.446           2.116          -5.725         -30.507          452.344
  288 (vir)          425.446           2.115          -5.725         -30.507          452.344
  289 (vir)          425.446           2.116          -5.725         -30.507          452.344
  290 (vir)          430.751           2.023          -5.512         -30.196          457.457
  291 (vir)          430.751           2.016          -5.512         -30.196          457.450
  292 (vir)          430.751           2.019          -5.512         -30.196          457.453
  293 (vir)          432.812           2.458          -5.540         -30.246          459.976
  294 (vir)          432.812           2.450          -5.540         -30.246          459.968
  295 (vir)          432.812           2.483          -5.540         -30.246          460.001
  296 (vir)          433.033           2.851          -5.504         -30.222          460.602
  297 (vir)          433.033           2.825          -5.504         -30.222          460.577
  298 (vir)          438.610          -2.358          -5.334         -29.800          460.718
  299 (vir)          442.417           0.371          -5.335         -29.934          467.387
  300 (vir)          442.417          -0.260          -5.335         -29.934          466.755
  301 (vir)          442.417           0.237          -5.335         -29.934          467.253
  302 (vir)          663.576           0.890         -19.955         -50.924          695.434
  303 (vir)         1462.412           1.151         -20.257         -67.427         1510.733
  304 (vir)         1464.403           1.353         -20.239         -67.421         1512.939
  305 (vir)         1464.403           1.353         -20.239         -67.421         1512.939
  306 (vir)         1464.403           1.353         -20.239         -67.421         1512.939
  307 (vir)         2200.773           0.652         -38.816         -99.278         2261.887
  308 (vir)         7731.623           1.266         -24.285        -138.438         7847.043
  309 (vir)         7733.958           1.266         -24.278        -138.436         7849.382
  310 (vir)         7733.958           1.266         -24.278        -138.436         7849.382
  311 (vir)         7733.958           1.266         -24.278        -138.436         7849.382
  312 (vir)        13969.554           0.298         -80.643        -254.859        14144.068
