 
  kpoint:     0.0000    0.0000    0.0000
 
    n          ϵ_nk^DFT (eV)     Σ^c_nk (eV)     Σ^x_nk (eV)     v_n^xc (eV)   ϵ_nk^G0W0 (eV)
 
    1 (occ)        -1508.414          -3.917        -224.760        -140.684        -1596.406
    2 (occ)         -659.903          -3.138        -150.681         -94.983         -718.740
    3 (occ)         -659.903          -3.138        -150.681         -94.983         -718.739
    4 (occ)         -659.903          -3.138        -150.681         -94.983         -718.740
    5 (occ)         -108.518           5.222         -68.346         -42.718         -128.923
    6 (occ)          -70.626           6.514         -60.016         -42.129          -81.998
    7 (occ)          -70.406           7.026         -60.262         -42.201          -81.441
    8 (occ)          -70.406           7.026         -60.262         -42.200          -81.441
    9 (occ)          -29.457           8.919         -39.326         -25.261          -34.603
   10 (occ)          -29.139           8.906         -39.785         -25.729          -34.289
   11 (occ)          -29.139           8.906         -39.785         -25.729          -34.289
   12 (occ)          -12.339           3.577         -29.640         -21.545          -16.857
   13 (occ)          -11.233           3.526         -30.865         -22.809          -15.763
   14 (occ)          -11.233           3.526         -30.865         -22.809          -15.763
   15 (occ)          -10.699           3.399         -28.954         -21.099          -15.156
   16 (occ)          -10.350           3.541         -30.388         -22.312          -14.886
   17 (occ)          -10.350           3.541         -30.388         -22.312          -14.886
   18 (occ)          -10.191           3.484         -30.450         -22.507          -14.649
   19 (occ)          -10.191           3.484         -30.449         -22.507          -14.649
   20 (occ)           -9.690           3.538         -31.459         -23.377          -14.234
   21 (vir)           -2.496          -1.290          -4.808          -8.745            0.151
   22 (vir)           -0.970          -1.111          -4.557          -8.041            1.404
   23 (vir)            0.623          -0.501          -1.646          -3.855            2.331
   24 (vir)            0.623          -0.501          -1.646          -3.855            2.331
   25 (vir)            2.024          -0.675          -1.394          -3.683            3.637
   26 (vir)            2.432          -0.960          -2.524          -5.702            4.649
   27 (vir)            3.547          -0.760          -1.599          -4.521            5.709
   28 (vir)            3.547          -0.760          -1.599          -4.521            5.709
   29 (vir)            3.956          -0.813          -1.783          -4.681            6.040
   30 (vir)            4.039          -1.225          -3.984          -7.755            6.584
   31 (vir)            4.039          -1.225          -3.984          -7.755            6.585
   32 (vir)            5.122          -0.825          -1.604          -4.800            7.492
   33 (vir)            5.122          -0.825          -1.604          -4.800            7.492
   34 (vir)            8.890          -1.116          -2.049          -5.918           11.644
   35 (vir)            9.912          -0.983          -2.129          -6.183           12.982
   36 (vir)           10.014          -1.192          -2.137          -5.933           12.618
   37 (vir)           10.014          -1.192          -2.137          -5.933           12.618
   38 (vir)           10.159          -1.545          -1.567          -6.166           13.213
   39 (vir)           10.159          -1.545          -1.567          -6.166           13.213
   40 (vir)           11.148          -1.304          -2.252          -6.450           14.042
   41 (vir)           11.373          -1.619          -2.446          -7.218           14.525
   42 (vir)           11.373          -1.619          -2.446          -7.218           14.525
   43 (vir)           12.117          -1.528          -2.286          -6.455           14.758
   44 (vir)           12.399          -1.724          -3.199          -8.014           15.489
   45 (vir)           12.399          -1.724          -3.199          -8.014           15.489
   46 (vir)           12.902          -1.629          -1.531          -5.755           15.497
   47 (vir)           13.718          -1.722          -3.916          -8.996           17.075
   48 (vir)           14.075          -1.187          -1.673          -5.973           17.188
   49 (vir)           14.075          -1.187          -1.673          -5.973           17.188
   50 (vir)           15.251          -1.099          -1.241          -5.469           18.380
   51 (vir)           15.251          -1.099          -1.241          -5.469           18.380
   52 (vir)           15.404          -1.073          -1.692          -5.549           18.187
   53 (vir)           15.404          -1.073          -1.692          -5.549           18.187
   54 (vir)           15.607          -0.895          -0.506          -4.175           18.381
   55 (vir)           19.196          -1.457          -2.193          -7.277           22.823
   56 (vir)           20.468          -3.264          -6.058         -13.616           24.761
   57 (vir)           20.468          -3.264          -6.058         -13.616           24.762
   58 (vir)           22.049          -1.847          -2.776          -8.567           25.993
   59 (vir)           28.754          -2.966          -4.442         -11.153           32.499
   60 (vir)           28.754          -2.966          -4.442         -11.153           32.499
   61 (vir)           29.812          -3.519          -3.632         -10.374           33.035
   62 (vir)           31.155          -2.464          -3.962         -11.432           36.161
   63 (vir)           31.255          -2.137          -2.303          -9.189           36.004
   64 (vir)           31.255          -2.137          -2.303          -9.189           36.004
   65 (vir)           31.272          -3.545          -3.029          -9.981           34.678
   66 (vir)           31.272          -3.546          -3.029          -9.981           34.678
   67 (vir)           34.462          -2.854          -3.178          -9.768           38.197
   68 (vir)           36.388          -2.476          -3.882         -11.491           41.521
   69 (vir)           36.388          -2.476          -3.882         -11.491           41.521
   70 (vir)           38.098          -2.011          -2.820         -10.208           43.475
   71 (vir)           38.099          -2.011          -2.820         -10.208           43.476
   72 (vir)           38.276          -1.973          -3.118         -10.531           43.716
   73 (vir)           38.538          -2.629          -3.853         -11.645           43.701
   74 (vir)           39.304          -1.803          -3.012          -9.972           44.461
   75 (vir)           40.692          -1.088          -1.894          -8.657           46.367
   76 (vir)           40.693          -1.088          -1.894          -8.657           46.367
   77 (vir)           40.955          -1.779          -3.918         -11.803           47.062
   78 (vir)           40.955          -1.779          -3.918         -11.803           47.062
   79 (vir)           43.706          -1.065          -3.492         -11.254           50.402
   80 (vir)           43.706          -1.065          -3.492         -11.253           50.403
   81 (vir)           44.666          -0.595          -3.195         -10.862           51.738
   82 (vir)           45.597          -0.760          -3.107         -10.823           52.554
   83 (vir)           45.597          -0.760          -3.107         -10.824           52.554
   84 (vir)           46.421          -2.931          -4.817         -14.037           52.711
   85 (vir)           46.695          -4.505          -3.586         -11.301           49.904
   86 (vir)           46.786          -2.196          -3.489         -11.927           53.027
   87 (vir)           46.977          -2.296          -3.484         -11.637           52.834
   88 (vir)           46.977          -2.296          -3.484         -11.637           52.834
   89 (vir)           48.015          -3.176          -4.598         -13.294           53.535
   90 (vir)           48.016          -3.176          -4.598         -13.294           53.535
   91 (vir)           49.892          -1.401          -3.228         -11.648           56.912
   92 (vir)           49.893          -1.401          -3.228         -11.648           56.912
   93 (vir)           50.294          -0.334          -2.687         -10.467           57.741
   94 (vir)           50.806          -0.876          -5.009         -13.913           58.833
   95 (vir)           52.548          -1.817          -4.768         -14.471           60.434
   96 (vir)           52.548          -1.816          -4.768         -14.471           60.435
   97 (vir)           52.592          -5.865          -3.968         -12.951           55.710
   98 (vir)           56.775          -0.519          -2.227         -10.512           64.541
   99 (vir)           64.873          -0.555          -4.354         -14.082           74.047
  100 (vir)           64.874          -0.555          -4.354         -14.082           74.047
  101 (vir)           65.767          -1.169          -2.835         -11.580           73.343
  102 (vir)           65.767          -1.169          -2.835         -11.580           73.343
  103 (vir)           68.299          -6.763          -5.866         -17.050           72.719
  104 (vir)           70.351          -0.816          -2.481         -11.524           78.579
  105 (vir)           72.144          -0.671          -2.875         -12.699           81.296
  106 (vir)           76.522          -5.627          -3.492         -12.946           80.349
  107 (vir)           76.523          -5.627          -3.492         -12.946           80.350
  108 (vir)           81.148          -2.496          -4.285         -15.470           89.837
  109 (vir)           81.149          -2.496          -4.285         -15.470           89.837
  110 (vir)          101.343          -2.206          -6.941         -18.720          110.917
  111 (vir)          104.972          -3.666          -7.780         -21.345          114.870
  112 (vir)          104.972          -3.667          -7.780         -21.345          114.870
  113 (vir)          106.281          -0.237          -6.676         -20.275          119.643
  114 (vir)          106.281          -0.237          -6.676         -20.275          119.643
  115 (vir)          106.387          -2.210          -7.846         -21.252          117.583
  116 (vir)          110.024           5.394          -3.306         -16.117          128.229
  117 (vir)          110.520           4.842          -3.486         -16.305          128.181
  118 (vir)          110.520           4.842          -3.486         -16.305          128.181
  119 (vir)          111.914         -12.477          -3.352         -16.208          112.293
  120 (vir)          111.914         -12.490          -3.352         -16.208          112.280
  121 (vir)          112.057           5.023          -3.324         -16.183          129.940
  122 (vir)          115.336           2.857          -3.727         -16.770          131.236
  123 (vir)          115.336           2.857          -3.727         -16.770          131.236
  124 (vir)          116.981          -8.482          -4.508         -17.951          121.943
  125 (vir)          117.441          -8.018          -3.786         -16.839          122.476
  126 (vir)          117.441          -8.018          -3.786         -16.839          122.476
  127 (vir)          118.903           1.643          -5.226         -18.852          134.172
  128 (vir)          119.691          -1.479          -5.413         -19.435          132.234
  129 (vir)          119.691          -1.479          -5.413         -19.436          132.235
  130 (vir)          120.594          -0.917          -4.555         -18.124          133.245
  131 (vir)          121.877          -0.171          -4.377         -17.873          135.202
  132 (vir)          127.448          -0.803          -5.677         -19.898          140.867
  133 (vir)          127.448          -0.803          -5.677         -19.898          140.867
  134 (vir)          127.739          -0.493          -5.923         -19.948          141.271
  135 (vir)          127.739          -0.493          -5.923         -19.948          141.271
  136 (vir)          129.458          -2.567          -4.960         -19.065          140.995
  137 (vir)          135.807          -2.018          -6.655         -21.894          149.028
  138 (vir)          135.807          -2.018          -6.655         -21.894          149.028
  139 (vir)          139.183          -1.825          -6.453         -21.621          152.526
  140 (vir)          139.541          -1.545          -6.249         -21.289          153.035
  141 (vir)          139.541          -1.545          -6.249         -21.289          153.035
  142 (vir)          141.826          -0.974          -5.315         -19.974          155.510
  143 (vir)          144.667           9.393          -7.039         -22.437          169.458
  144 (vir)          144.667           9.394          -7.039         -22.437          169.459
  145 (vir)          145.358          10.132          -7.006         -22.761          171.245
  146 (vir)          150.535          -2.421          -5.706         -21.077          163.486
  147 (vir)          151.067          -2.642          -5.864         -21.276          163.837
  148 (vir)          151.067          -2.642          -5.864         -21.276          163.838
  149 (vir)          154.721          -1.749          -5.730         -21.470          168.712
  150 (vir)          155.791          -1.757          -6.081         -21.846          169.799
  151 (vir)          155.791          -1.757          -6.081         -21.846          169.800
  152 (vir)          161.755           7.789          -5.995         -21.129          184.678
  153 (vir)          161.755           7.790          -5.995         -21.129          184.678
  154 (vir)          168.385           3.911          -8.935         -27.981          191.342
  155 (vir)          170.119           4.089          -8.847         -27.847          193.209
  156 (vir)          170.119           4.089          -8.846         -27.847          193.209
  157 (vir)          170.854           3.288          -5.674         -20.495          188.963
  158 (vir)          172.140           4.216          -8.261         -26.762          194.857
  159 (vir)          173.966           6.016          -8.608         -27.472          198.846
  160 (vir)          173.966           6.016          -8.608         -27.472          198.846
  161 (vir)          185.895           5.470          -7.798         -26.428          209.995
  162 (vir)          194.016           6.074          -7.717         -26.466          218.839
  163 (vir)          194.016           6.074          -7.717         -26.466          218.839
  164 (vir)          198.265         -23.821         -13.330         -33.631          194.744
  165 (vir)          224.990           6.073         -12.565         -33.370          251.867
  166 (vir)          224.990           6.072         -12.565         -33.370          251.867
  167 (vir)          304.953           3.739          -3.235         -22.356          327.813
  168 (vir)          305.226           3.728          -2.995         -22.021          327.981
  169 (vir)          305.332           3.662          -2.999         -22.035          328.030
  170 (vir)          305.332           3.662          -2.999         -22.035          328.030
  171 (vir)          305.657           3.681          -2.987         -22.009          328.359
  172 (vir)          305.657           3.681          -2.987         -22.009          328.359
  173 (vir)          305.668           3.751          -2.974         -21.975          328.419
  174 (vir)          305.668           3.751          -2.974         -21.975          328.420
  175 (vir)          305.683           3.752          -2.973         -21.971          328.433
  176 (vir)          305.776           3.560          -3.019         -22.075          328.392
  177 (vir)          305.802           3.743          -2.976         -21.978          328.547
  178 (vir)          305.834           3.670          -2.983         -22.006          328.528
  179 (vir)          305.834           3.670          -2.983         -22.006          328.528
  180 (vir)          305.971           3.705          -2.988         -22.017          328.705
  181 (vir)          305.971           3.705          -2.988         -22.017          328.705
  182 (vir)          306.229           3.543          -3.018         -22.094          328.848
  183 (vir)          306.229           3.543          -3.018         -22.094          328.848
  184 (vir)          306.243           3.595          -3.008         -22.070          328.900
  185 (vir)          306.289           3.569          -3.017         -22.084          328.925
  186 (vir)          306.289           3.569          -3.017         -22.084          328.925
  187 (vir)          306.505           3.630          -3.016         -22.081          329.201
  188 (vir)          306.954           3.634          -3.036         -22.127          329.680
  189 (vir)          306.954           3.634          -3.036         -22.127          329.680
  190 (vir)          306.959           3.682          -3.037         -22.150          329.754
  191 (vir)          307.343           3.666          -3.068         -22.169          330.110
  192 (vir)          308.199           3.526          -3.170         -22.334          330.888
  193 (vir)          308.199           3.526          -3.170         -22.334          330.888
  194 (vir)          350.170           1.585         -13.425         -36.579          374.910
  195 (vir)          390.747           3.074          -4.548         -27.563          416.836
  196 (vir)          390.778           3.124          -4.546         -27.562          416.918
  197 (vir)          390.778           3.124          -4.546         -27.561          416.918
  198 (vir)          391.707           3.126          -4.527         -27.534          417.839
  199 (vir)          391.716           3.216          -4.570         -27.585          417.948
  200 (vir)          391.716           3.216          -4.570         -27.585          417.948
  201 (vir)          392.982           3.286          -4.502         -27.514          419.281
  202 (vir)          392.982           3.286          -4.502         -27.514          419.281
  203 (vir)          394.707           3.190          -4.493         -27.512          420.917
  204 (vir)          394.707           3.190          -4.493         -27.512          420.917
  205 (vir)          394.759           3.546          -4.629         -27.668          421.344
  206 (vir)          397.946           3.087          -4.490         -27.539          424.082
  207 (vir)          398.742           2.788          -4.472         -27.534          424.592
  208 (vir)          398.743           2.788          -4.473         -27.534          424.592
  209 (vir)          398.781           4.936          -6.826         -30.355          427.246
  210 (vir)          399.072           5.022          -6.879         -30.411          427.626
  211 (vir)          399.072           5.022          -6.879         -30.411          427.626
  212 (vir)          399.281           3.023          -4.497         -27.584          425.391
  213 (vir)          402.886           2.924          -4.570         -27.751          428.990
  214 (vir)          402.886           2.924          -4.570         -27.751          428.991
  215 (vir)          404.689           2.660          -4.476         -27.612          430.484
  216 (vir)          419.044           3.228          -9.759         -34.266          446.778
  217 (vir)          419.044           3.228          -9.759         -34.266          446.779
  218 (vir)          419.884           3.161          -9.813         -34.234          447.466
  219 (vir)          425.822          -9.213          -5.739         -30.557          441.427
  220 (vir)          425.822          -9.213          -5.739         -30.557          441.427
  221 (vir)          427.421         -10.832          -5.649         -30.387          441.326
  222 (vir)          427.558           3.857          -5.801         -30.545          456.159
  223 (vir)          427.558           3.857          -5.801         -30.545          456.160
  224 (vir)          428.493           3.911          -5.781         -30.542          457.165
  225 (vir)          435.500           2.260          -5.445         -30.123          462.438
  226 (vir)          435.500           2.260          -5.445         -30.123          462.438
  227 (vir)          435.520           1.824          -5.422         -30.075          461.998
  228 (vir)          437.717           2.896          -5.370         -29.968          465.211
  229 (vir)          439.201           2.851          -5.391         -29.965          466.625
  230 (vir)          439.201           2.850          -5.391         -29.965          466.625
  231 (vir)          441.779           3.381          -5.400         -29.906          469.666
  232 (vir)          445.113           3.418          -5.405         -29.910          473.036
  233 (vir)          445.113           3.418          -5.405         -29.909          473.035
  234 (vir)         1248.619           1.603         -24.890         -69.672         1295.004
  235 (vir)         1467.364           1.194         -20.209         -67.411         1515.760
  236 (vir)         1468.221           1.192         -20.197         -67.406         1516.623
  237 (vir)         1468.222           1.192         -20.197         -67.406         1516.623
  238 (vir)         6908.996           0.155         -42.345        -160.982         7027.789
  239 (vir)         7737.316           0.175         -24.262        -138.426         7851.655
  240 (vir)         7738.491           0.175         -24.254        -138.419         7852.831
  241 (vir)         7738.492           0.175         -24.254        -138.419         7852.831
