 
  kpoint:     0.0000    0.0000    0.0000
 
    n          ϵ_nk^DFT (eV)     Σ^c_nk (eV)     Σ^x_nk (eV)     v_n^xc (eV)   ϵ_nk^G0W0 (eV)
 
    1 (occ)         -269.278           3.456         -96.937         -61.542         -301.217
    2 (occ)         -269.219           3.448         -96.926         -61.580         -301.116
    3 (occ)          -18.599           5.793         -26.698         -17.644          -21.860
    4 (occ)          -14.076           2.561         -21.459         -15.006          -17.968
    5 (occ)          -12.213           1.680         -21.750         -15.876          -16.407
    6 (occ)           -7.189          -0.105         -17.366         -13.637          -11.023
    7 (occ)           -7.189          -0.105         -17.366         -13.637          -11.023
    8 (vir)           -0.348          -2.001          -5.641         -10.851            2.862
    9 (vir)           -0.348          -2.001          -5.641         -10.851            2.862
   10 (vir)            0.822          -1.134          -2.086          -5.298            2.899
   11 (vir)            1.065          -0.830          -1.309          -3.990            2.916
   12 (vir)            2.572          -1.263          -2.487          -6.249            5.071
   13 (vir)            3.102          -0.813          -1.360          -4.245            5.174
   14 (vir)            3.102          -0.813          -1.360          -4.245            5.174
   15 (vir)            3.857          -1.135          -1.842          -5.022            5.902
   16 (vir)            5.397          -1.632          -2.014          -5.849            7.600
   17 (vir)            5.397          -1.632          -2.014          -5.849            7.600
   18 (vir)            6.674          -1.505          -2.594          -6.073            8.648
   19 (vir)            9.692          -1.470          -1.531          -5.163           11.854
   20 (vir)            9.953          -2.109          -2.370          -6.549           12.024
   21 (vir)           10.748          -1.204          -1.416          -4.607           12.734
   22 (vir)           10.864          -1.723          -2.365          -7.284           14.060
   23 (vir)           10.864          -1.723          -2.365          -7.284           14.060
   24 (vir)           12.270          -1.657          -2.145          -7.367           15.835
   25 (vir)           12.270          -1.657          -2.145          -7.367           15.835
   26 (vir)           15.733          -1.950          -2.207          -6.776           18.352
   27 (vir)           17.051          -2.031          -1.169          -6.455           20.306
   28 (vir)           17.051          -2.031          -1.169          -6.455           20.306
   29 (vir)           17.823          -2.692          -1.491          -6.910           20.550
   30 (vir)           17.823          -2.692          -1.491          -6.910           20.550
   31 (vir)           18.483          -2.862          -3.136          -8.498           20.984
   32 (vir)           18.589          -2.990          -2.271          -8.037           21.365
   33 (vir)           18.589          -2.990          -2.271          -8.037           21.365
   34 (vir)           21.897          -3.234          -1.794          -7.803           24.672
   35 (vir)           21.897          -3.234          -1.794          -7.803           24.672
   36 (vir)           24.983          -2.909          -2.650          -8.522           27.948
   37 (vir)           25.508          -2.790          -1.472          -7.072           28.318
   38 (vir)           26.960          -2.285          -1.590          -7.723           30.808
   39 (vir)           26.960          -2.285          -1.590          -7.723           30.808
   40 (vir)           27.696          -2.756          -1.370          -6.900           30.470
   41 (vir)           30.485          -2.540          -2.568          -9.236           34.613
   42 (vir)           33.998          -4.099          -3.536         -11.090           37.453
   43 (vir)           36.119          -1.379          -0.770          -6.030           40.000
   44 (vir)           36.119          -1.379          -0.770          -6.030           40.000
   45 (vir)           37.954          -1.129          -0.767          -5.920           41.979
   46 (vir)           41.160          -1.060          -1.621          -9.506           47.985
   47 (vir)           41.160          -1.060          -1.621          -9.506           47.986
   48 (vir)           41.864          -2.947          -2.638         -11.101           47.379
   49 (vir)           41.864          -2.947          -2.638         -11.101           47.379
   50 (vir)           42.997          -1.941          -1.719          -8.169           47.507
   51 (vir)           44.309          -2.034          -2.977         -11.302           50.601
   52 (vir)           44.309          -2.034          -2.977         -11.302           50.601
   53 (vir)           45.634          -2.763          -3.187         -11.106           50.790
   54 (vir)           45.972          -1.741          -2.147         -10.661           52.745
   55 (vir)           45.972          -1.741          -2.147         -10.661           52.745
   56 (vir)           49.473          -1.501          -1.626          -9.085           55.431
   57 (vir)           49.473          -1.501          -1.626          -9.085           55.431
   58 (vir)           49.910          -1.583          -1.798         -10.129           56.658
   59 (vir)           49.910          -1.583          -1.798         -10.129           56.658
   60 (vir)           51.218          -1.320          -1.133          -9.136           57.900
   61 (vir)           51.218          -1.320          -1.133          -9.136           57.900
   62 (vir)           55.701          -1.492          -1.552         -10.286           62.944
   63 (vir)           55.701          -1.492          -1.552         -10.286           62.944
   64 (vir)           56.480          -1.730          -1.914         -10.270           63.105
   65 (vir)           56.480          -1.730          -1.914         -10.270           63.105
   66 (vir)           58.069          -0.702          -2.319          -9.521           64.569
   67 (vir)           60.556          -1.246          -2.298         -11.195           68.207
   68 (vir)           65.848          -1.247          -3.332         -13.987           75.256
   69 (vir)           65.848          -1.247          -3.332         -13.987           75.256
   70 (vir)           66.743           0.308          -0.949          -9.129           75.230
   71 (vir)           66.743           0.308          -0.949          -9.128           75.230
   72 (vir)           67.073          -0.718          -2.269         -11.223           75.309
   73 (vir)           68.967          -2.609          -4.170         -15.961           78.149
   74 (vir)           68.967          -2.609          -4.170         -15.961           78.149
   75 (vir)           69.718          -2.047          -2.954         -12.854           77.570
   76 (vir)           73.311          -0.373          -1.362          -9.935           81.511
   77 (vir)           73.311          -0.373          -1.362          -9.935           81.511
   78 (vir)           76.611          -0.701          -1.235          -9.684           84.360
   79 (vir)           76.611          -0.701          -1.235          -9.684           84.360
   80 (vir)           80.170          -2.615          -1.461         -10.227           86.321
   81 (vir)           81.651          -0.394          -0.941          -9.509           89.825
   82 (vir)           81.651          -0.394          -0.941          -9.509           89.825
   83 (vir)           88.169          -0.425          -1.668         -10.573           96.649
   84 (vir)           90.420          -0.619          -2.220         -12.258           99.838
   85 (vir)           93.511          -0.204          -1.345         -10.962          102.924
   86 (vir)           93.511          -0.204          -1.345         -10.962          102.924
   87 (vir)           94.415          -1.232          -2.802         -14.258          104.640
   88 (vir)          112.121          -0.429          -1.921         -12.644          122.415
   89 (vir)          112.121          -0.429          -1.921         -12.644          122.415
   90 (vir)          114.567          -0.269          -2.676         -13.858          125.479
   91 (vir)          117.920           0.897          -1.645         -13.522          130.695
   92 (vir)          117.920           0.897          -1.645         -13.522          130.695
   93 (vir)          118.357          -0.795          -3.116         -15.553          130.000
   94 (vir)          118.357          -0.795          -3.116         -15.553          130.000
   95 (vir)          122.858          -0.912          -4.436         -17.914          135.424
   96 (vir)          124.094           1.349          -1.306         -12.736          136.873
   97 (vir)          124.094           1.349          -1.306         -12.736          136.873
   98 (vir)          128.307          -0.166          -2.624         -14.218          139.734
   99 (vir)          134.343           1.764          -1.140         -12.657          147.624
  100 (vir)          134.343           1.764          -1.140         -12.657          147.624
  101 (vir)          136.141           0.648          -2.236         -15.321          149.874
  102 (vir)          136.142           0.648          -2.236         -15.320          149.874
  103 (vir)          137.288          -0.070          -3.021         -16.576          150.773
  104 (vir)          137.522          -0.760          -2.719         -16.319          150.362
  105 (vir)          137.522          -0.760          -2.719         -16.319          150.362
  106 (vir)          142.362           0.668          -1.051         -12.362          154.341
  107 (vir)          142.362           0.668          -1.051         -12.362          154.341
  108 (vir)          148.236           0.216          -1.553         -14.008          160.907
  109 (vir)          148.237           0.216          -1.553         -14.007          160.907
  110 (vir)          148.752           0.512          -1.586         -14.148          161.826
  111 (vir)          148.753           0.512          -1.586         -14.147          161.826
  112 (vir)          150.914           0.023          -2.043         -15.369          164.263
  113 (vir)          150.914           0.023          -2.043         -15.369          164.263
  114 (vir)          155.569          -0.044          -1.652         -14.637          168.510
  115 (vir)          155.569          -0.044          -1.652         -14.637          168.510
  116 (vir)          157.484           0.154          -1.804         -14.633          170.468
  117 (vir)          157.484           0.154          -1.804         -14.633          170.468
  118 (vir)          159.864          -0.029          -2.197         -16.436          174.075
  119 (vir)          159.865          -0.029          -2.197         -16.436          174.075
  120 (vir)          161.282           0.349          -1.645         -15.041          175.026
  121 (vir)          161.282           0.349          -1.645         -15.041          175.026
  122 (vir)          163.021           0.863          -0.793         -11.648          174.739
  123 (vir)          163.021           0.863          -0.793         -11.648          174.739
  124 (vir)          166.077           0.087          -2.103         -16.241          180.302
  125 (vir)          166.078           0.087          -2.103         -16.241          180.302
  126 (vir)          166.486          -0.252          -1.900         -15.999          180.333
  127 (vir)          173.598           0.971          -0.828         -12.106          185.846
  128 (vir)          173.598           0.971          -0.828         -12.106          185.846
  129 (vir)          173.799          -0.319          -2.333         -15.752          186.899
  130 (vir)          179.047           0.193          -3.884         -17.988          193.344
  131 (vir)          181.338           1.186          -2.911         -17.347          196.961
  132 (vir)          183.022           0.064          -2.355         -17.013          197.743
  133 (vir)          183.022           0.064          -2.355         -17.013          197.743
  134 (vir)          186.675           0.535          -1.386         -14.695          200.519
  135 (vir)          186.675           0.535          -1.386         -14.695          200.519
  136 (vir)          197.271           0.636          -2.340         -17.198          212.764
  137 (vir)          199.394          -0.219          -2.891         -17.312          213.596
  138 (vir)          202.125           1.148          -0.795         -12.096          214.573
  139 (vir)          202.125           1.148          -0.795         -12.096          214.573
  140 (vir)          203.986           1.071          -0.653         -11.172          215.575
  141 (vir)          203.986           1.071          -0.653         -11.172          215.575
  142 (vir)          207.301           0.729          -0.723         -12.057          219.364
  143 (vir)          207.302           0.729          -0.723         -12.056          219.364
  144 (vir)          208.194          -0.540          -1.819         -16.553          222.389
  145 (vir)          208.194          -0.540          -1.819         -16.553          222.389
  146 (vir)          212.124           0.294          -1.164         -12.903          224.156
  147 (vir)          212.490           0.849          -0.716         -12.094          224.717
  148 (vir)          212.491           0.849          -0.716         -12.094          224.717
  149 (vir)          214.118           0.415          -1.417         -13.642          226.759
  150 (vir)          217.289           1.048          -1.025         -14.163          231.476
  151 (vir)          217.289           1.048          -1.025         -14.163          231.476
  152 (vir)          220.495           0.418          -1.317         -14.928          234.524
  153 (vir)          220.495           0.418          -1.317         -14.928          234.524
  154 (vir)          235.005           0.436          -2.491         -17.059          250.009
  155 (vir)          241.015           1.373          -0.979         -13.882          255.291
  156 (vir)          241.015           1.373          -0.979         -13.882          255.290
  157 (vir)          241.813           1.010          -0.965         -14.262          256.121
  158 (vir)          241.813           1.010          -0.965         -14.262          256.121
  159 (vir)          241.895           0.216          -3.233         -18.866          257.743
  160 (vir)          267.233           0.358          -1.293         -15.754          282.053
  161 (vir)          267.233           0.358          -1.293         -15.754          282.053
  162 (vir)          275.829           0.727          -1.950         -17.788          292.394
  163 (vir)          294.190           0.008          -3.431         -19.733          310.500
  164 (vir)          295.769           0.337          -1.058         -15.254          310.302
  165 (vir)          295.769           0.337          -1.058         -15.254          310.302
  166 (vir)          303.781          -0.092          -5.446         -22.775          321.019
  167 (vir)          308.026           0.443          -0.946         -14.775          322.298
  168 (vir)          308.026           0.443          -0.946         -14.775          322.298
  169 (vir)          336.068           0.054          -1.987         -18.046          352.181
  170 (vir)          364.756          -0.078          -2.246         -18.718          381.150
  171 (vir)          791.888           0.385         -12.501         -45.816          825.589
  172 (vir)          820.352           0.912         -12.236         -45.479          854.507
  173 (vir)         4021.483          -1.243         -14.660         -94.466         4100.047
  174 (vir)         4061.181          -2.658         -14.510         -94.317         4138.330
