 
  kpoint:     0.0000    0.0000    0.0000
 
    n          ϵ_nk^DFT (eV)     Σ^c_nk (eV)     Σ^x_nk (eV)     v_n^xc (eV)   ϵ_nk^G0W0 (eV)
 
    1 (occ)        -2396.702           4.342        -281.452        -175.458        -2498.354
    2 (occ)        -2396.702           4.342        -281.452        -175.458        -2498.354
    3 (occ)         -272.139           3.591         -96.906         -61.537         -303.916
    4 (occ)         -209.709           6.506         -90.394         -56.002         -237.594
    5 (occ)         -209.709           6.495         -90.393         -56.003         -237.604
    6 (occ)         -155.825           6.471         -82.417         -57.070         -174.701
    7 (occ)         -155.825           6.458         -82.417         -57.071         -174.713
    8 (occ)         -155.720           6.438         -82.521         -57.108         -174.694
    9 (occ)         -155.720           6.438         -82.521         -57.108         -174.694
   10 (occ)         -155.720           6.435         -82.521         -57.108         -174.697
   11 (occ)         -155.720           6.435         -82.521         -57.108         -174.697
   12 (occ)          -21.373           6.994         -26.320         -17.384          -23.315
   13 (occ)          -19.173           6.317         -25.584         -17.671          -20.768
   14 (occ)          -12.606           2.780         -21.440         -16.063          -15.203
   15 (occ)          -10.616           1.425         -20.681         -16.158          -13.715
   16 (occ)           -9.618           1.611         -18.112         -13.939          -12.181
   17 (occ)           -9.618           1.611         -18.112         -13.939          -12.181
   18 (occ)           -6.797          -0.068         -16.971         -14.103           -9.733
   19 (occ)           -6.797          -0.068         -16.971         -14.103           -9.733
   20 (vir)           -2.829          -2.058          -8.858         -13.538           -0.208
   21 (vir)           -2.829          -2.058          -8.858         -13.538           -0.208
   22 (vir)            0.071          -2.565          -6.034         -11.039            2.512
   23 (vir)            1.409          -1.296          -1.930          -4.855            3.039
   24 (vir)            2.095          -1.743          -2.732          -6.658            4.277
   25 (vir)            2.203          -2.442          -4.022          -8.706            4.445
   26 (vir)            3.171          -1.164          -1.729          -4.886            5.164
   27 (vir)            3.171          -1.164          -1.729          -4.886            5.164
   28 (vir)            3.762          -2.010          -3.627          -7.609            5.733
   29 (vir)            4.129          -1.591          -2.414          -6.019            6.143
   30 (vir)            4.129          -1.591          -2.414          -6.019            6.143
   31 (vir)            4.960          -2.671          -3.718          -8.972            7.543
   32 (vir)            4.960          -2.671          -3.718          -8.972            7.543
   33 (vir)            5.754          -1.910          -1.612          -5.294            7.526
   34 (vir)            5.754          -1.910          -1.612          -5.294            7.526
   35 (vir)            6.192          -3.213          -3.817          -9.404            8.565
   36 (vir)            6.192          -3.213          -3.817          -9.404            8.565
   37 (vir)            7.224          -2.433          -3.857          -9.489           10.422
   38 (vir)            7.224          -2.433          -3.857          -9.489           10.422
   39 (vir)            8.406          -3.042          -3.146          -7.853           10.070
   40 (vir)           10.757          -2.060          -1.827          -5.821           12.692
   41 (vir)           11.847          -1.899          -2.167          -5.953           13.733
   42 (vir)           12.774          -3.016          -3.597         -10.571           16.732
   43 (vir)           12.774          -3.016          -3.597         -10.571           16.732
   44 (vir)           13.928          -3.616          -4.330         -10.446           16.429
   45 (vir)           14.745          -2.573          -2.165          -8.186           18.193
   46 (vir)           14.745          -2.573          -2.165          -8.186           18.193
   47 (vir)           18.405          -4.873          -3.153          -9.850           20.229
   48 (vir)           18.840          -2.613          -2.579          -8.663           22.312
   49 (vir)           18.840          -2.613          -2.579          -8.663           22.312
   50 (vir)           19.527          -3.455          -2.335          -8.436           22.173
   51 (vir)           19.527          -3.455          -2.335          -8.436           22.173
   52 (vir)           20.070          -4.655          -2.555          -8.124           20.985
   53 (vir)           22.070          -4.093          -3.351          -9.912           24.538
   54 (vir)           23.320          -5.662          -3.530         -11.706           25.834
   55 (vir)           23.320          -5.662          -3.530         -11.706           25.834
   56 (vir)           23.765          -5.413          -3.430         -11.554           26.476
   57 (vir)           23.765          -5.413          -3.430         -11.554           26.476
   58 (vir)           25.012          -4.652          -4.016         -11.174           27.517
   59 (vir)           25.012          -4.652          -4.016         -11.174           27.517
   60 (vir)           25.976          -1.859          -1.767          -8.926           31.276
   61 (vir)           25.976          -1.859          -1.767          -8.926           31.276
   62 (vir)           26.248          -4.920          -3.161         -10.375           28.543
   63 (vir)           26.248          -4.920          -3.161         -10.375           28.543
   64 (vir)           26.635          -4.781          -1.733          -8.915           29.036
   65 (vir)           26.635          -4.781          -1.733          -8.915           29.036
   66 (vir)           26.667          -5.863          -3.693         -12.012           29.123
   67 (vir)           27.085          -5.239          -2.048          -9.584           29.382
   68 (vir)           27.085          -5.239          -2.048          -9.584           29.382
   69 (vir)           27.598          -5.753          -3.283         -11.235           29.798
   70 (vir)           27.598          -5.753          -3.283         -11.235           29.798
   71 (vir)           30.888          -1.341          -2.696         -11.165           38.015
   72 (vir)           30.888          -1.341          -2.696         -11.165           38.015
   73 (vir)           31.338          -6.106          -5.488         -15.632           35.376
   74 (vir)           34.506          -1.629          -2.431          -9.870           40.317
   75 (vir)           35.279          -3.061          -3.115          -9.932           39.035
   76 (vir)           35.682           0.536          -1.486          -8.989           43.722
   77 (vir)           35.682           0.536          -1.486          -8.989           43.722
   78 (vir)           37.638          -2.093          -3.964         -10.981           42.562
   79 (vir)           41.588           0.934          -1.680          -9.290           50.132
   80 (vir)           41.588           0.934          -1.680          -9.290           50.132
   81 (vir)           43.781          -0.439          -1.857          -9.789           51.275
   82 (vir)           44.504          -0.437          -2.001          -9.603           51.670
   83 (vir)           44.504          -0.437          -2.001          -9.603           51.670
   84 (vir)           45.152          -1.619          -1.442          -9.616           51.708
   85 (vir)           45.152          -1.619          -1.442          -9.616           51.708
   86 (vir)           47.689          -2.184          -2.739         -12.121           54.887
   87 (vir)           47.689          -2.184          -2.739         -12.121           54.887
   88 (vir)           53.045          -1.112          -4.257         -13.701           61.378
   89 (vir)           54.305          -1.001          -3.485         -14.020           63.839
   90 (vir)           54.305          -1.001          -3.485         -14.020           63.839
   91 (vir)           54.753          -1.895          -2.903         -11.815           61.770
   92 (vir)           55.457          -0.782          -2.192         -11.782           64.265
   93 (vir)           55.457          -0.782          -2.192         -11.782           64.265
   94 (vir)           56.486          -1.408          -3.541         -12.770           64.307
   95 (vir)           63.304          -1.216          -4.595         -14.815           72.307
   96 (vir)           64.617          -1.147          -2.461         -12.253           73.263
   97 (vir)           64.617          -1.147          -2.461         -12.253           73.263
   98 (vir)           68.687          -0.541          -4.636         -16.325           79.834
   99 (vir)           68.687          -0.541          -4.636         -16.325           79.834
  100 (vir)           69.536          -0.223          -4.411         -15.982           80.883
  101 (vir)           69.536          -0.223          -4.411         -15.982           80.883
  102 (vir)           72.533          -1.256          -4.803         -16.704           83.178
  103 (vir)           72.533          -1.256          -4.803         -16.704           83.178
  104 (vir)           74.444          -0.533          -4.816         -17.221           86.315
  105 (vir)           74.768          -0.048          -3.802         -16.313           87.230
  106 (vir)           74.768          -0.048          -3.802         -16.313           87.230
  107 (vir)           76.448           0.746          -1.797         -12.690           88.087
  108 (vir)           76.448           0.746          -1.797         -12.690           88.087
  109 (vir)           77.820           0.485          -1.660         -12.460           89.105
  110 (vir)           77.820           0.485          -1.660         -12.460           89.105
  111 (vir)           77.907           0.466          -1.658         -12.461           89.177
  112 (vir)           77.907           0.466          -1.658         -12.461           89.177
  113 (vir)           78.033           0.213          -3.552         -14.787           89.481
  114 (vir)           78.033           0.213          -3.552         -14.787           89.481
  115 (vir)           79.220          -0.155          -3.078         -13.856           89.843
  116 (vir)           81.010           0.488          -1.895         -13.107           92.711
  117 (vir)           81.010           0.488          -1.895         -13.107           92.711
  118 (vir)           81.497           0.236          -2.252         -13.942           93.422
  119 (vir)           81.497           0.236          -2.252         -13.941           93.422
  120 (vir)           82.751           0.228          -2.360         -14.275           94.894
  121 (vir)           82.751           0.228          -2.360         -14.275           94.894
  122 (vir)           83.385           0.342          -2.342         -14.309           95.695
  123 (vir)           83.385           0.342          -2.342         -14.309           95.695
  124 (vir)           83.652           0.196          -2.086         -13.681           95.442
  125 (vir)           83.652           0.196          -2.086         -13.681           95.442
  126 (vir)           87.977           0.221          -3.137         -15.270          100.332
  127 (vir)           90.030           0.018          -5.913         -18.771          102.906
  128 (vir)           90.030           0.018          -5.913         -18.771          102.906
  129 (vir)           90.286           0.290          -1.834         -13.314          102.055
  130 (vir)           90.286           0.290          -1.834         -13.314          102.055
  131 (vir)           90.439          -0.284          -4.622         -16.248          101.781
  132 (vir)           90.442          -0.696          -7.446         -20.710          103.010
  133 (vir)           90.442          -0.696          -7.446         -20.710          103.010
  134 (vir)           91.913           0.032          -5.208         -18.003          104.739
  135 (vir)           95.012           0.213          -4.455         -16.872          107.642
  136 (vir)           95.012           0.213          -4.455         -16.872          107.642
  137 (vir)           98.796           0.050          -3.704         -15.612          110.753
  138 (vir)          100.427           0.285          -2.183         -13.787          112.315
  139 (vir)          100.427           0.285          -2.183         -13.787          112.315
  140 (vir)          102.063           0.391          -1.539         -12.856          113.771
  141 (vir)          102.063           0.391          -1.539         -12.855          113.771
  142 (vir)          103.052          -0.033          -3.369         -15.089          114.740
  143 (vir)          112.683           0.271          -2.715         -15.477          125.717
  144 (vir)          112.683           0.271          -2.715         -15.477          125.717
  145 (vir)          114.583          -0.560          -6.871         -21.944          129.097
  146 (vir)          127.161           0.471          -1.194         -12.625          139.063
  147 (vir)          127.161           0.471          -1.194         -12.625          139.063
  148 (vir)          132.207           0.484          -3.514         -16.889          146.066
  149 (vir)          132.207           0.484          -3.514         -16.889          146.066
  150 (vir)          133.442          -0.056          -1.460         -13.742          145.668
  151 (vir)          133.442          -0.056          -1.460         -13.742          145.668
  152 (vir)          136.106          -0.313          -3.888         -17.632          149.537
  153 (vir)          146.397          -0.351          -4.134         -18.886          160.798
  154 (vir)          150.206          -0.489          -1.795         -14.947          162.868
  155 (vir)          150.206          -0.489          -1.795         -14.946          162.868
  156 (vir)          150.331          -0.425          -2.317         -15.938          163.527
  157 (vir)          150.331          -0.425          -2.317         -15.938          163.527
  158 (vir)          157.533          -3.353          -1.652         -15.028          167.557
  159 (vir)          157.533          -3.353          -1.652         -15.028          167.557
  160 (vir)          162.935           0.057          -4.456         -19.140          177.676
  161 (vir)          163.891          -0.661          -1.962         -16.157          177.424
  162 (vir)          163.891          -0.661          -1.962         -16.157          177.424
  163 (vir)          164.836          -1.182          -1.907         -15.802          177.549
  164 (vir)          164.836          -1.182          -1.907         -15.802          177.549
  165 (vir)          175.922          -0.837          -2.008         -16.427          189.503
  166 (vir)          175.922          -0.837          -2.008         -16.427          189.503
  167 (vir)          184.660          -0.562         -10.782         -27.164          200.481
  168 (vir)          197.995          -0.633          -9.071         -25.320          213.612
  169 (vir)          201.272          -0.131          -2.175         -17.367          216.334
  170 (vir)          201.272          -0.131          -2.175         -17.367          216.334
  171 (vir)          209.868          -0.065          -5.573         -21.904          226.134
  172 (vir)          210.570          -0.218          -5.648         -22.406          227.111
  173 (vir)          225.322          -0.080          -8.009         -25.476          242.709
  174 (vir)          229.964          -0.778         -13.213         -33.513          249.486
  175 (vir)          229.964          -0.778         -13.213         -33.513          249.486
  176 (vir)          230.848          -0.766         -13.156         -33.441          250.367
  177 (vir)          230.849          -0.766         -13.156         -33.441          250.367
  178 (vir)          234.963          -0.607         -12.969         -33.246          254.633
  179 (vir)          234.963          -0.607         -12.969         -33.246          254.633
  180 (vir)          240.910          -0.589         -12.410         -32.626          260.537
  181 (vir)          240.910          -0.589         -12.410         -32.626          260.537
  182 (vir)          251.676          -0.484         -11.935         -32.136          271.394
  183 (vir)          273.130          -0.347          -8.365         -27.532          291.950
  184 (vir)          649.986          -1.306         -19.234         -50.919          680.366
  185 (vir)          665.525          -1.413         -18.991         -50.715          695.835
  186 (vir)          750.775           0.096         -13.684         -47.285          784.472
  187 (vir)          771.486          -2.131         -31.844         -75.979          813.490
  188 (vir)          771.486          -2.131         -31.844         -75.979          813.490
  189 (vir)          772.866          -2.101         -31.782         -75.904          814.887
  190 (vir)          772.866          -2.101         -31.782         -75.904          814.887
  191 (vir)          785.836          -1.672         -31.189         -75.286          828.261
  192 (vir)          791.434          -1.607         -30.438         -74.169          833.558
  193 (vir)         2263.565          -2.085         -32.927         -93.191         2321.744
  194 (vir)         2277.509          -2.072         -32.802         -93.104         2335.739
  195 (vir)         3981.169          -1.741         -14.824         -94.618         4059.222
  196 (vir)        12222.278          -2.180         -52.208        -208.603        12376.493
  197 (vir)        12245.300          -2.177         -52.158        -208.627        12399.593
