 
  kpoint:     0.0000    0.0000    0.0000
 
    n          ϵ_nk^DFT (eV)     Σ^c_nk (eV)     Σ^x_nk (eV)     v_n^xc (eV)   ϵ_nk^G0W0 (eV)
 
    1 (occ)         -269.278          -1.380         -96.937         -61.542         -306.053
    2 (occ)         -269.219          -1.255         -96.926         -61.580         -305.819
    3 (occ)          -18.599           5.404         -26.698         -17.644          -22.249
    4 (occ)          -14.076           2.519         -21.459         -15.006          -18.010
    5 (occ)          -12.213           1.684         -21.750         -15.876          -16.403
    6 (occ)           -7.189          -0.076         -17.366         -13.637          -10.993
    7 (occ)           -7.189          -0.076         -17.366         -13.637          -10.993
    8 (vir)           -0.348          -2.016          -5.641         -10.851            2.847
    9 (vir)           -0.348          -2.016          -5.641         -10.851            2.847
   10 (vir)            0.822          -1.136          -2.086          -5.298            2.898
   11 (vir)            1.065          -0.832          -1.309          -3.990            2.914
   12 (vir)            2.572          -1.270          -2.487          -6.249            5.064
   13 (vir)            3.102          -0.817          -1.360          -4.245            5.170
   14 (vir)            3.102          -0.817          -1.360          -4.245            5.170
   15 (vir)            3.857          -1.137          -1.842          -5.022            5.899
   16 (vir)            5.397          -1.622          -2.014          -5.849            7.610
   17 (vir)            5.397          -1.622          -2.014          -5.849            7.610
   18 (vir)            6.674          -1.470          -2.594          -6.073            8.683
   19 (vir)            9.692          -1.521          -1.531          -5.163           11.803
   20 (vir)            9.953          -2.132          -2.370          -6.549           12.001
   21 (vir)           10.748          -1.339          -1.416          -4.607           12.599
   22 (vir)           10.864          -1.800          -2.365          -7.284           13.982
   23 (vir)           10.864          -1.800          -2.365          -7.284           13.982
   24 (vir)           12.270          -1.699          -2.145          -7.367           15.793
   25 (vir)           12.270          -1.699          -2.145          -7.367           15.793
   26 (vir)           15.733          -1.938          -2.207          -6.776           18.365
   27 (vir)           17.051          -2.172          -1.169          -6.455           20.165
   28 (vir)           17.051          -2.172          -1.169          -6.455           20.165
   29 (vir)           17.823          -3.012          -1.491          -6.910           20.231
   30 (vir)           17.823          -3.012          -1.491          -6.910           20.231
   31 (vir)           18.483          -3.009          -3.136          -8.498           20.836
   32 (vir)           18.589          -3.110          -2.271          -8.037           21.246
   33 (vir)           18.589          -3.110          -2.271          -8.037           21.246
   34 (vir)           21.897          -2.823          -1.794          -7.803           25.083
   35 (vir)           21.897          -2.823          -1.794          -7.803           25.083
   36 (vir)           24.983          -2.299          -2.650          -8.522           28.557
   37 (vir)           25.508          -2.063          -1.472          -7.072           29.046
   38 (vir)           26.960          -2.104          -1.590          -7.723           30.989
   39 (vir)           26.960          -2.104          -1.590          -7.723           30.989
   40 (vir)           27.696          -3.580          -1.370          -6.900           29.647
   41 (vir)           30.485          -1.292          -2.568          -9.236           35.861
   42 (vir)           33.998          -1.883          -3.536         -11.090           39.669
   43 (vir)           36.119          -1.223          -0.770          -6.030           40.156
   44 (vir)           36.119          -1.223          -0.770          -6.030           40.156
   45 (vir)           37.954           0.018          -0.767          -5.920           43.126
   46 (vir)           41.160          -3.281          -1.621          -9.506           45.764
   47 (vir)           41.160          -3.281          -1.621          -9.506           45.764
   48 (vir)           41.864          -2.768          -2.638         -11.101           47.559
   49 (vir)           41.864          -2.768          -2.638         -11.101           47.559
   50 (vir)           42.997          -1.997          -1.719          -8.169           47.452
   51 (vir)           44.309          -2.443          -2.977         -11.302           50.192
   52 (vir)           44.309          -2.443          -2.977         -11.302           50.192
   53 (vir)           45.634          -1.053          -3.187         -11.106           52.500
   54 (vir)           45.972          -2.691          -2.147         -10.661           51.795
   55 (vir)           45.972          -2.691          -2.147         -10.661           51.795
   56 (vir)           49.473          -1.581          -1.626          -9.085           55.350
   57 (vir)           49.473          -1.581          -1.626          -9.085           55.350
   58 (vir)           49.910          -2.176          -1.798         -10.129           56.065
   59 (vir)           49.910          -2.176          -1.798         -10.129           56.065
   60 (vir)           51.218           0.917          -1.133          -9.136           60.137
   61 (vir)           51.218           0.917          -1.133          -9.136           60.137
   62 (vir)           55.701          -1.958          -1.552         -10.286           62.477
   63 (vir)           55.701          -1.958          -1.552         -10.286           62.477
   64 (vir)           56.480          -2.673          -1.914         -10.270           62.162
   65 (vir)           56.480          -2.673          -1.914         -10.270           62.162
   66 (vir)           58.069          -6.608          -2.319          -9.521           58.663
   67 (vir)           60.556          -2.819          -2.298         -11.195           66.635
   68 (vir)           65.848          -3.553          -3.332         -13.987           72.950
   69 (vir)           65.848          -3.553          -3.332         -13.987           72.950
   70 (vir)           66.743          -2.585          -0.949          -9.129           72.337
   71 (vir)           66.743          -2.585          -0.949          -9.128           72.337
   72 (vir)           67.073          -3.464          -2.269         -11.223           72.563
   73 (vir)           68.967          -4.698          -4.170         -15.961           76.061
   74 (vir)           68.967          -4.698          -4.170         -15.961           76.061
   75 (vir)           69.718          -4.274          -2.954         -12.854           75.344
   76 (vir)           73.311          -1.907          -1.362          -9.935           79.977
   77 (vir)           73.311          -1.907          -1.362          -9.935           79.977
   78 (vir)           76.611          -1.924          -1.235          -9.684           83.137
   79 (vir)           76.611          -1.924          -1.235          -9.684           83.137
   80 (vir)           80.170           3.149          -1.461         -10.227           92.086
   81 (vir)           81.651          -0.902          -0.941          -9.509           89.317
   82 (vir)           81.651          -0.901          -0.941          -9.509           89.318
   83 (vir)           88.169           4.680          -1.668         -10.573          101.754
   84 (vir)           90.420           4.732          -2.220         -12.258          105.189
   85 (vir)           93.511          -3.024          -1.345         -10.962          100.104
   86 (vir)           93.511          -3.024          -1.345         -10.962          100.104
   87 (vir)           94.415           4.882          -2.802         -14.258          110.753
   88 (vir)          112.121          -3.627          -1.921         -12.644          119.217
   89 (vir)          112.121          -3.627          -1.921         -12.644          119.217
   90 (vir)          114.567           3.346          -2.676         -13.858          129.095
   91 (vir)          117.920           3.080          -1.645         -13.522          132.878
   92 (vir)          117.920           3.080          -1.645         -13.522          132.878
   93 (vir)          118.357          -0.643          -3.116         -15.553          130.151
   94 (vir)          118.357          -0.643          -3.116         -15.553          130.151
   95 (vir)          122.858           3.887          -4.436         -17.914          140.223
   96 (vir)          124.094           0.586          -1.306         -12.736          136.110
   97 (vir)          124.094           0.586          -1.306         -12.736          136.110
   98 (vir)          128.307           3.144          -2.624         -14.218          143.044
   99 (vir)          134.343          -0.147          -1.140         -12.657          145.713
  100 (vir)          134.343          -0.147          -1.140         -12.657          145.713
  101 (vir)          136.141           0.246          -2.236         -15.321          149.472
  102 (vir)          136.142           0.245          -2.236         -15.320          149.472
  103 (vir)          137.288           0.097          -3.021         -16.576          150.940
  104 (vir)          137.522          -0.183          -2.719         -16.319          150.939
  105 (vir)          137.522          -0.183          -2.719         -16.319          150.939
  106 (vir)          142.362           0.433          -1.051         -12.362          154.106
  107 (vir)          142.362           0.433          -1.051         -12.362          154.106
  108 (vir)          148.236          -0.763          -1.553         -14.008          159.928
  109 (vir)          148.237          -0.763          -1.553         -14.007          159.928
  110 (vir)          148.752           0.081          -1.586         -14.148          161.395
  111 (vir)          148.753           0.081          -1.586         -14.147          161.395
  112 (vir)          150.914           0.001          -2.043         -15.369          164.240
  113 (vir)          150.914           0.001          -2.043         -15.369          164.240
  114 (vir)          155.569           5.412          -1.652         -14.637          173.965
  115 (vir)          155.569           5.412          -1.652         -14.637          173.965
  116 (vir)          157.484          -1.769          -1.804         -14.633          168.545
  117 (vir)          157.484          -1.769          -1.804         -14.633          168.545
  118 (vir)          159.864           0.910          -2.197         -16.436          175.014
  119 (vir)          159.865           0.911          -2.197         -16.436          175.014
  120 (vir)          161.282           5.762          -1.645         -15.041          180.439
  121 (vir)          161.282           5.762          -1.645         -15.041          180.439
  122 (vir)          163.021           1.872          -0.793         -11.648          175.748
  123 (vir)          163.021           1.872          -0.793         -11.648          175.748
  124 (vir)          166.077          -1.639          -2.103         -16.241          178.577
  125 (vir)          166.078          -1.639          -2.103         -16.241          178.576
  126 (vir)          166.486           0.855          -1.900         -15.999          181.439
  127 (vir)          173.598          -2.479          -0.828         -12.106          182.397
  128 (vir)          173.598          -2.479          -0.828         -12.106          182.397
  129 (vir)          173.799           3.904          -2.333         -15.752          191.122
  130 (vir)          179.047           1.320          -3.884         -17.988          194.471
  131 (vir)          181.338           1.464          -2.911         -17.347          197.239
  132 (vir)          183.022           4.020          -2.355         -17.013          201.699
  133 (vir)          183.022           4.020          -2.355         -17.013          201.699
  134 (vir)          186.675           5.351          -1.386         -14.695          205.335
  135 (vir)          186.675           5.351          -1.386         -14.695          205.335
  136 (vir)          197.271          -5.552          -2.340         -17.198          206.577
  137 (vir)          199.394           4.241          -2.891         -17.312          218.057
  138 (vir)          202.125           6.747          -0.795         -12.096          220.173
  139 (vir)          202.125           6.747          -0.795         -12.096          220.173
  140 (vir)          203.986           2.250          -0.653         -11.172          216.754
  141 (vir)          203.986           2.250          -0.653         -11.172          216.754
  142 (vir)          207.301           3.347          -0.723         -12.057          221.981
  143 (vir)          207.302           3.346          -0.723         -12.056          221.981
  144 (vir)          208.194           6.603          -1.819         -16.553          229.531
  145 (vir)          208.194           6.603          -1.819         -16.553          229.531
  146 (vir)          212.124           1.601          -1.164         -12.903          225.463
  147 (vir)          212.490           2.239          -0.716         -12.094          226.107
  148 (vir)          212.491           2.238          -0.716         -12.094          226.107
  149 (vir)          214.118          -1.537          -1.417         -13.642          224.806
  150 (vir)          217.289           4.722          -1.025         -14.163          235.150
  151 (vir)          217.289           4.722          -1.025         -14.163          235.150
  152 (vir)          220.495           6.121          -1.317         -14.928          240.227
  153 (vir)          220.495           6.121          -1.317         -14.928          240.227
  154 (vir)          235.005           2.680          -2.491         -17.059          252.253
  155 (vir)          241.015           3.659          -0.979         -13.882          257.577
  156 (vir)          241.015           3.659          -0.979         -13.882          257.577
  157 (vir)          241.813           2.637          -0.965         -14.262          257.748
  158 (vir)          241.813           2.636          -0.965         -14.262          257.747
  159 (vir)          241.895           6.779          -3.233         -18.866          264.306
  160 (vir)          267.233           3.978          -1.293         -15.754          285.672
  161 (vir)          267.233           3.978          -1.293         -15.754          285.672
  162 (vir)          275.829           2.597          -1.950         -17.788          294.264
  163 (vir)          294.190           3.180          -3.431         -19.733          313.672
  164 (vir)          295.769          -0.488          -1.058         -15.254          309.477
  165 (vir)          295.769          -0.488          -1.058         -15.254          309.477
  166 (vir)          303.781           2.290          -5.446         -22.775          323.400
  167 (vir)          308.026           0.637          -0.946         -14.775          322.492
  168 (vir)          308.026           0.637          -0.946         -14.775          322.491
  169 (vir)          336.068           2.275          -1.987         -18.046          354.402
  170 (vir)          364.756           1.837          -2.246         -18.718          383.065
  171 (vir)          791.888           1.086         -12.501         -45.816          826.289
  172 (vir)          820.352           1.046         -12.236         -45.479          854.640
  173 (vir)         4021.483           0.614         -14.660         -94.466         4101.904
  174 (vir)         4061.181           0.610         -14.510         -94.317         4141.598
