 
  kpoint:     0.0000    0.0000    0.0000
 
    n          ϵ_nk^DFT (eV)     Σ^c_nk (eV)     Σ^x_nk (eV)     v_n^xc (eV)   ϵ_nk^G0W0 (eV)
 
    1 (occ)        -1032.871          -1.481        -187.390        -117.677        -1104.065
    2 (occ)        -1032.871          -1.481        -187.390        -117.677        -1104.065
    3 (occ)        -1032.258          -1.477        -187.388        -117.677        -1103.446
    4 (occ)        -1032.258          -1.477        -187.388        -117.677        -1103.446
    5 (occ)          -56.372           5.034         -53.908         -34.021          -71.225
    6 (occ)          -56.369           4.983         -53.917         -34.029          -71.274
    7 (occ)          -55.733           5.015         -53.934         -34.028          -70.624
    8 (occ)          -55.733           5.016         -53.934         -34.028          -70.623
    9 (occ)          -28.564           6.247         -44.971         -31.982          -35.306
   10 (occ)          -28.540           6.240         -45.026         -32.043          -35.282
   11 (occ)          -28.534           6.260         -45.044         -32.062          -35.255
   12 (occ)          -28.513           6.260         -45.118         -32.121          -35.250
   13 (occ)          -28.495           6.332         -45.103         -32.071          -35.195
   14 (occ)          -28.489           6.316         -45.123         -32.093          -35.203
   15 (occ)          -27.894           6.163         -45.034         -32.057          -34.709
   16 (occ)          -27.894           6.166         -45.035         -32.057          -34.707
   17 (occ)          -27.894           6.185         -45.034         -32.055          -34.689
   18 (occ)          -27.894           6.183         -45.034         -32.055          -34.690
   19 (occ)          -27.883           6.183         -45.062         -32.062          -34.699
   20 (occ)          -27.883           6.174         -45.064         -32.064          -34.709
   21 (occ)           -3.826           0.499          -7.431          -5.794           -4.963
   22 (occ)           -2.684          -0.480          -6.120          -5.183           -4.102
   23 (vir)           -2.096          -1.403          -1.812          -4.291           -1.020
   24 (vir)           -1.540          -1.267          -2.049          -4.240           -0.616
   25 (vir)           -1.369          -1.327          -1.292          -3.598           -0.391
   26 (vir)           -0.920          -1.542          -1.315          -3.613           -0.164
   27 (vir)           -0.635          -1.405          -0.958          -2.967           -0.031
   28 (vir)           -0.593          -1.595          -1.395          -3.561           -0.022
   29 (vir)           -0.531          -1.370          -0.887          -2.940            0.151
   30 (vir)           -0.035          -1.130          -0.359          -2.040            0.516
   31 (vir)            0.076          -1.317          -0.499          -2.217            0.477
   32 (vir)            0.267          -1.184          -0.423          -2.089            0.749
   33 (vir)            0.280          -0.828          -0.351          -1.781            0.881
   34 (vir)            0.355          -0.746          -0.380          -1.605            0.834
   35 (vir)            0.407          -0.749          -0.440          -1.739            0.957
   36 (vir)            0.429          -0.749          -0.376          -1.722            1.026
   37 (vir)            0.694          -0.824          -0.415          -1.799            1.254
   38 (vir)            0.814          -0.653          -0.390          -1.730            1.500
   39 (vir)            0.893          -0.626          -0.357          -1.577            1.486
   40 (vir)            0.966          -0.868          -0.586          -2.040            1.553
   41 (vir)            1.023          -0.778          -0.425          -1.868            1.689
   42 (vir)            1.130          -0.935          -0.522          -2.073            1.746
   43 (vir)            1.281          -0.368          -0.125          -1.036            1.824
   44 (vir)            1.349          -0.609          -0.243          -1.434            1.931
   45 (vir)            1.443          -0.642          -0.198          -1.355            1.958
   46 (vir)            1.539          -1.092          -0.488          -2.166            2.125
   47 (vir)            1.565          -0.664          -0.555          -2.171            2.517
   48 (vir)            1.761          -1.221          -0.612          -2.468            2.396
   49 (vir)            1.993          -0.466          -0.963          -3.319            3.883
   50 (vir)            2.371          -1.393          -0.536          -2.663            3.105
   51 (vir)            2.418          -1.292          -0.609          -2.842            3.359
   52 (vir)            2.516          -1.285          -0.540          -2.781            3.472
   53 (vir)            2.676          -1.617          -0.484          -3.614            4.190
   54 (vir)            3.014          -1.834          -0.613          -2.950            3.517
   55 (vir)            3.020          -0.848          -0.521          -3.552            5.204
   56 (vir)            3.309          -1.619          -0.370          -3.078            4.398
   57 (vir)            3.407          -1.248          -0.643          -3.117            4.633
   58 (vir)            3.924          -0.587          -0.448          -3.434            6.323
   59 (vir)            4.030          -0.272          -0.362          -3.359            6.755
   60 (vir)            4.047          -0.992          -0.691          -3.120            5.485
   61 (vir)            4.126          -0.882          -0.791          -3.422            5.875
   62 (vir)            4.410          -1.080          -0.876          -3.176            5.630
   63 (vir)            4.777          -0.581          -0.727          -3.765            7.235
   64 (vir)            4.942          -0.567          -0.663          -3.469            7.181
   65 (vir)            4.980          -1.371          -1.120          -3.973            6.462
   66 (vir)            5.265          -1.048          -0.908          -3.863            7.172
   67 (vir)            5.470          -0.379          -0.501          -3.758            8.348
   68 (vir)            5.824          -0.512          -1.176          -4.577            8.712
   69 (vir)            6.104          -0.465          -0.283          -3.371            8.727
   70 (vir)            6.237          -0.540          -1.034          -4.133            8.797
   71 (vir)            6.362          -0.262          -0.746          -3.401            8.755
   72 (vir)            6.609          -0.537          -0.999          -4.004            9.077
   73 (vir)            6.617          -0.452          -0.737          -3.623            9.051
   74 (vir)            6.649          -0.140          -0.414          -2.931            9.027
   75 (vir)            6.767          -0.470          -0.884          -4.108            9.521
   76 (vir)            6.802          -0.265          -0.834          -3.735            9.437
   77 (vir)            6.874          -0.201          -0.840          -3.762            9.596
   78 (vir)            6.979          -0.014          -0.582          -3.786           10.169
   79 (vir)            7.156          -0.217          -0.652          -3.615            9.902
   80 (vir)            7.169          -0.366          -1.130          -4.145            9.818
   81 (vir)            7.247          -0.398          -0.275          -2.909            9.483
   82 (vir)            7.328          -0.047          -0.684          -3.877           10.473
   83 (vir)            7.955           0.125          -0.430          -3.451           11.101
   84 (vir)            8.661          -0.079          -0.870          -4.569           12.281
   85 (vir)            9.154          -0.375          -0.965          -4.582           12.397
   86 (vir)            9.411          -0.038          -0.590          -3.797           12.580
   87 (vir)           10.133          -0.170          -0.526          -4.552           13.990
   88 (vir)           10.513          -0.282          -1.292          -5.492           14.431
   89 (vir)           10.712          -0.268          -1.084          -4.870           14.230
   90 (vir)           11.444          -0.241          -0.356          -4.189           15.036
   91 (vir)           11.700          -0.016          -0.398          -4.337           15.623
   92 (vir)           11.744          -0.274          -0.771          -4.674           15.373
   93 (vir)           12.183          -0.207          -0.521          -4.372           15.828
   94 (vir)           12.438          -0.126          -0.394          -4.159           16.077
   95 (vir)           12.566          -0.452          -0.520          -4.395           15.990
   96 (vir)           12.885           0.088          -0.302          -4.082           16.753
   97 (vir)           12.979           0.032          -0.483          -4.240           16.767
   98 (vir)           13.321          -0.051          -0.434          -4.463           17.299
   99 (vir)           13.339          -0.061          -0.482          -4.440           17.237
  100 (vir)           13.748           0.070          -0.455          -4.635           17.999
  101 (vir)           13.820          -0.124          -0.637          -4.891           17.949
  102 (vir)           14.249          -0.061          -0.863          -5.190           18.515
  103 (vir)           14.836          -0.078          -0.505          -4.608           18.861
  104 (vir)           15.300          -0.081          -0.929          -5.401           19.691
  105 (vir)           16.296           0.019          -0.832          -4.740           20.223
  106 (vir)           16.413           0.027          -0.867          -4.815           20.389
  107 (vir)           16.699          -0.364          -1.117          -5.725           20.943
  108 (vir)           16.869          -0.377          -0.812          -5.502           21.182
  109 (vir)           16.950          -0.048          -0.803          -4.763           20.862
  110 (vir)           16.961          -0.170          -1.054          -5.062           20.800
  111 (vir)           17.011          -0.415          -1.034          -5.842           21.405
  112 (vir)           17.313          -0.405          -0.768          -4.962           21.102
  113 (vir)           17.327          -0.309          -0.887          -5.523           21.653
  114 (vir)           17.400          -0.409          -0.962          -5.684           21.713
  115 (vir)           17.443          -0.063          -0.962          -5.549           21.967
  116 (vir)           17.716          -0.399          -0.868          -5.487           21.935
  117 (vir)           17.922          -0.481          -0.969          -5.731           22.203
  118 (vir)           17.999          -0.304          -0.831          -5.029           21.893
  119 (vir)           18.240          -0.409          -0.630          -4.852           22.053
  120 (vir)           18.447          -0.346          -0.681          -4.991           22.410
  121 (vir)           18.557          -0.182          -0.564          -4.452           22.263
  122 (vir)           18.680          -0.107          -0.661          -4.699           22.611
  123 (vir)           19.110           0.096          -1.142          -6.181           24.246
  124 (vir)           19.138          -0.013          -0.542          -4.540           23.124
  125 (vir)           19.293          -0.489          -1.209          -5.942           23.537
  126 (vir)           19.516          -0.434          -1.182          -5.902           23.802
  127 (vir)           19.765          -0.195          -0.691          -4.928           23.806
  128 (vir)           20.031          -0.722          -1.219          -6.104           24.195
  129 (vir)           20.247          -0.010          -1.100          -5.615           24.753
  130 (vir)           20.255           0.288          -0.962          -5.529           25.109
  131 (vir)           20.539          -0.596          -1.391          -6.379           24.931
  132 (vir)           20.619           0.157          -1.301          -6.047           25.522
  133 (vir)           21.234          -0.222          -0.897          -5.474           25.589
  134 (vir)           22.086           0.177          -0.834          -5.574           27.003
  135 (vir)           22.492          -0.453          -1.086          -5.930           26.883
  136 (vir)           23.637           0.845          -2.343          -8.127           30.266
  137 (vir)           25.133           0.072          -4.604         -11.501           32.101
  138 (vir)           25.888           0.702          -4.566         -11.422           33.446
  139 (vir)           26.260           0.206          -4.373         -11.278           33.371
  140 (vir)           26.772          -0.165          -4.556         -11.501           33.552
  141 (vir)           26.865          -1.098          -4.779         -11.745           32.733
  142 (vir)           26.956           0.235          -4.279         -11.169           34.081
  143 (vir)           27.122          -0.788          -4.621         -11.446           33.159
  144 (vir)           27.207           0.221          -3.957         -10.568           34.038
  145 (vir)           27.597           0.291          -3.977         -10.726           34.637
  146 (vir)           28.909           0.227          -4.431         -11.752           36.457
  147 (vir)           30.785           0.208          -3.526          -9.895           37.362
  148 (vir)           32.432          -0.152          -4.932         -12.415           39.762
  149 (vir)           34.462           0.388          -3.815         -10.874           41.910
  150 (vir)           40.180          -0.005          -4.521         -12.092           47.746
  151 (vir)           43.701           0.068          -4.309         -11.762           51.222
  152 (vir)           43.835          -0.006          -4.690         -12.446           51.586
  153 (vir)          147.555           0.226         -10.270         -26.097          163.608
  154 (vir)          151.087           0.210         -10.221         -26.107          167.182
  155 (vir)          153.313           0.043         -11.085         -27.461          169.731
  156 (vir)          154.285          -0.200         -12.063         -28.967          170.990
  157 (vir)          154.645          -0.665         -13.600         -31.316          171.696
  158 (vir)          154.766          -0.650         -13.602         -31.316          171.829
  159 (vir)          154.863          -0.125         -13.440         -31.084          172.383
  160 (vir)          154.867          -0.600         -13.590         -31.304          171.981
  161 (vir)          154.966          -0.159         -13.561         -31.287          172.534
  162 (vir)          155.145          -0.448         -13.551         -31.270          172.415
  163 (vir)          155.188          -0.430         -13.551         -31.283          172.490
  164 (vir)          155.288          -0.817         -13.605         -31.323          172.189
  165 (vir)          155.290          -1.435         -13.575         -31.279          171.558
  166 (vir)          155.301          -0.814         -13.602         -31.320          172.205
  167 (vir)          155.320          -0.838         -13.594         -31.311          172.199
  168 (vir)          155.383          -0.761         -13.595         -31.317          172.343
  169 (vir)          155.456          -0.755         -13.588         -31.310          172.423
  170 (vir)          155.540          -0.812         -13.473         -31.186          172.442
  171 (vir)          155.615          -0.658         -13.283         -30.875          172.550
  172 (vir)          155.810          -0.607         -13.532         -31.261          172.932
  173 (vir)          155.895          -0.456         -13.521         -31.261          173.179
  174 (vir)          156.085          -0.508         -13.408         -31.114          173.283
  175 (vir)          157.254          -0.187         -11.784         -28.718          174.001
  176 (vir)          158.051          -0.483         -12.308         -29.591          174.851
  177 (vir)          562.894           0.765         -17.723         -48.361          594.298
  178 (vir)          566.253           0.754         -17.680         -48.334          597.661
  179 (vir)          569.507           0.772         -17.610         -48.291          600.960
  180 (vir)          570.368           0.764         -17.602         -48.282          601.811
  181 (vir)         3412.778           0.093         -36.852        -122.186         3498.206
  182 (vir)         3418.447           0.092         -36.836        -122.210         3503.914
  183 (vir)         3424.649           0.093         -36.800        -122.231         3510.173
  184 (vir)         3425.616           0.092         -36.801        -122.236         3511.143
