 
  kpoint:     0.0000    0.0000    0.0000
 
    n          ϵ_nk^DFT (eV)     Σ^c_nk (eV)     Σ^x_nk (eV)     v_n^xc (eV)   ϵ_nk^G0W0 (eV)
 
    1 (occ)         -269.320           4.036         -96.884         -61.541         -300.628
    2 (occ)         -269.139           4.280         -96.856         -61.535         -300.179
    3 (occ)         -269.106           3.993         -96.895         -61.542         -300.465
    4 (occ)         -269.105           3.990         -96.892         -61.544         -300.462
    5 (occ)         -269.060           3.990         -96.887         -61.547         -300.411
    6 (occ)         -269.056           3.993         -96.889         -61.547         -300.406
    7 (occ)         -269.056           3.997         -96.887         -61.547         -300.398
    8 (occ)         -268.821           4.190         -96.864         -61.539         -299.956
    9 (occ)          -21.216           7.038         -26.466         -16.817          -23.827
   10 (occ)          -19.428           6.041         -25.526         -16.484          -22.430
   11 (occ)          -18.300           5.838         -25.610         -16.910          -21.162
   12 (occ)          -17.758           5.394         -25.215         -16.700          -20.880
   13 (occ)          -15.509           4.231         -23.786         -16.160          -18.904
   14 (occ)          -14.799           4.082         -23.388         -16.227          -17.879
   15 (occ)          -14.071           3.670         -22.974         -16.053          -17.322
   16 (occ)          -12.463           2.818         -20.822         -14.813          -15.654
   17 (occ)          -11.367           2.368         -21.160         -15.545          -14.613
   18 (occ)          -11.075           2.386         -20.908         -15.120          -14.478
   19 (occ)          -10.401           1.978         -20.275         -14.938          -13.759
   20 (occ)          -10.202           1.954         -20.710         -15.413          -13.545
   21 (occ)          -10.002           1.912         -20.617         -15.347          -13.361
   22 (occ)           -9.628           1.782         -19.710         -14.941          -12.615
   23 (occ)           -8.954           1.554         -19.700         -14.828          -12.272
   24 (occ)           -8.581           1.663         -18.265         -13.964          -11.219
   25 (occ)           -8.377           1.269         -19.819         -15.004          -11.923
   26 (occ)           -7.885           1.210         -20.023         -15.414          -11.283
   27 (occ)           -7.873           1.213         -20.449         -16.016          -11.093
   28 (occ)           -6.222           0.034         -16.097         -13.506           -8.779
   29 (occ)           -6.000          -0.072         -16.322         -13.825           -8.568
   30 (vir)           -1.142          -2.764          -8.015         -12.952            1.031
   31 (vir)           -1.113          -2.754          -8.136         -13.031            1.028
   32 (vir)            0.117          -1.429          -2.307          -5.525            1.907
   33 (vir)            0.528          -1.383          -2.165          -5.341            2.321
   34 (vir)            0.704          -1.313          -1.909          -4.931            2.414
   35 (vir)            0.969          -1.262          -1.804          -4.804            2.707
   36 (vir)            1.343          -1.342          -1.893          -4.966            3.074
   37 (vir)            1.469          -1.282          -1.783          -4.768            3.171
   38 (vir)            1.901          -1.479          -1.954          -5.231            3.699
   39 (vir)            1.911          -1.752          -2.511          -6.080            3.728
   40 (vir)            2.185          -1.486          -2.143          -5.491            4.047
   41 (vir)            2.496          -2.762          -3.692          -8.338            4.379
   42 (vir)            2.583          -1.461          -2.094          -5.457            4.485
   43 (vir)            2.852          -2.311          -3.033          -7.185            4.694
   44 (vir)            2.936          -1.519          -1.938          -5.259            4.737
   45 (vir)            3.446          -1.547          -2.030          -5.423            5.292
   46 (vir)            3.514          -1.877          -2.286          -5.969            5.320
   47 (vir)            3.557          -1.387          -1.585          -4.742            5.326
   48 (vir)            3.892          -1.886          -2.473          -6.235            5.768
   49 (vir)            3.992          -1.392          -1.488          -4.712            5.824
   50 (vir)            4.282          -1.503          -1.497          -4.745            6.027
   51 (vir)            4.422          -1.488          -1.805          -5.063            6.192
   52 (vir)            4.561          -1.678          -2.126          -5.687            6.444
   53 (vir)            5.111          -1.965          -2.706          -6.676            7.117
   54 (vir)            5.504          -1.824          -2.108          -5.817            7.389
   55 (vir)            5.783          -2.111          -2.942          -7.013            7.743
   56 (vir)            6.017          -1.822          -1.590          -5.207            7.812
   57 (vir)            6.106          -2.189          -2.585          -6.748            8.079
   58 (vir)            6.369          -2.284          -3.465          -7.670            8.290
   59 (vir)            6.394          -2.659          -4.651          -9.536            8.619
   60 (vir)            6.669          -2.637          -4.157          -8.947            8.823
   61 (vir)            6.958          -2.415          -3.231          -7.725            9.036
   62 (vir)            7.297          -2.112          -2.505          -6.572            9.252
   63 (vir)            7.373          -2.363          -3.157          -7.557            9.410
   64 (vir)            7.411          -1.852          -2.256          -5.971            9.274
   65 (vir)            7.614          -2.148          -2.674          -6.781            9.573
   66 (vir)            7.629          -2.151          -2.788          -6.973            9.663
   67 (vir)            7.685          -2.584          -3.475          -8.078            9.704
   68 (vir)            7.732          -2.066          -2.440          -6.400            9.626
   69 (vir)            8.041          -1.732          -1.805          -5.405            9.908
   70 (vir)            8.045          -1.951          -2.427          -6.196            9.863
   71 (vir)            8.281          -2.424          -3.280          -7.751           10.327
   72 (vir)            8.510          -2.565          -3.340          -7.966           10.571
   73 (vir)            8.518          -2.823          -3.766          -8.630           10.559
   74 (vir)            8.551          -2.686          -3.600          -8.333           10.598
   75 (vir)            8.952          -2.560          -3.061          -7.778           11.109
   76 (vir)            9.304          -2.507          -2.770          -7.486           11.513
   77 (vir)            9.375          -2.268          -2.560          -6.843           11.390
   78 (vir)           10.428          -2.467          -2.398          -6.983           12.546
   79 (vir)           10.622          -2.083          -2.254          -6.207           12.493
   80 (vir)           10.743          -2.622          -2.855          -7.488           12.754
   81 (vir)           10.901          -2.510          -2.968          -7.467           12.890
   82 (vir)           10.967          -2.708          -2.849          -7.670           13.081
   83 (vir)           11.716          -2.106          -2.081          -6.012           13.541
   84 (vir)           11.911          -2.149          -2.236          -6.390           13.916
   85 (vir)           12.434          -2.961          -1.971          -6.352           13.854
   86 (vir)           12.759          -2.181          -1.811          -5.945           14.712
   87 (vir)           12.943          -2.562          -2.028          -6.740           15.093
   88 (vir)           13.032          -1.921          -1.721          -5.870           15.260
   89 (vir)           13.180          -3.163          -2.948          -8.495           15.563
   90 (vir)           13.194          -2.471          -2.214          -6.783           15.292
   91 (vir)           13.662          -2.866          -2.230          -7.347           15.914
   92 (vir)           13.947          -2.874          -2.542          -7.570           16.100
   93 (vir)           14.491          -3.374          -3.357          -8.926           16.687
   94 (vir)           14.626          -4.737          -4.853         -12.045           17.081
   95 (vir)           14.751          -3.242          -2.862          -8.452           17.100
   96 (vir)           14.818          -2.669          -2.381          -7.291           17.059
   97 (vir)           15.339          -3.560          -3.333          -9.138           17.585
   98 (vir)           15.472          -3.179          -2.672          -8.252           17.873
   99 (vir)           15.554          -3.195          -2.866          -8.333           17.826
  100 (vir)           15.890          -3.275          -2.784          -8.454           18.285
  101 (vir)           16.403          -3.109          -2.464          -7.788           18.618
  102 (vir)           16.709          -3.432          -2.672          -8.321           18.926
  103 (vir)           17.181          -3.235          -2.408          -7.934           19.472
  104 (vir)           17.490          -3.761          -2.324          -8.251           19.656
  105 (vir)           17.943          -3.084          -2.098          -7.468           20.230
  106 (vir)           17.977          -3.465          -3.025          -8.815           20.302
  107 (vir)           18.100          -3.537          -2.113          -7.849           20.299
  108 (vir)           18.429          -3.613          -3.219          -8.846           20.443
  109 (vir)           18.712          -3.331          -2.002          -7.645           21.025
  110 (vir)           18.882          -3.980          -2.686          -8.766           20.983
  111 (vir)           19.204          -3.493          -2.244          -7.953           21.420
  112 (vir)           19.301          -3.717          -2.338          -8.325           21.571
  113 (vir)           19.492          -3.838          -2.091          -8.070           21.634
  114 (vir)           19.512          -4.244          -2.365          -8.722           21.624
  115 (vir)           19.642          -3.564          -2.108          -7.906           21.877
  116 (vir)           19.839          -3.914          -1.938          -7.870           21.858
  117 (vir)           20.240          -3.776          -2.372          -8.253           22.346
  118 (vir)           20.726          -3.471          -1.997          -7.627           22.886
  119 (vir)           20.813          -3.407          -1.932          -7.660           23.133
  120 (vir)           20.982          -3.864          -2.294          -8.107           22.931
  121 (vir)           21.287          -3.849          -1.847          -7.847           23.438
  122 (vir)           21.579          -3.844          -2.170          -7.914           23.479
  123 (vir)           21.601          -3.132          -1.823          -7.019           23.665
  124 (vir)           21.761          -3.245          -2.189          -7.949           24.276
  125 (vir)           21.821          -3.576          -2.083          -7.817           23.980
  126 (vir)           22.452          -3.755          -1.994          -7.919           24.622
  127 (vir)           22.547          -4.176          -2.197          -8.114           24.288
  128 (vir)           22.763          -3.706          -2.491          -8.457           25.023
  129 (vir)           23.136          -3.895          -2.199          -8.259           25.301
  130 (vir)           23.224          -3.944          -2.456          -8.618           25.441
  131 (vir)           23.266          -3.808          -1.917          -7.809           25.350
  132 (vir)           23.617          -3.917          -1.918          -7.860           25.642
  133 (vir)           23.741          -4.272          -2.408          -8.584           25.645
  134 (vir)           23.920          -3.996          -1.920          -7.936           25.940
  135 (vir)           24.259          -3.788          -1.971          -8.057           26.557
  136 (vir)           24.284          -3.758          -1.933          -7.890           26.483
  137 (vir)           24.793          -3.453          -1.531          -7.020           26.830
  138 (vir)           24.913          -3.717          -1.784          -7.780           27.193
  139 (vir)           25.176          -3.789          -1.805          -7.837           27.419
  140 (vir)           25.552          -3.704          -1.654          -7.566           27.760
  141 (vir)           25.787          -3.604          -1.909          -7.926           28.199
  142 (vir)           25.985          -3.656          -1.782          -7.631           28.178
  143 (vir)           26.332          -3.242          -1.823          -7.776           29.042
  144 (vir)           26.602          -2.260          -1.555          -6.932           29.719
  145 (vir)           26.640          -3.311          -1.946          -7.483           28.866
  146 (vir)           26.916          -3.127          -1.787          -7.367           29.368
  147 (vir)           26.957          -3.482          -1.733          -7.803           29.545
  148 (vir)           27.278          -3.789          -1.874          -7.953           29.568
  149 (vir)           27.826          -3.272          -1.705          -7.285           30.135
  150 (vir)           27.843          -2.147          -1.604          -7.411           31.503
  151 (vir)           28.265          -3.196          -1.716          -7.704           31.057
  152 (vir)           28.447          -3.332          -2.105          -8.662           31.672
  153 (vir)           28.676          -3.436          -1.682          -7.636           31.196
  154 (vir)           29.105          -2.927          -1.224          -6.725           31.679
  155 (vir)           29.414          -3.697          -1.797          -7.984           31.904
  156 (vir)           29.812          -3.612          -1.694          -7.862           32.367
  157 (vir)           29.940          -3.503          -1.633          -7.760           32.564
  158 (vir)           30.255          -3.547          -1.745          -7.879           32.842
  159 (vir)           30.379          -3.907          -2.412          -9.342           33.401
  160 (vir)           30.781          -2.359          -1.953          -8.450           34.919
  161 (vir)           30.963          -2.885          -1.697          -8.015           34.396
  162 (vir)           31.569          -3.941          -1.933          -8.495           34.189
  163 (vir)           31.984          -3.675          -1.731          -8.123           34.700
  164 (vir)           32.256          -3.385          -1.646          -7.816           35.040
  165 (vir)           32.600          -3.526          -1.487          -7.827           35.414
  166 (vir)           32.649          -3.188          -1.533          -7.580           35.508
  167 (vir)           33.397          -3.323          -1.186          -7.069           35.957
  168 (vir)           33.434          -2.199          -1.892          -7.838           37.181
  169 (vir)           34.241          -3.365          -1.758          -8.253           37.371
  170 (vir)           34.320          -3.053          -1.429          -7.453           37.291
  171 (vir)           34.868          -2.393          -1.444          -7.594           38.624
  172 (vir)           35.465          -2.509          -1.646          -8.063           39.373
  173 (vir)           35.734          -2.585          -1.480          -7.709           39.378
  174 (vir)           35.876          -2.298          -1.309          -7.371           39.640
  175 (vir)           36.545          -3.178          -1.403          -7.719           39.682
  176 (vir)           37.178          -2.532          -1.203          -7.301           40.745
  177 (vir)           37.470          -1.892          -1.133          -6.811           41.256
  178 (vir)           38.045          -2.469          -1.242          -7.042           41.376
  179 (vir)           38.473          -1.945          -1.595          -8.092           43.026
  180 (vir)           38.621          -2.948          -1.489          -7.661           41.845
  181 (vir)           39.077          -2.802          -1.547          -7.817           42.546
  182 (vir)           39.156          -2.160          -1.755          -8.649           43.889
  183 (vir)           39.736          -3.362          -1.987          -9.033           43.419
  184 (vir)           40.404          -3.047          -1.885          -8.859           44.330
  185 (vir)           40.591          -2.951          -1.724          -8.704           44.620
  186 (vir)           40.977          -2.927          -2.194          -9.410           45.266
  187 (vir)           41.486          -2.861          -2.411         -10.287           46.501
  188 (vir)           41.635          -3.259          -2.824         -10.862           46.414
  189 (vir)           42.711          -2.297          -2.235          -9.794           47.974
  190 (vir)           42.813          -1.964          -2.113          -9.649           48.385
  191 (vir)           43.315          -3.033          -2.672         -10.832           48.442
  192 (vir)           43.435          -2.461          -2.177          -9.922           48.719
  193 (vir)           44.446          -3.435          -1.924          -8.968           48.055
  194 (vir)           44.455          -4.241          -3.163         -12.079           49.130
  195 (vir)           45.115          -3.449          -2.490         -10.455           49.631
  196 (vir)           45.172          -3.401          -2.722         -11.075           50.123
  197 (vir)           45.263          -2.370          -2.669         -11.003           51.228
  198 (vir)           46.157          -2.421          -2.379         -10.571           51.929
  199 (vir)           46.524          -2.279          -2.622         -11.167           52.790
  200 (vir)           46.877          -2.319          -2.622         -11.113           53.050
  201 (vir)           47.156          -2.190          -2.215         -10.168           52.918
  202 (vir)           47.372          -2.772          -2.307         -10.567           52.860
  203 (vir)           47.678          -3.155          -2.459         -10.722           52.786
  204 (vir)           47.781          -2.001          -2.740         -11.281           54.320
  205 (vir)           48.093          -2.563          -2.479         -10.890           53.940
  206 (vir)           48.360          -2.853          -2.568         -10.973           53.912
  207 (vir)           48.966          -3.062          -2.520         -10.819           54.202
  208 (vir)           48.999          -1.161          -2.294         -10.622           56.167
  209 (vir)           49.149          -3.209          -2.292         -10.526           54.174
  210 (vir)           49.337          -1.603          -2.230         -10.414           55.918
  211 (vir)           50.138          -2.656          -2.226         -10.567           55.824
  212 (vir)           50.397          -2.504          -2.015         -10.044           55.922
  213 (vir)           50.648          -1.840          -2.423         -11.097           57.483
  214 (vir)           50.824          -1.892          -2.097         -10.377           57.212
  215 (vir)           51.288          -1.194          -2.231         -10.511           58.373
  216 (vir)           51.448          -1.158          -2.054         -10.159           58.394
  217 (vir)           51.667          -2.490          -2.353         -10.795           57.620
  218 (vir)           51.883          -1.715          -2.078         -10.602           58.692
  219 (vir)           52.028          -1.899          -2.174         -10.312           58.268
  220 (vir)           52.471          -1.706          -2.194         -10.687           59.258
  221 (vir)           52.632          -1.520          -2.318         -10.975           59.770
  222 (vir)           52.824          -1.167          -2.140         -10.781           60.298
  223 (vir)           53.186          -0.904          -2.180         -10.709           60.811
  224 (vir)           53.397          -2.114          -2.245         -10.974           60.012
  225 (vir)           53.978          -1.199          -2.350         -10.991           61.420
  226 (vir)           54.085          -0.667          -2.386         -11.189           62.221
  227 (vir)           54.533          -1.184          -2.330         -10.975           61.993
  228 (vir)           54.721          -1.592          -2.078         -10.736           61.787
  229 (vir)           54.723           0.012          -1.869         -10.306           63.173
  230 (vir)           55.259          -0.672          -1.881         -10.209           62.916
  231 (vir)           55.487          -1.923          -2.216         -10.804           62.152
  232 (vir)           55.886          -0.343          -1.820         -10.178           63.902
  233 (vir)           56.198           0.955          -2.452         -11.508           66.209
  234 (vir)           56.214          -1.065          -2.296         -10.856           63.709
  235 (vir)           56.370          -1.918          -2.103         -10.547           62.896
  236 (vir)           56.857          -1.058          -2.070         -10.632           64.361
  237 (vir)           56.904          -0.125          -2.126         -10.858           65.512
  238 (vir)           57.034           0.162          -2.104         -10.594           65.686
  239 (vir)           57.044          -1.696          -1.811          -9.850           63.387
  240 (vir)           57.190          -0.477          -1.884         -10.342           65.171
  241 (vir)           57.491           0.623          -1.857         -10.465           66.723
  242 (vir)           57.800          -0.756          -1.787         -10.259           65.516
  243 (vir)           58.070           0.545          -2.079         -10.683           67.219
  244 (vir)           58.099           0.669          -1.865         -10.352           67.255
  245 (vir)           58.654          -0.506          -2.005         -10.842           66.985
  246 (vir)           58.744          -2.967          -2.101         -10.872           64.548
  247 (vir)           59.170          -1.382          -1.813         -10.066           66.042
  248 (vir)           59.389          -0.702          -1.594          -9.999           67.092
  249 (vir)           60.031          -2.503          -1.521          -9.742           65.750
  250 (vir)           60.159           0.696          -1.692         -10.310           69.472
  251 (vir)           60.168           0.282          -1.668         -10.030           68.811
  252 (vir)           60.323          -2.317          -1.918         -10.520           66.608
  253 (vir)           60.354          -1.967          -2.147         -10.697           66.937
  254 (vir)           60.762           0.259          -2.194         -11.187           70.015
  255 (vir)           61.118           0.420          -1.898         -10.819           70.459
  256 (vir)           61.371          -0.547          -1.841         -10.552           69.536
  257 (vir)           62.280          -1.740          -2.217         -11.078           69.401
  258 (vir)           62.758         -13.641          -2.003         -10.811           57.925
  259 (vir)           62.765          -1.083          -1.788         -10.470           70.364
  260 (vir)           63.093          -7.421          -2.127         -10.914           64.460
  261 (vir)           63.436          -1.531          -2.008         -10.784           70.680
  262 (vir)           64.215          -1.761          -1.844         -10.696           71.306
  263 (vir)           64.239          -2.015          -1.948         -10.524           70.800
  264 (vir)           64.401          -1.970          -2.105         -11.138           71.464
  265 (vir)           64.791          -2.901          -2.299         -11.623           71.214
  266 (vir)           64.926          -9.143          -1.914         -10.792           64.662
  267 (vir)           65.224          -1.812          -1.947         -10.833           72.298
  268 (vir)           65.389           2.021          -1.585         -10.248           76.073
  269 (vir)           65.472          -3.040          -2.022         -10.804           71.214
  270 (vir)           66.041           0.690          -1.970         -10.861           75.622
  271 (vir)           66.190          -9.863          -1.931         -10.647           65.043
  272 (vir)           66.756          -4.534          -1.343          -9.724           70.603
  273 (vir)           67.278          -1.897          -1.857         -10.520           74.044
  274 (vir)           67.686          -2.749          -1.956         -11.076           74.057
  275 (vir)           67.733          -1.426          -1.729         -10.460           75.038
  276 (vir)           67.927           0.840          -2.208         -11.456           78.015
  277 (vir)           67.964           1.488          -2.745         -12.895           79.602
  278 (vir)           68.199          -6.384          -1.722         -10.440           70.533
  279 (vir)           68.305          -3.508          -2.215         -11.527           74.110
  280 (vir)           68.472          -3.763          -2.271         -11.519           73.957
  281 (vir)           69.017          -1.720          -1.967         -10.893           76.223
  282 (vir)           69.277          -1.747          -1.922         -11.046           76.655
  283 (vir)           69.531          -0.775          -1.731         -10.279           77.304
  284 (vir)           69.593          -3.853          -1.422          -9.908           74.226
  285 (vir)           69.748          -9.148          -1.788         -10.665           69.477
  286 (vir)           70.310          -1.847          -2.066         -11.325           77.722
  287 (vir)           70.319          -3.320          -2.402         -12.010           76.608
  288 (vir)           70.438          -4.634          -2.750         -12.847           75.902
  289 (vir)           70.515          -5.233          -1.333          -9.824           73.774
  290 (vir)           70.733          -2.138          -1.953         -10.880           77.521
  291 (vir)           71.531           3.147          -1.773         -10.733           83.638
  292 (vir)           71.623          -0.956          -1.798         -10.831           79.700
  293 (vir)           72.303          -2.988          -2.114         -11.332           78.533
  294 (vir)           72.677          -4.024          -1.877         -10.901           77.677
  295 (vir)           72.746          -1.475          -1.919         -11.106           80.457
  296 (vir)           73.289          -1.817          -1.564         -10.231           80.139
  297 (vir)           73.330          -2.088          -2.015         -11.351           80.578
  298 (vir)           73.814          -2.145          -1.880         -11.081           80.871
  299 (vir)           74.140          -5.337          -1.939         -11.215           78.079
  300 (vir)           74.405          -2.140          -1.880         -11.058           81.442
  301 (vir)           74.645          -2.092          -1.551         -10.499           81.500
  302 (vir)           74.776          -1.667          -1.560         -10.429           81.978
  303 (vir)           74.806          -1.669          -1.385         -10.148           81.899
  304 (vir)           75.009           0.746          -1.757         -10.801           84.800
  305 (vir)           75.329          -1.743          -1.545         -10.460           82.502
  306 (vir)           75.810          -2.870          -1.328          -9.737           81.348
  307 (vir)           75.968           1.159          -1.969         -11.267           86.425
  308 (vir)           75.978          -0.498          -1.300          -9.893           84.073
  309 (vir)           76.272          -0.622          -1.580         -10.507           84.577
  310 (vir)           76.581          -1.611          -1.788         -10.902           84.084
  311 (vir)           77.015          -1.536          -1.766         -10.840           84.552
  312 (vir)           77.057          -1.180          -1.526         -10.391           84.743
  313 (vir)           77.991          -1.223          -1.772         -11.049           86.045
  314 (vir)           78.031          -2.213          -1.255          -9.770           84.333
  315 (vir)           79.030          -1.689          -1.445         -10.463           86.359
  316 (vir)           79.589          -3.824          -1.833         -11.236           85.168
  317 (vir)           79.602          -2.352          -1.681         -10.972           86.541
  318 (vir)           79.939          -1.735          -1.754         -10.937           87.387
  319 (vir)           80.036          -2.702          -2.012         -11.934           87.255
  320 (vir)           80.178           1.501          -1.968         -11.827           91.538
  321 (vir)           81.233          -0.626          -1.636         -11.034           90.004
  322 (vir)           81.578          -3.395          -2.542         -12.974           88.616
  323 (vir)           82.133          -2.435          -1.622         -11.139           89.214
  324 (vir)           82.219          -0.856          -1.554         -10.515           90.324
  325 (vir)           82.264          -4.199          -1.619         -10.933           87.378
  326 (vir)           82.834          -1.821          -1.797         -11.480           90.696
  327 (vir)           82.835          -7.270          -1.821         -11.283           85.026
  328 (vir)           83.168          -2.401          -1.581         -10.911           90.097
  329 (vir)           83.476          -2.574          -1.857         -11.424           90.469
  330 (vir)           83.922          -5.913          -1.917         -11.964           88.056
  331 (vir)           85.271          -5.059          -1.658         -11.446           89.999
  332 (vir)           85.273          -1.238          -1.215         -10.034           92.854
  333 (vir)           86.133          -2.152          -1.590         -10.800           93.191
  334 (vir)           86.144          -2.713          -1.726         -11.474           93.179
  335 (vir)           86.696           0.030          -2.273         -12.475           96.926
  336 (vir)           86.867           0.238          -1.866         -11.731           96.969
  337 (vir)           87.676          -2.603          -1.865         -11.789           94.997
  338 (vir)           88.120          -1.134          -2.570         -13.238           97.654
  339 (vir)           88.622          -1.216          -1.568         -10.923           96.760
  340 (vir)           89.282          -4.093          -2.027         -12.180           95.342
  341 (vir)           89.464           0.743          -2.756         -13.718          101.170
  342 (vir)           89.697          -1.689          -1.890         -11.849           97.968
  343 (vir)           89.888          -0.786          -2.024         -12.013           99.091
  344 (vir)           90.426          -2.188          -1.714         -11.154           97.679
  345 (vir)           90.449           1.828          -2.599         -13.459          103.138
  346 (vir)           91.127          -2.161          -1.953         -11.708           98.721
  347 (vir)           91.734          -2.129          -2.127         -12.470           99.947
  348 (vir)           91.851          -1.639          -2.175         -12.272          100.309
  349 (vir)           92.294          -3.783          -2.576         -13.207           99.142
  350 (vir)           92.822          -6.268          -2.526         -13.249           97.276
  351 (vir)           93.010           1.635          -1.811         -11.831          104.664
  352 (vir)           93.037          -3.310          -2.255         -12.767          100.239
  353 (vir)           93.485          -3.280          -2.434         -13.056          100.828
  354 (vir)           94.478           6.982          -2.414         -13.515          112.561
  355 (vir)           95.024           0.777          -2.313         -13.051          106.540
  356 (vir)           95.209           2.459          -2.199         -12.611          108.080
  357 (vir)           96.022          -1.874          -2.227         -12.868          104.789
  358 (vir)           96.258          -1.657          -2.536         -14.090          106.155
  359 (vir)           96.298          -3.082          -2.415         -13.531          104.333
  360 (vir)           96.975           1.902          -1.821         -12.602          109.658
  361 (vir)           97.192           6.844          -1.943         -12.565          114.658
  362 (vir)           97.802           1.565          -2.106         -12.555          109.815
  363 (vir)           98.549           0.080          -2.078         -12.963          109.514
  364 (vir)           98.708          -2.777          -2.268         -13.250          106.913
  365 (vir)           99.771           2.554          -2.545         -13.845          113.625
  366 (vir)          100.507          -1.145          -2.307         -13.039          110.094
  367 (vir)          101.030           4.637          -2.062         -13.030          116.636
  368 (vir)          101.819           3.461          -2.680         -14.265          116.865
  369 (vir)          102.161          -3.393          -1.667         -12.105          109.206
  370 (vir)          102.585          -1.398          -1.870         -12.612          111.928
  371 (vir)          103.011           8.386          -2.234         -13.416          122.580
  372 (vir)          103.300           2.226          -2.322         -13.757          116.961
  373 (vir)          104.174          -2.154          -1.600         -11.834          112.254
  374 (vir)          104.466          -3.442          -1.760         -12.211          111.475
  375 (vir)          104.929           1.444          -2.140         -13.096          117.330
  376 (vir)          105.277          -1.912          -2.039         -12.848          114.174
  377 (vir)          106.118           2.733          -2.023         -13.379          120.207
  378 (vir)          106.846          -2.300          -1.349         -11.546          114.743
  379 (vir)          107.165          -0.077          -2.051         -13.106          118.143
  380 (vir)          108.469          -1.373          -2.273         -13.608          118.431
  381 (vir)          109.079           0.169          -2.439         -14.033          120.841
  382 (vir)          109.258           0.710          -1.966         -13.009          121.011
  383 (vir)          110.902          -0.153          -2.214         -13.360          121.895
  384 (vir)          110.911           0.035          -2.434         -14.009          122.521
  385 (vir)          111.332          -1.486          -2.262         -13.703          121.287
  386 (vir)          112.281          -0.241          -1.919         -13.192          123.313
  387 (vir)          113.946          -0.076          -1.911         -13.333          125.291
  388 (vir)          114.271          -1.484          -1.904         -12.986          123.868
  389 (vir)          114.942          -0.575          -2.129         -13.800          126.039
  390 (vir)          116.213          -1.222          -2.549         -14.735          127.177
  391 (vir)          117.854          -0.507          -2.125         -14.108          129.329
  392 (vir)          118.250          -0.284          -2.182         -14.044          129.828
  393 (vir)          120.110           0.419          -2.000         -14.045          132.573
  394 (vir)          121.305          -0.133          -2.270         -14.355          133.257
  395 (vir)          121.814          -0.523          -2.092         -13.959          133.157
  396 (vir)          122.227           0.446          -2.093         -14.000          134.582
  397 (vir)          124.409          -0.409          -3.052         -16.403          137.351
  398 (vir)          125.516          -0.501          -2.289         -14.950          137.676
  399 (vir)          125.969          -0.264          -2.477         -15.215          138.443
  400 (vir)          126.981          -0.241          -1.835         -13.841          138.746
  401 (vir)          128.635          -0.243          -1.817         -13.704          140.279
  402 (vir)          128.716          -0.072          -2.830         -15.969          141.783
  403 (vir)          129.669          -0.306          -2.290         -14.994          142.068
  404 (vir)          130.761          -0.481          -1.948         -14.534          142.866
  405 (vir)          131.494          -0.572          -1.980         -14.551          143.493
  406 (vir)          132.018          -0.378          -2.660         -15.634          144.614
  407 (vir)          132.708          -0.362          -2.172         -14.902          145.076
  408 (vir)          134.374          -0.340          -2.363         -15.292          146.964
  409 (vir)          134.998          -0.545          -1.928         -14.436          146.961
  410 (vir)          135.381          -0.421          -1.867         -14.358          147.450
  411 (vir)          136.199          -0.330          -1.753         -14.077          148.193
  412 (vir)          136.378          -0.086          -1.860         -14.270          148.702
  413 (vir)          136.907          -0.230          -2.335         -15.323          149.665
  414 (vir)          137.244          -0.372          -2.092         -14.903          149.683
  415 (vir)          137.918          -0.398          -1.862         -14.398          150.055
  416 (vir)          138.862          -0.161          -2.194         -15.223          151.730
  417 (vir)          138.867          -0.235          -2.249         -15.250          151.633
  418 (vir)          139.111          -0.243          -1.888         -14.511          151.491
  419 (vir)          140.186          -0.136          -2.042         -14.856          152.864
  420 (vir)          140.272          -0.328          -2.093         -15.052          152.903
  421 (vir)          140.672          -0.185          -2.111         -14.914          153.289
  422 (vir)          140.976          -0.083          -1.981         -14.716          153.628
  423 (vir)          141.074          -0.053          -1.874         -14.434          153.581
  424 (vir)          142.026          -0.244          -2.103         -15.002          154.680
  425 (vir)          143.525          -0.113          -1.692         -14.190          155.910
  426 (vir)          143.974          -0.176          -1.794         -14.360          156.364
  427 (vir)          144.082          -0.328          -1.835         -14.502          156.420
  428 (vir)          144.156          -0.111          -1.879         -14.609          156.775
  429 (vir)          144.616          -0.196          -1.702         -14.165          156.883
  430 (vir)          146.005          -0.219          -1.709         -14.152          158.228
  431 (vir)          146.006          -0.168          -1.898         -14.632          158.572
  432 (vir)          146.390          -0.462          -1.892         -14.716          158.752
  433 (vir)          147.349           0.227          -2.097         -14.899          160.378
  434 (vir)          147.516          -0.271          -2.074         -15.183          160.354
  435 (vir)          147.533          -0.033          -1.693         -14.064          159.871
  436 (vir)          147.829          -0.585          -2.093         -15.349          160.500
  437 (vir)          148.028          -0.072          -1.724         -14.133          160.365
  438 (vir)          148.535          -0.121          -1.656         -14.016          160.774
  439 (vir)          148.835          -0.032          -1.674         -14.146          161.275
  440 (vir)          149.173          -0.136          -1.833         -14.456          161.660
  441 (vir)          150.455           0.017          -1.559         -13.888          162.801
  442 (vir)          150.479           0.066          -1.604         -14.095          163.036
  443 (vir)          151.963          -0.337          -1.989         -15.188          164.826
  444 (vir)          152.289          -0.181          -1.649         -14.362          164.821
  445 (vir)          152.567          -0.034          -1.754         -14.522          165.300
  446 (vir)          153.231          -0.186          -1.670         -14.330          165.704
  447 (vir)          153.426          -0.106          -1.695         -14.337          165.962
  448 (vir)          154.058          -0.046          -1.718         -14.385          166.679
  449 (vir)          154.323          -0.150          -1.646         -14.181          166.708
  450 (vir)          154.849          -0.311          -1.736         -14.568          167.370
  451 (vir)          155.800          -0.026          -1.684         -14.371          168.461
  452 (vir)          155.935           0.243          -1.508         -13.783          168.453
  453 (vir)          156.040          -0.112          -2.010         -14.918          168.836
  454 (vir)          156.907           0.096          -1.420         -13.616          169.199
  455 (vir)          156.953          -0.177          -2.099         -15.331          170.009
  456 (vir)          157.152          -0.229          -1.795         -14.777          169.905
  457 (vir)          157.514           0.163          -1.506         -13.770          169.942
  458 (vir)          157.766          -0.393          -1.744         -14.685          170.314
  459 (vir)          157.938           0.238          -1.495         -13.812          170.494
  460 (vir)          158.309           0.009          -1.688         -14.385          171.015
  461 (vir)          158.745           0.369          -1.363         -13.399          171.150
  462 (vir)          159.089          -0.075          -1.750         -14.630          171.894
  463 (vir)          159.238           0.132          -1.505         -13.781          171.647
  464 (vir)          159.316          -0.039          -1.429         -13.628          171.475
  465 (vir)          159.334          -0.484          -1.843         -14.852          171.860
  466 (vir)          159.919           0.625          -1.441         -13.490          172.593
  467 (vir)          159.980          -0.225          -1.760         -14.626          172.620
  468 (vir)          160.660          -0.129          -1.725         -14.593          173.399
  469 (vir)          160.823          -0.195          -1.386         -13.604          172.845
  470 (vir)          161.226           0.073          -1.402         -13.546          173.442
  471 (vir)          161.551          -0.000          -1.585         -14.053          174.018
  472 (vir)          161.949          -0.378          -1.754         -14.683          174.499
  473 (vir)          162.028          -0.180          -1.695         -14.355          174.507
  474 (vir)          162.479          -0.002          -1.452         -13.803          174.828
  475 (vir)          162.837           0.116          -1.429         -13.798          175.322
  476 (vir)          162.990           0.272          -1.168         -12.833          174.927
  477 (vir)          163.076          -0.060          -1.685         -14.353          175.684
  478 (vir)          163.280          -0.050          -1.794         -14.934          176.371
  479 (vir)          163.465          -0.214          -1.712         -14.499          176.038
  480 (vir)          163.945          -0.209          -2.099         -15.314          176.951
  481 (vir)          164.112           0.090          -1.562         -14.241          176.881
  482 (vir)          164.175          -0.106          -1.590         -14.257          176.736
  483 (vir)          164.835           0.123          -1.547         -14.180          177.592
  484 (vir)          164.895          -0.152          -1.501         -14.145          177.386
  485 (vir)          165.343          -0.128          -1.349         -13.680          177.546
  486 (vir)          165.636           0.167          -1.397         -13.622          178.029
  487 (vir)          165.825          -0.009          -1.657         -14.662          178.821
  488 (vir)          166.199          -0.065          -1.516         -14.043          178.661
  489 (vir)          166.652          -0.119          -1.667         -14.542          179.408
  490 (vir)          166.838          -0.007          -1.544         -14.188          179.474
  491 (vir)          167.148          -0.135          -1.872         -14.737          179.877
  492 (vir)          167.523          -0.243          -1.675         -14.381          179.985
  493 (vir)          167.787          -0.140          -1.647         -14.442          180.441
  494 (vir)          167.923           0.052          -1.605         -14.246          180.615
  495 (vir)          167.938           0.213          -1.336         -13.578          180.393
  496 (vir)          168.600          -0.105          -1.651         -14.642          181.486
  497 (vir)          168.686          -0.145          -1.589         -14.306          181.258
  498 (vir)          168.985          -0.195          -1.460         -14.032          181.361
  499 (vir)          169.221          -0.015          -1.563         -14.263          181.906
  500 (vir)          169.493          -0.228          -1.777         -14.803          182.291
  501 (vir)          169.622           0.050          -1.527         -14.267          182.412
  502 (vir)          169.645           0.009          -1.462         -14.064          182.255
  503 (vir)          169.718          -0.265          -1.575         -14.397          182.275
  504 (vir)          170.134          -0.162          -1.756         -14.998          183.214
  505 (vir)          170.286           0.081          -1.478         -14.082          182.970
  506 (vir)          171.414          -0.089          -1.528         -14.262          184.059
  507 (vir)          171.598          -0.086          -1.640         -14.382          184.253
  508 (vir)          171.694          -0.195          -1.574         -14.422          184.348
  509 (vir)          172.220           0.001          -1.408         -13.718          184.532
  510 (vir)          172.277          -0.038          -1.594         -14.545          185.190
  511 (vir)          172.993          -0.171          -1.577         -14.405          185.650
  512 (vir)          173.188          -0.149          -1.758         -14.934          186.215
  513 (vir)          173.346          -0.049          -1.677         -14.928          186.548
  514 (vir)          173.403          -0.055          -1.545         -14.218          186.021
  515 (vir)          173.902          -0.071          -1.694         -15.121          187.258
  516 (vir)          174.446           0.090          -1.504         -14.127          187.159
  517 (vir)          174.600          -0.182          -1.688         -14.823          187.553
  518 (vir)          175.145          -0.098          -1.666         -14.953          188.333
  519 (vir)          176.238          -0.029          -1.623         -14.568          189.153
  520 (vir)          176.281           0.216          -1.561         -14.536          189.472
  521 (vir)          176.673           0.126          -1.581         -14.614          189.832
  522 (vir)          176.954          -0.279          -1.626         -14.744          189.792
  523 (vir)          177.324          -0.096          -1.599         -14.682          190.311
  524 (vir)          177.361          -0.034          -1.577         -14.558          190.308
  525 (vir)          177.945          -0.219          -1.874         -15.443          191.295
  526 (vir)          178.108          -0.070          -1.698         -14.870          191.209
  527 (vir)          178.135           0.016          -1.645         -14.970          191.477
  528 (vir)          178.442           0.004          -1.506         -14.186          191.127
  529 (vir)          178.569          -0.134          -1.778         -15.208          191.864
  530 (vir)          178.992          -0.011          -1.594         -14.509          191.896
  531 (vir)          179.523          -0.196          -1.665         -15.053          192.714
  532 (vir)          179.558          -0.279          -1.730         -15.265          192.814
  533 (vir)          179.981          -0.233          -1.834         -15.514          193.429
  534 (vir)          180.267          -0.123          -1.753         -14.986          193.377
  535 (vir)          180.651          -0.271          -1.668         -15.178          193.890
  536 (vir)          181.184          -0.289          -1.783         -15.558          194.670
  537 (vir)          181.324          -0.057          -1.608         -14.876          194.536
  538 (vir)          181.375          -0.059          -1.905         -15.554          194.965
  539 (vir)          182.116          -0.166          -1.635         -15.135          195.451
  540 (vir)          182.143           0.037          -1.998         -15.290          195.472
  541 (vir)          183.023          -0.118          -1.888         -15.465          196.482
  542 (vir)          183.662          -0.013          -1.694         -15.269          197.224
  543 (vir)          183.935          -0.143          -1.696         -14.982          197.078
  544 (vir)          184.985           0.030          -1.727         -15.048          198.337
  545 (vir)          185.555           0.150          -2.199         -15.834          199.339
  546 (vir)          185.735           0.360          -1.191         -13.706          198.610
  547 (vir)          186.225          -0.018          -2.074         -15.839          199.972
  548 (vir)          186.710           2.599          -3.526         -17.926          203.709
  549 (vir)          186.864          -0.164          -1.811         -15.693          200.582
  550 (vir)          187.214          -0.084          -1.897         -15.468          200.700
  551 (vir)          187.274          -0.102          -1.548         -15.028          200.652
  552 (vir)          188.118          -0.068          -1.894         -15.631          201.787
  553 (vir)          189.055          -0.285          -1.740         -15.219          202.249
  554 (vir)          189.080          -0.065          -1.849         -15.345          202.511
  555 (vir)          189.591          -0.186          -1.827         -15.364          202.942
  556 (vir)          190.330           0.543          -1.547         -14.881          204.207
  557 (vir)          190.566          -0.433          -1.895         -15.612          203.850
  558 (vir)          191.163           0.926          -2.423         -16.104          205.770
  559 (vir)          191.258           0.248          -2.531         -16.368          205.344
  560 (vir)          191.461          -0.062          -1.596         -14.970          204.773
  561 (vir)          191.916           0.303          -1.777         -15.379          205.820
  562 (vir)          193.111          -0.050          -1.612         -15.405          206.853
  563 (vir)          193.808           0.075          -1.389         -14.705          207.199
  564 (vir)          194.443           0.484          -2.271         -16.015          208.671
  565 (vir)          195.124           0.190          -1.690         -15.199          208.823
  566 (vir)          195.183           0.314          -2.255         -15.964          209.207
  567 (vir)          196.761           0.274          -2.772         -16.679          210.943
  568 (vir)          197.079           0.314          -2.574         -16.325          211.144
  569 (vir)          197.325           1.004          -2.184         -15.446          211.590
  570 (vir)          198.086           0.327          -1.765         -14.915          211.563
  571 (vir)          198.876           0.928          -1.515         -14.433          212.722
  572 (vir)          198.964           0.777          -1.538         -14.422          212.626
  573 (vir)          198.975           0.592          -1.075         -13.433          211.924
  574 (vir)          199.831           0.511          -2.040         -15.994          214.296
  575 (vir)          200.037           0.711          -1.632         -14.588          213.703
  576 (vir)          200.298           0.408          -1.774         -14.946          213.878
  577 (vir)          200.551           0.622          -2.274         -15.803          214.702
  578 (vir)          200.766           0.687          -2.702         -16.942          215.692
  579 (vir)          200.851           0.479          -1.295         -14.133          214.168
  580 (vir)          201.758           0.704          -1.597         -14.980          215.844
  581 (vir)          201.890           0.527          -1.404         -14.374          215.386
  582 (vir)          202.044           0.419          -1.656         -15.057          215.864
  583 (vir)          202.397           0.566          -1.838         -15.278          216.403
  584 (vir)          202.402           0.503          -1.083         -13.595          215.416
  585 (vir)          203.104           0.391          -1.767         -14.904          216.632
  586 (vir)          203.751           0.607          -1.812         -15.246          217.793
  587 (vir)          204.036           0.576          -1.245         -13.988          217.355
  588 (vir)          204.603           0.509          -1.251         -13.893          217.753
  589 (vir)          205.265           0.559          -1.583         -14.907          219.149
  590 (vir)          205.692           0.433          -1.238         -13.967          218.853
  591 (vir)          206.401           0.476          -1.211         -13.885          219.552
  592 (vir)          206.986           0.526          -1.558         -14.518          220.472
  593 (vir)          207.177           0.495          -1.236         -13.999          220.435
  594 (vir)          207.239           0.348          -1.094         -13.637          220.131
  595 (vir)          207.542           0.284          -1.258         -13.908          220.475
  596 (vir)          208.002           0.448          -1.364         -14.262          221.347
  597 (vir)          208.589           0.270          -1.505         -14.759          222.113
  598 (vir)          208.925           0.363          -1.214         -13.812          221.886
  599 (vir)          209.502           0.436          -1.177         -13.690          222.451
  600 (vir)          209.901           0.404          -1.434         -14.431          223.302
  601 (vir)          210.267           0.402          -1.141         -13.726          223.254
  602 (vir)          210.763           0.329          -1.272         -13.974          223.793
  603 (vir)          211.148           0.456          -1.276         -14.111          224.439
  604 (vir)          211.358           0.528          -1.100         -13.515          224.302
  605 (vir)          211.662           0.274          -1.792         -15.148          225.292
  606 (vir)          212.026           0.505          -1.092         -13.434          224.873
  607 (vir)          212.179           0.344          -1.160         -13.544          224.908
  608 (vir)          213.000           0.496          -1.246         -14.022          226.272
  609 (vir)          213.551           0.281          -1.156         -13.691          226.368
  610 (vir)          213.711           0.369          -1.317         -14.060          226.822
  611 (vir)          213.785           0.570          -1.625         -14.891          227.621
  612 (vir)          214.213           0.153          -1.199         -13.930          227.098
  613 (vir)          214.462           0.417          -1.405         -14.331          227.806
  614 (vir)          215.141           0.303          -1.701         -15.184          228.928
  615 (vir)          215.999           0.461          -1.199         -14.116          229.377
  616 (vir)          216.229           0.403          -1.458         -14.327          229.500
  617 (vir)          216.827           0.429          -1.228         -14.021          230.048
  618 (vir)          216.958           0.344          -1.938         -15.610          230.973
  619 (vir)          218.417           0.417          -1.165         -13.702          231.371
  620 (vir)          218.441           0.381          -1.356         -14.347          231.813
  621 (vir)          218.817           0.624          -0.895         -13.334          231.881
  622 (vir)          219.190           0.330          -1.174         -13.779          232.125
  623 (vir)          219.672           0.438          -1.199         -13.702          232.613
  624 (vir)          220.282           0.409          -1.026         -13.430          233.095
  625 (vir)          220.405           0.355          -1.676         -15.186          234.269
  626 (vir)          220.999           0.307          -1.525         -14.995          234.776
  627 (vir)          221.205           0.331          -1.303         -14.609          234.843
  628 (vir)          221.810           0.280          -1.768         -15.500          235.821
  629 (vir)          222.292           0.144          -1.423         -15.005          236.018
  630 (vir)          222.694           0.070          -1.418         -15.137          236.484
  631 (vir)          222.775           0.288          -1.538         -14.920          236.445
  632 (vir)          223.133          -0.130          -1.892         -16.290          237.402
  633 (vir)          223.361          -0.137          -1.614         -15.653          237.263
  634 (vir)          223.661           0.226          -1.162         -13.539          236.263
  635 (vir)          224.046           0.528          -1.443         -14.502          237.634
  636 (vir)          224.319           0.073          -1.377         -15.260          238.276
  637 (vir)          224.404           0.405          -1.290         -14.570          238.090
  638 (vir)          224.738           0.299          -1.183         -13.980          237.834
  639 (vir)          225.590           0.306          -1.326         -14.380          238.950
  640 (vir)          225.608           0.438          -1.464         -14.629          239.211
  641 (vir)          225.977           0.042          -1.473         -15.431          239.978
  642 (vir)          225.994           0.428          -1.278         -14.448          239.592
  643 (vir)          226.219           0.281          -1.036         -13.638          239.103
  644 (vir)          226.514           0.397          -1.171         -14.272          240.011
  645 (vir)          226.832           0.346          -1.403         -14.434          240.209
  646 (vir)          226.943           0.378          -1.093         -14.031          240.260
  647 (vir)          227.218           0.372          -1.071         -13.939          240.458
  648 (vir)          227.496           0.145          -1.485         -15.218          241.374
  649 (vir)          227.612           0.218          -1.353         -14.789          241.266
  650 (vir)          228.091           0.437          -1.045         -13.815          241.299
  651 (vir)          228.520           0.108          -1.461         -15.006          242.174
  652 (vir)          228.994           0.334          -1.348         -14.728          242.708
  653 (vir)          229.087           0.307          -1.175         -14.402          242.621
  654 (vir)          229.417           0.487          -0.918         -13.384          242.371
  655 (vir)          230.107           0.555          -1.536         -14.903          244.030
  656 (vir)          230.380           0.298          -1.475         -14.672          243.875
  657 (vir)          230.488           0.471          -1.095         -14.278          244.142
  658 (vir)          231.019           0.479          -1.377         -14.389          244.510
  659 (vir)          232.069           0.566          -1.790         -15.663          246.508
  660 (vir)          232.648           0.480          -1.377         -14.167          245.917
  661 (vir)          233.092           0.435          -0.961         -13.596          246.162
  662 (vir)          233.192           0.365          -1.309         -15.003          247.251
  663 (vir)          233.838           0.360          -1.330         -14.724          247.593
  664 (vir)          233.885           0.114          -1.337         -15.502          248.164
  665 (vir)          234.397           0.387          -1.415         -14.700          248.069
  666 (vir)          235.031           0.368          -1.489         -14.767          248.677
  667 (vir)          236.061           0.401          -1.018         -13.982          249.426
  668 (vir)          236.235           0.220          -1.395         -15.036          250.096
  669 (vir)          236.240           0.345          -1.410         -14.620          249.796
  670 (vir)          236.933           0.347          -1.376         -15.412          251.315
  671 (vir)          238.052           0.295          -1.657         -15.438          252.127
  672 (vir)          238.925           0.429          -1.086         -14.342          252.610
  673 (vir)          239.270           0.286          -1.689         -15.916          253.782
  674 (vir)          239.374           0.441          -1.069         -14.292          253.039
  675 (vir)          240.215           0.438          -1.274         -14.995          254.374
  676 (vir)          240.545           0.381          -1.321         -14.527          254.131
  677 (vir)          241.349           0.420          -1.037         -14.103          254.835
  678 (vir)          241.676           0.469          -0.952         -13.693          254.886
  679 (vir)          242.840           0.440          -1.119         -14.237          256.397
  680 (vir)          242.946           0.366          -1.272         -14.940          256.979
  681 (vir)          243.759           0.438          -1.244         -14.881          257.834
  682 (vir)          243.958           0.285          -1.328         -14.951          257.866
  683 (vir)          245.896           0.455          -0.989         -13.947          259.309
  684 (vir)          247.111           0.320          -1.336         -14.910          261.004
  685 (vir)          248.575           0.437          -0.999         -14.098          262.110
  686 (vir)          249.219           0.380          -1.677         -15.313          263.235
  687 (vir)          252.430           0.311          -1.776         -16.228          267.193
  688 (vir)          252.835           0.218          -2.649         -17.961          268.366
  689 (vir)          254.399           0.355          -1.380         -15.601          268.975
  690 (vir)          255.649           0.388          -1.431         -15.798          270.404
  691 (vir)          256.024           0.200          -3.085         -18.887          272.026
  692 (vir)          257.250           0.317          -1.393         -15.517          271.691
  693 (vir)          259.812           0.225          -1.831         -16.786          274.993
  694 (vir)          259.954           0.251          -1.680         -16.448          274.973
  695 (vir)          260.850          -0.045          -1.045         -14.799          274.559
  696 (vir)          261.052           0.328          -1.723         -16.529          276.186
  697 (vir)          261.561           0.253          -1.802         -16.705          276.717
  698 (vir)          261.942          -0.007          -1.030         -14.745          275.649
  699 (vir)          262.069           0.208          -1.825         -16.776          277.228
  700 (vir)          263.091           0.347          -1.224         -14.906          277.120
  701 (vir)          263.815           0.258          -1.294         -15.458          278.237
  702 (vir)          263.879           0.203          -1.773         -16.672          278.980
  703 (vir)          265.222           0.233          -1.310         -15.537          279.681
  704 (vir)          265.423           0.139          -0.978         -14.490          279.073
  705 (vir)          265.860           0.142          -0.993         -14.566          279.576
  706 (vir)          266.142           0.324          -0.925         -14.232          279.773
  707 (vir)          267.075           0.253          -1.110         -14.823          281.042
  708 (vir)          267.808           0.260          -1.394         -15.968          282.642
  709 (vir)          268.727           0.019          -1.022         -14.785          282.508
  710 (vir)          269.371           0.159          -1.749         -16.548          284.329
  711 (vir)          270.489           0.209          -1.528         -16.341          285.511
  712 (vir)          270.805          -0.197          -3.359         -20.096          287.345
  713 (vir)          271.662           0.200          -1.497         -16.252          286.617
  714 (vir)          273.147          -0.179          -3.487         -20.118          289.600
  715 (vir)          274.926           0.040          -1.779         -16.859          290.047
  716 (vir)          275.165           0.215          -1.255         -15.434          289.559
  717 (vir)          275.845           0.028          -1.143         -15.183          289.913
  718 (vir)          276.365          -0.207          -3.051         -19.526          292.633
  719 (vir)          276.766           0.023          -3.698         -20.455          293.545
  720 (vir)          277.783          -0.133          -3.314         -19.855          294.192
  721 (vir)          278.916          -0.011          -1.483         -16.107          293.529
  722 (vir)          279.506           0.091          -1.223         -15.399          293.774
  723 (vir)          280.508           0.034          -1.663         -16.380          295.259
  724 (vir)          283.582          -0.011          -2.088         -17.733          299.216
  725 (vir)          285.815          -0.045          -1.117         -15.450          300.103
  726 (vir)          287.768          -0.076          -4.469         -22.130          305.353
  727 (vir)          288.415           0.111          -1.389         -16.285          303.422
  728 (vir)          290.056           0.369          -1.797         -17.379          306.007
  729 (vir)          294.503           0.170          -1.503         -16.450          309.621
  730 (vir)          313.810           0.178          -1.550         -16.801          329.239
  731 (vir)          322.941           0.088          -1.379         -16.338          337.987
  732 (vir)          326.322           0.203          -1.817         -17.297          342.006
  733 (vir)          326.945           0.111          -1.749         -17.152          342.458
  734 (vir)          335.150           0.216          -1.547         -16.980          350.800
  735 (vir)          340.047           0.228          -2.270         -18.411          356.417
  736 (vir)          343.085           0.211          -2.279         -18.458          359.476
  737 (vir)          347.765           0.577          -2.275         -18.527          364.594
  738 (vir)          350.384           0.361          -2.637         -19.157          367.264
  739 (vir)          354.956           0.242          -2.188         -18.488          371.498
  740 (vir)          357.208           0.436          -2.816         -19.539          374.367
  741 (vir)          754.692          -0.694         -13.029         -46.270          787.240
  742 (vir)          768.274          -0.811         -12.843         -46.137          800.758
  743 (vir)          769.948          -0.817         -12.797         -46.073          802.407
  744 (vir)          778.841          -0.844         -12.646         -45.916          811.267
  745 (vir)          782.969          -0.920         -12.587         -45.861          815.322
  746 (vir)          784.275          -0.866         -12.542         -45.759          816.625
  747 (vir)          786.018          -0.826         -12.480         -45.629          818.341
  748 (vir)          791.845          -0.921         -12.474         -45.771          824.220
  749 (vir)         3986.598          -1.793         -14.789         -94.571         4064.586
  750 (vir)         3999.706          -1.791         -14.734         -94.524         4077.705
  751 (vir)         4000.905          -1.791         -14.731         -94.524         4078.908
  752 (vir)         4009.013          -1.789         -14.693         -94.487         4087.019
  753 (vir)         4012.873          -1.787         -14.678         -94.476         4090.883
  754 (vir)         4015.908          -1.789         -14.655         -94.438         4093.902
  755 (vir)         4017.465          -1.786         -14.652         -94.435         4095.462
  756 (vir)         4022.513          -1.783         -14.636         -94.433         4100.527
