 
  kpoint:     0.0000    0.0000    0.0000
 
    n          ϵ_nk^DFT (eV)     Σ^c_nk (eV)     Σ^x_nk (eV)     v_n^xc (eV)   ϵ_nk^G0W0 (eV)
 
    1 (occ)         -381.602          -2.059        -114.683         -72.583         -425.760
    2 (occ)         -179.910          14.189         -79.389         -50.576         -194.533
    3 (occ)          -19.933           6.584         -28.249         -18.922          -22.676
    4 (occ)           -9.376           0.005         -18.461         -14.875          -12.956
    5 (occ)           -7.454           0.428         -18.741         -14.600          -11.167
    6 (occ)           -7.454           0.428         -18.741         -14.600          -11.167
    7 (vir)           -7.280          -1.662          -6.905         -12.002           -3.846
    8 (vir)           -1.002          -1.837          -5.545         -10.482            2.099
    9 (vir)           -1.002          -1.837          -5.545         -10.482            2.099
   10 (vir)            1.204          -0.677          -0.603          -2.617            2.541
   11 (vir)            1.732          -0.874          -1.137          -3.967            3.688
   12 (vir)            2.086          -0.687          -1.082          -3.596            3.913
   13 (vir)            2.086          -0.687          -1.082          -3.596            3.913
   14 (vir)            5.566          -1.276          -1.293          -4.819            7.816
   15 (vir)            7.105          -1.068          -1.181          -5.010            9.866
   16 (vir)            7.105          -1.068          -1.181          -5.010            9.866
   17 (vir)            7.179          -1.377          -1.842          -5.576            9.537
   18 (vir)            7.179          -1.377          -1.842          -5.576            9.537
   19 (vir)            8.094          -1.334          -1.874          -5.818           10.704
   20 (vir)           10.076          -1.123          -1.132          -5.124           12.945
   21 (vir)           10.076          -1.123          -1.132          -5.124           12.945
   22 (vir)           11.052          -1.476          -0.829          -4.604           13.351
   23 (vir)           12.432          -0.800          -1.367          -6.058           16.323
   24 (vir)           12.432          -0.800          -1.367          -6.058           16.323
   25 (vir)           14.020          -1.797          -2.282          -6.737           16.678
   26 (vir)           17.466          -3.415          -4.381         -12.277           21.947
   27 (vir)           21.328          -2.270          -2.572          -8.756           25.242
   28 (vir)           21.328          -2.270          -2.572          -8.756           25.242
   29 (vir)           24.533          -3.214          -2.873          -9.024           27.470
   30 (vir)           26.281          -2.211          -2.364          -8.832           30.539
   31 (vir)           26.281          -2.211          -2.364          -8.832           30.539
   32 (vir)           27.557          -0.869          -0.833          -6.707           32.561
   33 (vir)           27.557          -0.869          -0.833          -6.707           32.561
   34 (vir)           28.829          -2.233          -1.518          -8.360           33.437
   35 (vir)           28.829          -2.233          -1.518          -8.360           33.437
   36 (vir)           29.076          -0.779          -2.426          -9.423           35.294
   37 (vir)           29.076          -0.779          -2.426          -9.423           35.294
   38 (vir)           30.821          -2.375          -1.066          -7.167           34.547
   39 (vir)           33.003          -2.766          -2.211          -8.644           36.670
   40 (vir)           33.314          -2.235          -1.731          -8.837           38.185
   41 (vir)           33.314          -2.235          -1.731          -8.837           38.185
   42 (vir)           33.412          -3.072          -1.091          -7.508           36.758
   43 (vir)           33.412          -3.072          -1.091          -7.508           36.758
   44 (vir)           39.134          -2.659          -2.514         -10.108           44.068
   45 (vir)           41.038          -2.219          -2.084          -9.907           46.642
   46 (vir)           41.038          -2.219          -2.084          -9.907           46.642
   47 (vir)           43.547          -4.056          -3.404         -12.138           48.225
   48 (vir)           51.239          -1.922          -2.953         -12.487           58.850
   49 (vir)           51.239          -1.922          -2.953         -12.487           58.850
   50 (vir)           60.086          -3.011          -2.833         -12.593           66.836
   51 (vir)           65.065           5.556          -1.947         -11.609           80.284
   52 (vir)           65.065           5.556          -1.947         -11.609           80.284
   53 (vir)           70.022          -2.671          -3.233         -13.927           78.045
   54 (vir)           70.022          -2.671          -3.233         -13.927           78.045
   55 (vir)           70.761          -2.827          -3.603         -13.819           78.151
   56 (vir)           75.300          -4.602          -3.391         -14.622           81.929
   57 (vir)           75.300          -4.602          -3.391         -14.622           81.929
   58 (vir)           79.134          -4.818          -2.583         -13.421           85.154
   59 (vir)           79.134          -4.818          -2.583         -13.421           85.154
   60 (vir)           84.178           1.387          -0.786          -9.706           94.485
   61 (vir)           84.178           1.387          -0.786          -9.706           94.485
   62 (vir)           85.529          -7.444          -3.370         -14.548           89.263
   63 (vir)           87.827          -4.583          -1.433         -10.909           92.719
   64 (vir)           87.827          -4.583          -1.433         -10.909           92.719
   65 (vir)           89.240           2.291          -0.941         -10.301          100.892
   66 (vir)           89.240           2.291          -0.941         -10.301          100.892
   67 (vir)           94.877          -0.307          -1.074         -10.932          104.429
   68 (vir)           94.877          -0.307          -1.074         -10.933          104.429
   69 (vir)           96.612         -13.135          -1.258         -11.144           93.364
   70 (vir)           96.612         -13.135          -1.258         -11.144           93.364
   71 (vir)           96.965           1.020          -1.276         -11.523          108.231
   72 (vir)           96.966           1.020          -1.276         -11.523          108.232
   73 (vir)           97.078          -2.349          -1.430         -10.793          104.091
   74 (vir)           97.617           2.960          -1.160         -11.502          110.918
   75 (vir)           97.617           2.960          -1.160         -11.502          110.918
   76 (vir)           99.246         -12.086          -2.467         -13.446           98.139
   77 (vir)          104.043           4.601          -5.401         -19.857          123.100
   78 (vir)          104.043           4.601          -5.401         -19.857          123.100
   79 (vir)          108.299           6.108          -1.396         -12.210          125.222
   80 (vir)          108.299           6.108          -1.396         -12.210          125.222
   81 (vir)          110.930           2.766          -3.566         -16.024          126.154
   82 (vir)          111.175          -6.796          -1.345         -12.243          115.277
   83 (vir)          111.176          -6.796          -1.345         -12.243          115.277
   84 (vir)          117.080           0.377          -4.214         -16.746          129.989
   85 (vir)          139.970           0.585          -4.779         -19.973          155.750
   86 (vir)          148.502           3.930          -2.466         -15.545          165.511
   87 (vir)          148.502           3.930          -2.466         -15.545          165.511
   88 (vir)          168.251           3.117          -3.825         -16.856          184.400
   89 (vir)          183.256           2.471          -1.789         -16.020          199.959
   90 (vir)          183.256           2.471          -1.789         -16.020          199.959
   91 (vir)          188.841           2.279          -1.803         -16.212          205.530
   92 (vir)          188.841           2.279          -1.803         -16.212          205.530
   93 (vir)          203.649           2.968          -1.936         -16.865          221.545
   94 (vir)          203.649           2.968          -1.936         -16.864          221.545
   95 (vir)          205.903           0.929          -2.176         -17.422          222.078
   96 (vir)          205.903           0.929          -2.176         -17.422          222.078
   97 (vir)          208.206           2.441          -2.690         -18.245          226.202
   98 (vir)          227.188           2.893          -2.521         -19.255          246.815
   99 (vir)          227.188           2.893          -2.521         -19.255          246.815
  100 (vir)          235.795           5.198          -2.300         -18.825          257.517
  101 (vir)          235.796           5.197          -2.300         -18.824          257.517
  102 (vir)          244.553           4.768          -3.169         -21.065          267.217
  103 (vir)          244.553           4.768          -3.169         -21.065          267.217
  104 (vir)          244.593           3.993          -2.243         -18.863          265.206
  105 (vir)          244.593           3.993          -2.243         -18.863          265.206
  106 (vir)          245.643           2.987          -3.849         -20.985          265.767
  107 (vir)          264.522           3.895          -3.271         -21.365          286.512
  108 (vir)          268.976           4.100          -2.775         -20.440          290.740
  109 (vir)          268.976           4.100          -2.775         -20.440          290.740
  110 (vir)          292.502           2.386          -7.653         -26.507          313.742
  111 (vir)          519.318           0.904         -10.697         -37.868          547.394
  112 (vir)         1000.944           0.534         -15.633         -54.225         1040.070
  113 (vir)         2764.279           1.953         -12.171         -78.387         2832.448
  114 (vir)         5323.976           0.072         -17.750        -110.565         5416.863
