 
  kpoint:     0.0000    0.0000    0.0000
 
    n          ϵ_nk^DFT (eV)     Σ^c_nk (eV)     Σ^x_nk (eV)     v_n^xc (eV)   ϵ_nk^G0W0 (eV)
 
    1 (occ)         -655.656           2.893        -150.666         -94.980         -708.449
    2 (occ)          -50.503           2.818         -44.662         -28.887          -63.460
    3 (occ)          -24.472           8.572         -39.592         -25.560          -29.932
    4 (occ)           -6.376           4.106         -30.663         -22.487          -10.446
    5 (occ)           -6.087           3.824         -29.218         -21.548           -9.933
    6 (occ)           -6.087           3.824         -29.218         -21.548           -9.933
    7 (vir)           -1.537          -0.279          -0.553          -2.459            0.090
    8 (vir)            0.192          -0.154          -0.700          -1.919            1.258
    9 (vir)            0.192          -0.154          -0.700          -1.919            1.258
   10 (vir)            0.769          -0.145          -0.310          -1.361            1.674
   11 (vir)            1.115          -0.115          -0.225          -1.160            1.936
   12 (vir)            2.140          -0.252          -0.607          -2.226            3.506
   13 (vir)            2.140          -0.252          -0.607          -2.226            3.506
   14 (vir)            3.346          -0.260          -0.750          -2.422            4.757
   15 (vir)            4.391          -0.260          -0.129          -1.874            5.876
   16 (vir)            4.391          -0.260          -0.129          -1.874            5.876
   17 (vir)            4.946          -0.310          -0.985          -2.883            6.533
   18 (vir)            4.946          -0.310          -0.985          -2.883            6.533
   19 (vir)            5.774          -0.438          -1.120          -3.496            7.712
   20 (vir)            6.593          -0.361          -0.776          -2.941            8.398
   21 (vir)            8.616          -0.661          -1.086          -4.755           11.624
   22 (vir)            8.616          -0.661          -1.086          -4.755           11.624
   23 (vir)           11.674          -1.013          -3.052          -7.186           14.795
   24 (vir)           12.452          -0.644          -1.145          -4.574           15.238
   25 (vir)           12.767          -0.252          -0.423          -3.011           15.103
   26 (vir)           12.767          -0.252          -0.423          -3.011           15.103
   27 (vir)           13.033          -0.213          -0.079          -2.374           15.115
   28 (vir)           13.033          -0.213          -0.079          -2.374           15.115
   29 (vir)           13.539          -0.553          -1.467          -4.635           16.154
   30 (vir)           13.539          -0.553          -1.467          -4.635           16.154
   31 (vir)           16.041          -0.581          -1.326          -4.491           18.626
   32 (vir)           16.041          -0.581          -1.326          -4.491           18.626
   33 (vir)           16.854          -0.480          -0.867          -3.663           19.170
   34 (vir)           18.849          -0.595          -0.348          -3.951           21.856
   35 (vir)           18.849          -0.595          -0.348          -3.951           21.856
   36 (vir)           20.356          -0.794          -1.554          -5.981           23.989
   37 (vir)           20.356          -0.794          -1.554          -5.981           23.989
   38 (vir)           26.146          -1.316          -3.229          -8.755           30.357
   39 (vir)           30.635          -1.539          -3.847         -10.356           35.605
   40 (vir)           34.382          -1.262          -4.864         -11.992           40.248
   41 (vir)           42.117          -2.211          -4.483         -12.435           47.857
   42 (vir)           42.117          -2.211          -4.483         -12.435           47.857
   43 (vir)           49.272          -2.219          -4.511         -12.905           55.446
   44 (vir)           49.272          -2.219          -4.511         -12.905           55.446
   45 (vir)           49.466          -2.604          -4.745         -13.397           55.514
   46 (vir)           50.400          -3.420          -5.051         -14.484           56.413
   47 (vir)           50.400          -3.420          -5.051         -14.484           56.413
   48 (vir)           67.970          -1.799          -4.727         -15.004           76.448
   49 (vir)          106.146          -2.021          -7.754         -21.219          117.590
   50 (vir)          113.674          -3.709          -3.277         -16.097          122.785
   51 (vir)          113.674          -3.709          -3.277         -16.097          122.785
   52 (vir)          113.820          -2.456          -3.440         -16.361          124.284
   53 (vir)          113.820          -2.456          -3.440         -16.361          124.284
   54 (vir)          113.844          -0.876          -3.337         -16.204          125.834
   55 (vir)          113.844          -0.876          -3.337         -16.204          125.834
   56 (vir)          115.979          -2.002          -3.939         -17.024          127.061
   57 (vir)          137.031          -1.694          -6.825         -22.169          150.681
   58 (vir)          137.031          -1.694          -6.825         -22.169          150.681
   59 (vir)          141.016          -1.890          -6.922         -22.696          154.900
   60 (vir)          141.016          -1.890          -6.922         -22.696          154.900
   61 (vir)          146.031          -3.089          -6.564         -22.023          158.401
   62 (vir)          151.096          -1.532          -7.125         -23.777          166.216
   63 (vir)          151.096          -1.532          -7.125         -23.777          166.216
   64 (vir)          165.154          -1.340          -7.003         -24.128          180.940
   65 (vir)          169.972          -1.810          -9.549         -29.115          187.728
   66 (vir)          169.972          -1.810          -9.549         -29.115          187.728
   67 (vir)          181.323          -1.758          -8.986         -28.267          198.846
   68 (vir)          249.394           0.903          -8.597         -30.869          272.569
   69 (vir)          309.332           0.288          -3.003         -22.047          328.664
   70 (vir)          309.332           0.288          -3.003         -22.047          328.664
   71 (vir)          309.475           0.337          -2.991         -22.020          328.840
   72 (vir)          309.475           0.337          -2.991         -22.020          328.840
   73 (vir)          309.621           0.265          -3.009         -22.058          328.935
   74 (vir)          309.630           0.406          -2.971         -21.973          329.039
   75 (vir)          309.630           0.406          -2.971         -21.973          329.039
   76 (vir)          309.811           0.266          -2.941         -21.905          329.040
   77 (vir)          309.811           0.266          -2.941         -21.905          329.040
   78 (vir)          394.743          -2.104          -4.482         -27.459          415.616
   79 (vir)          394.743          -2.104          -4.482         -27.459          415.616
   80 (vir)          394.953          -1.997          -4.513         -27.520          415.964
   81 (vir)          394.953          -1.997          -4.513         -27.520          415.964
   82 (vir)          395.211          -2.020          -4.535         -27.562          416.218
   83 (vir)          395.211          -2.020          -4.535         -27.562          416.218
   84 (vir)          396.006          -1.308          -5.026         -28.156          417.828
   85 (vir)          403.619          -1.765         -12.162         -36.806          426.498
   86 (vir)          428.263          -2.012          -5.692         -30.488          451.047
   87 (vir)          428.263          -2.012          -5.692         -30.488          451.047
   88 (vir)          432.627          -1.856          -5.656         -30.456          455.570
   89 (vir)          432.627          -1.856          -5.656         -30.456          455.570
   90 (vir)          436.078          -1.770          -5.747         -30.529          459.090
   91 (vir)         1460.012          -1.414         -20.318         -67.480         1505.760
   92 (vir)         7727.606          -1.902         -24.295        -138.437         7839.846
