 
  kpoint:     0.0000    0.0000    0.0000
 
    n          ϵ_nk^DFT (eV)     Σ^c_nk (eV)     Σ^x_nk (eV)     v_n^xc (eV)   ϵ_nk^G0W0 (eV)
 
    1 (occ)         -380.850          -1.807        -114.629         -72.582         -424.704
    2 (occ)         -380.849          -1.764        -114.617         -72.583         -424.647
    3 (occ)          -23.919           6.039         -29.239         -18.823          -28.297
    4 (occ)          -18.609           4.511         -27.320         -18.428          -22.990
    5 (occ)          -12.524           1.787         -22.351         -16.125          -16.963
    6 (occ)          -12.012           1.481         -22.546         -16.924          -16.152
    7 (occ)          -10.612           1.169         -22.156         -16.634          -14.965
    8 (occ)           -6.831           1.553         -22.026         -16.464          -10.840
    9 (occ)           -5.253           1.353         -22.086         -16.716           -9.270
   10 (vir)           -0.392          -1.116          -2.465          -5.959            1.986
   11 (vir)            0.596          -1.146          -2.692          -6.140            2.899
   12 (vir)            1.193          -1.010          -2.174          -5.394            3.402
   13 (vir)            1.832          -1.014          -2.166          -5.408            4.061
   14 (vir)            3.621          -2.642          -6.565         -12.278            6.691
   15 (vir)            4.717          -1.021          -2.278          -5.693            7.112
   16 (vir)            4.912          -1.054          -1.393          -4.844            7.309
   17 (vir)            5.624          -1.191          -2.644          -6.330            8.119
   18 (vir)            5.685          -1.448          -2.702          -6.865            8.399
   19 (vir)            5.812          -1.049          -1.659          -5.237            8.341
   20 (vir)            7.466          -2.359          -4.070          -9.341           10.378
   21 (vir)            8.443          -2.319          -3.774          -8.961           11.311
   22 (vir)            8.975          -2.065          -2.979          -7.617           11.546
   23 (vir)            9.298          -2.190          -3.060          -7.783           11.831
   24 (vir)            9.306          -2.232          -3.417          -8.342           12.000
   25 (vir)           11.101          -1.682          -2.176          -6.642           13.885
   26 (vir)           11.117          -1.740          -2.156          -6.675           13.897
   27 (vir)           12.552          -1.862          -2.275          -7.165           15.581
   28 (vir)           12.736          -1.958          -2.289          -7.259           15.748
   29 (vir)           16.467          -2.170          -2.155          -6.932           19.074
   30 (vir)           16.661          -2.019          -1.822          -6.402           19.222
   31 (vir)           17.644          -2.096          -1.191          -5.979           20.336
   32 (vir)           19.150          -2.350          -1.527          -6.589           21.861
   33 (vir)           19.789          -2.152          -1.564          -6.490           22.563
   34 (vir)           19.977          -1.969          -1.891          -6.829           22.945
   35 (vir)           22.040          -2.443          -1.634          -7.097           25.060
   36 (vir)           22.119          -2.354          -2.754          -8.451           25.461
   37 (vir)           22.985          -2.280          -2.385          -8.179           26.499
   38 (vir)           24.027          -2.670          -1.796          -7.415           26.976
   39 (vir)           24.355          -2.736          -2.446          -8.653           27.827
   40 (vir)           25.299          -2.038          -1.256          -6.585           28.590
   41 (vir)           26.106          -2.792          -2.063          -7.946           29.197
   42 (vir)           26.914          -2.454          -2.602          -8.887           30.745
   43 (vir)           26.972          -2.563          -1.752          -7.608           30.265
   44 (vir)           28.657          -3.429          -3.101         -10.201           32.328
   45 (vir)           28.896          -2.960          -2.837          -9.662           32.760
   46 (vir)           29.437          -2.979          -2.511          -9.042           32.989
   47 (vir)           29.619          -3.515          -3.060         -10.459           33.503
   48 (vir)           30.518          -3.487          -2.534          -9.515           34.012
   49 (vir)           32.220          -3.009          -2.875         -10.100           36.435
   50 (vir)           32.698          -3.210          -2.789          -9.932           36.631
   51 (vir)           35.267          -2.626          -2.269          -9.391           39.763
   52 (vir)           35.294          -3.049          -1.915          -8.790           39.121
   53 (vir)           37.629          -2.616          -2.369          -8.866           41.510
   54 (vir)           37.927          -3.253          -2.455          -9.717           41.937
   55 (vir)           41.868           1.426          -2.756         -10.408           50.946
   56 (vir)           43.087          -2.347          -1.756          -8.794           47.778
   57 (vir)           47.016          -3.187          -1.786          -9.288           51.331
   58 (vir)           47.992          -4.797          -1.952          -9.664           50.907
   59 (vir)           52.215           0.673          -1.371          -9.091           60.609
   60 (vir)           52.582          -1.219          -1.376          -9.141           59.129
   61 (vir)           54.679          -2.137          -1.382          -9.183           60.343
   62 (vir)           54.697          -3.104          -1.777         -10.090           59.906
   63 (vir)           55.811          -2.892          -1.791         -10.054           61.182
   64 (vir)           56.593          -1.666          -1.621          -9.670           62.976
   65 (vir)           57.572          -6.906          -2.015         -10.518           59.169
   66 (vir)           58.122          -0.623          -1.765         -10.061           65.795
   67 (vir)           58.326          -2.657          -1.838         -10.274           64.105
   68 (vir)           59.399          -2.105          -3.288         -12.643           66.649
   69 (vir)           59.505          -1.719          -1.240          -8.876           65.422
   70 (vir)           60.837          -1.936          -1.967         -10.338           67.271
   71 (vir)           61.414          -2.479          -2.239         -10.902           67.597
   72 (vir)           62.259          -1.422          -2.197         -10.872           69.511
   73 (vir)           62.269          -2.208          -2.127         -10.979           68.913
   74 (vir)           62.328          -2.615          -1.958         -10.671           68.426
   75 (vir)           64.739          -1.465          -2.279         -10.816           71.811
   76 (vir)           66.061          -2.957          -1.940         -10.468           71.634
   77 (vir)           66.341          -2.357          -2.324         -11.161           72.821
   78 (vir)           67.585          -2.043          -1.395          -9.605           73.753
   79 (vir)           68.145          -2.257          -2.207         -10.967           74.647
   80 (vir)           68.603          -1.755          -2.458         -11.366           75.756
   81 (vir)           68.645          -0.844          -1.932         -10.609           76.478
   82 (vir)           69.416          -2.369          -2.244         -11.160           75.964
   83 (vir)           71.463          -2.509          -2.195         -11.087           77.846
   84 (vir)           71.894          -1.861          -2.353         -11.404           79.084
   85 (vir)           73.316          -2.298          -2.228         -11.270           80.060
   86 (vir)           76.772          -1.510          -1.992         -11.161           84.431
   87 (vir)           76.823          -1.043          -2.279         -11.990           85.491
   88 (vir)           78.632          -0.629          -1.368          -9.645           86.280
   89 (vir)           78.932          -1.940          -1.513         -10.128           85.607
   90 (vir)           79.885          -2.560          -1.612         -10.334           86.047
   91 (vir)           80.181          -3.368          -1.838         -11.301           86.276
   92 (vir)           80.941          -3.137          -1.757         -11.046           87.092
   93 (vir)           81.508          -2.039          -2.162         -11.676           88.983
   94 (vir)           81.570          -3.740          -2.616         -13.034           88.248
   95 (vir)           85.010          -2.721          -2.539         -12.579           92.329
   96 (vir)           85.172          -1.039          -2.723         -13.207           94.617
   97 (vir)           87.606          -2.690          -2.485         -12.849           95.279
   98 (vir)           89.200          -1.160          -3.075         -13.516           98.481
   99 (vir)           90.862          -2.920          -2.405         -13.255           98.792
  100 (vir)           91.967          -2.354          -2.231         -12.892          100.275
  101 (vir)           93.129          -1.114          -1.944         -12.131          102.202
  102 (vir)           95.757          -2.383          -3.376         -14.359          104.358
  103 (vir)           96.033          -2.669          -2.494         -13.171          104.042
  104 (vir)           98.122          -4.330          -2.895         -14.541          105.438
  105 (vir)           98.879          -2.925          -3.251         -15.246          107.949
  106 (vir)          102.267          -2.608          -2.069         -12.786          110.375
  107 (vir)          102.547          -3.078          -2.154         -13.083          110.398
  108 (vir)          102.714          -5.332          -2.514         -13.831          108.699
  109 (vir)          108.056          -2.348          -1.814         -12.578          116.472
  110 (vir)          108.788          -3.114          -2.125         -13.212          116.761
  111 (vir)          109.147          -3.763          -2.923         -15.148          117.609
  112 (vir)          111.334          -3.227          -2.935         -15.274          120.446
  113 (vir)          111.800          -3.281          -2.092         -13.236          119.663
  114 (vir)          111.812          -1.629          -3.012         -15.348          122.519
  115 (vir)          114.588          -5.478          -2.248         -13.867          120.729
  116 (vir)          116.072          -4.573          -2.769         -14.934          123.663
  117 (vir)          121.947          -5.011          -4.256         -17.935          130.616
  118 (vir)          130.562          -4.730          -3.416         -17.067          139.484
  119 (vir)          131.157           0.720          -3.049         -16.233          145.061
  120 (vir)          134.681          -5.560          -3.336         -17.175          142.958
  121 (vir)          136.672           0.786          -3.271         -17.051          151.238
  122 (vir)          148.279          -6.021          -3.944         -18.769          157.084
  123 (vir)          152.985          -0.782          -1.258         -12.545          163.489
  124 (vir)          154.016          -5.999          -1.261         -12.706          159.462
  125 (vir)          157.069          -3.887          -1.240         -12.545          164.487
  126 (vir)          158.567          -5.683          -1.298         -12.981          164.567
  127 (vir)          158.760          -1.935          -1.190         -12.405          168.039
  128 (vir)          159.976           0.770          -1.141         -12.197          171.802
  129 (vir)          161.742          -1.891          -1.552         -13.788          172.087
  130 (vir)          162.391          -5.263          -0.959         -11.788          167.957
  131 (vir)          164.462          -2.470          -1.126         -12.542          173.408
  132 (vir)          164.666           1.153          -1.564         -13.261          177.516
  133 (vir)          166.042          -0.951          -1.338         -13.276          177.028
  134 (vir)          166.093          -0.245          -1.419         -13.628          178.057
  135 (vir)          169.748           1.779          -1.855         -14.989          184.660
  136 (vir)          173.184          -0.879          -1.838         -14.997          185.464
  137 (vir)          175.826           0.652          -1.653         -14.715          189.539
  138 (vir)          177.829          -4.113          -1.808         -15.078          186.985
  139 (vir)          178.557          -4.335          -1.942         -15.403          187.683
  140 (vir)          179.613           6.193          -1.888         -15.564          199.481
  141 (vir)          181.890          -9.962          -2.265         -16.132          185.794
  142 (vir)          182.352           2.174          -2.029         -16.006          198.502
  143 (vir)          184.376          -7.003          -1.965         -15.756          191.164
  144 (vir)          184.377           3.335          -2.019         -15.542          201.235
  145 (vir)          188.447          -0.694          -1.520         -14.346          200.579
  146 (vir)          188.790           9.034          -2.321         -15.962          211.464
  147 (vir)          189.157           0.189          -1.436         -14.157          202.067
  148 (vir)          191.030           2.185          -1.478         -14.094          205.831
  149 (vir)          192.180           0.823          -2.315         -16.072          206.760
  150 (vir)          192.898           7.460          -1.536         -14.589          213.411
  151 (vir)          194.786           2.768          -1.509         -14.730          210.774
  152 (vir)          195.650           1.704          -1.469         -14.450          210.336
  153 (vir)          196.840          -0.550          -1.283         -13.888          208.896
  154 (vir)          196.862           7.333          -1.413         -14.026          216.809
  155 (vir)          198.244           7.206          -1.142         -13.102          217.410
  156 (vir)          199.560           0.647          -1.292         -13.580          212.495
  157 (vir)          200.709           5.771          -1.301         -13.839          219.019
  158 (vir)          201.611           0.661          -1.086         -13.085          214.271
  159 (vir)          201.727           9.534          -1.402         -13.947          223.807
  160 (vir)          205.265           5.088          -1.073         -13.304          222.585
  161 (vir)          205.620           1.797          -0.985         -12.849          219.280
  162 (vir)          208.778          -0.836          -1.017         -13.065          219.989
  163 (vir)          209.524           4.061          -1.186         -13.518          225.917
  164 (vir)          211.169           2.826          -1.034         -13.303          226.264
  165 (vir)          211.948           5.253          -1.107         -13.639          229.733
  166 (vir)          212.250           0.849          -1.096         -13.426          225.430
  167 (vir)          213.779           6.913          -1.081         -13.431          233.044
  168 (vir)          214.796           6.452          -1.243         -14.113          234.118
  169 (vir)          215.243          -0.092          -1.170         -13.807          227.787
  170 (vir)          215.991           5.394          -1.123         -13.660          233.923
  171 (vir)          217.231          -3.303          -1.416         -14.637          227.149
  172 (vir)          218.187           4.881          -1.356         -14.415          236.127
  173 (vir)          219.208           4.386          -1.361         -14.631          236.864
  174 (vir)          219.954          -0.360          -1.365         -14.667          232.896
  175 (vir)          220.302          -8.541          -1.242         -14.463          224.982
  176 (vir)          221.620           4.812          -1.301         -14.210          239.341
  177 (vir)          223.453           7.975          -1.562         -15.512          245.377
  178 (vir)          223.509           5.240          -1.554         -15.435          242.631
  179 (vir)          224.219           4.724          -1.336         -14.745          242.351
  180 (vir)          225.345           9.956          -1.678         -15.879          249.503
  181 (vir)          225.888           3.303          -1.319         -14.640          242.512
  182 (vir)          226.587           6.080          -1.325         -14.716          246.058
  183 (vir)          227.075           6.917          -1.534         -15.338          247.796
  184 (vir)          229.837           3.726          -1.654         -16.036          247.944
  185 (vir)          230.240           4.219          -1.862         -16.258          248.854
  186 (vir)          233.059           1.768          -1.550         -15.529          248.806
  187 (vir)          233.374           6.563          -1.741         -16.528          254.724
  188 (vir)          235.149         -18.501          -1.877         -16.718          231.489
  189 (vir)          236.281           0.857          -1.619         -15.788          251.306
  190 (vir)          237.280           2.750          -2.425         -18.797          256.402
  191 (vir)          240.865           6.401          -1.914         -17.253          262.605
  192 (vir)          243.192           8.389          -2.342         -18.532          267.771
  193 (vir)          245.285           2.836          -1.834         -17.069          263.356
  194 (vir)          246.162           8.066          -2.182         -17.839          269.884
  195 (vir)          246.976           5.593          -2.047         -17.751          268.273
  196 (vir)          249.725           4.994          -3.881         -20.655          271.492
  197 (vir)          250.707           4.073          -2.026         -17.520          270.274
  198 (vir)          251.519           6.595          -2.682         -19.040          274.472
  199 (vir)          251.819           0.958          -1.833         -17.169          268.113
  200 (vir)          254.068           4.385          -2.034         -17.390          273.809
  201 (vir)          255.595           3.271          -1.994         -17.680          274.551
  202 (vir)          256.777          10.922          -3.035         -19.801          284.465
  203 (vir)          259.453           8.069          -2.322         -18.198          283.397
  204 (vir)          260.278           5.094          -2.039         -17.689          281.023
  205 (vir)          262.003           6.944          -1.650         -16.739          284.034
  206 (vir)          262.801           7.312          -2.703         -19.151          286.561
  207 (vir)          265.929           4.349          -1.968         -17.425          285.736
  208 (vir)          268.492           2.695          -4.089         -21.098          288.196
  209 (vir)          269.182           4.606          -2.503         -19.331          290.617
  210 (vir)          271.478           3.698          -3.444         -20.430          292.162
  211 (vir)          281.901           4.242          -2.083         -18.666          302.727
  212 (vir)          284.038           3.957          -2.231         -18.904          304.668
  213 (vir)          286.340           2.424          -2.852         -19.641          305.554
  214 (vir)          295.596           3.646          -2.160         -18.970          316.052
  215 (vir)          301.079           5.288          -2.417         -19.471          323.420
  216 (vir)          301.269           3.417          -2.485         -19.340          321.542
  217 (vir)          304.533           4.818          -2.586         -19.669          326.433
  218 (vir)          304.793           8.055          -2.446         -19.870          330.272
  219 (vir)          312.127           4.034          -1.830         -17.972          332.302
  220 (vir)          312.634           5.181          -1.792         -17.851          333.874
  221 (vir)          315.508           4.320          -1.798         -17.898          335.928
  222 (vir)          315.999          -8.847          -1.633         -17.674          323.194
  223 (vir)          316.952           3.598          -1.596         -17.514          336.467
  224 (vir)          318.557           3.358          -1.510         -17.398          337.803
  225 (vir)          320.608           4.434          -1.516         -17.402          340.928
  226 (vir)          322.327           4.577          -2.598         -20.553          344.859
  227 (vir)          387.540           1.851          -2.111         -19.158          406.438
  228 (vir)          388.107           1.870          -2.133         -19.236          407.080
  229 (vir)          401.395           2.332          -3.839         -22.297          422.185
  230 (vir)          403.509           2.276          -3.652         -22.007          424.140
  231 (vir)         1024.880           1.273         -15.219         -53.872         1064.805
  232 (vir)         1026.154           1.292         -15.226         -53.925         1066.146
  233 (vir)         5348.546           1.134         -17.592        -110.411         5442.500
  234 (vir)         5350.172           1.142         -17.586        -110.407         5444.135
