 
  kpoint:     0.0000    0.0000    0.0000
 
    n          ϵ_nk^DFT (eV)     Σ^c_nk (eV)     Σ^x_nk (eV)     v_n^xc (eV)   ϵ_nk^G0W0 (eV)
 
    1 (occ)        -1032.871           2.575        -187.390        -117.677        -1100.008
    2 (occ)        -1032.871           2.575        -187.390        -117.677        -1100.008
    3 (occ)        -1032.258           2.566        -187.388        -117.677        -1099.404
    4 (occ)        -1032.258           2.566        -187.388        -117.677        -1099.404
    5 (occ)          -56.372           8.149         -53.908         -34.021          -68.110
    6 (occ)          -56.369           8.182         -53.917         -34.029          -68.075
    7 (occ)          -55.733           8.476         -53.934         -34.028          -67.163
    8 (occ)          -55.733           8.473         -53.934         -34.028          -67.166
    9 (occ)          -28.564           5.412         -44.971         -31.982          -36.141
   10 (occ)          -28.540           5.506         -45.026         -32.043          -36.016
   11 (occ)          -28.534           6.882         -45.044         -32.062          -34.633
   12 (occ)          -28.513           5.459         -45.118         -32.121          -36.051
   13 (occ)          -28.495           4.206         -45.103         -32.071          -37.321
   14 (occ)          -28.489           5.584         -45.123         -32.093          -35.935
   15 (occ)          -27.894           4.931         -45.034         -32.057          -35.941
   16 (occ)          -27.894           5.187         -45.035         -32.057          -35.685
   17 (occ)          -27.894           5.256         -45.034         -32.055          -35.618
   18 (occ)          -27.894           5.313         -45.034         -32.055          -35.560
   19 (occ)          -27.883           5.580         -45.062         -32.062          -35.303
   20 (occ)          -27.883           5.445         -45.064         -32.064          -35.438
   21 (occ)           -3.826           0.299          -7.431          -5.794           -5.163
   22 (occ)           -2.684          -0.490          -6.120          -5.183           -4.111
   23 (vir)           -2.096          -1.398          -1.812          -4.291           -1.015
   24 (vir)           -1.540          -1.263          -2.049          -4.240           -0.612
   25 (vir)           -1.369          -1.335          -1.292          -3.598           -0.398
   26 (vir)           -0.920          -1.664          -1.315          -3.613           -0.286
   27 (vir)           -0.635          -1.414          -0.958          -2.967           -0.039
   28 (vir)           -0.593          -0.798          -1.395          -3.561            0.775
   29 (vir)           -0.531          -1.452          -0.887          -2.940            0.070
   30 (vir)           -0.035          -1.162          -0.359          -2.040            0.484
   31 (vir)            0.076          -1.282          -0.499          -2.217            0.512
   32 (vir)            0.267          -1.197          -0.423          -2.089            0.736
   33 (vir)            0.280          -0.839          -0.351          -1.781            0.870
   34 (vir)            0.355          -0.786          -0.380          -1.605            0.794
   35 (vir)            0.407          -0.760          -0.440          -1.739            0.946
   36 (vir)            0.429          -0.747          -0.376          -1.722            1.028
   37 (vir)            0.694          -0.839          -0.415          -1.799            1.239
   38 (vir)            0.814          -0.791          -0.390          -1.730            1.362
   39 (vir)            0.893          -0.667          -0.357          -1.577            1.446
   40 (vir)            0.966          -0.915          -0.586          -2.040            1.506
   41 (vir)            1.023          -0.758          -0.425          -1.868            1.709
   42 (vir)            1.130          -0.881          -0.522          -2.073            1.800
   43 (vir)            1.281          -0.374          -0.125          -1.036            1.818
   44 (vir)            1.349          -0.731          -0.243          -1.434            1.808
   45 (vir)            1.443          -0.582          -0.198          -1.355            2.018
   46 (vir)            1.539          -1.117          -0.488          -2.166            2.100
   47 (vir)            1.565          -0.832          -0.555          -2.171            2.349
   48 (vir)            1.761          -1.004          -0.612          -2.468            2.613
   49 (vir)            1.993          -1.072          -0.963          -3.319            3.277
   50 (vir)            2.371          -1.103          -0.536          -2.663            3.395
   51 (vir)            2.418          -0.694          -0.609          -2.842            3.957
   52 (vir)            2.516          -1.113          -0.540          -2.781            3.645
   53 (vir)            2.676          -1.463          -0.484          -3.614            4.344
   54 (vir)            3.014          -1.219          -0.613          -2.950            4.133
   55 (vir)            3.020          -2.027          -0.521          -3.552            4.024
   56 (vir)            3.309          -1.266          -0.370          -3.078            4.751
   57 (vir)            3.407          -1.105          -0.643          -3.117            4.775
   58 (vir)            3.924          -0.527          -0.448          -3.434            6.383
   59 (vir)            4.030          -0.117          -0.362          -3.359            6.910
   60 (vir)            4.047          -1.089          -0.691          -3.120            5.387
   61 (vir)            4.126          -0.985          -0.791          -3.422            5.772
   62 (vir)            4.410          -1.106          -0.876          -3.176            5.605
   63 (vir)            4.777          -0.652          -0.727          -3.765            7.164
   64 (vir)            4.942          -0.463          -0.663          -3.469            7.285
   65 (vir)            4.980          -1.160          -1.120          -3.973            6.673
   66 (vir)            5.265          -1.063          -0.908          -3.863            7.157
   67 (vir)            5.470          -0.474          -0.501          -3.758            8.252
   68 (vir)            5.824          -0.936          -1.176          -4.577            8.289
   69 (vir)            6.104          -0.098          -0.283          -3.371            9.095
   70 (vir)            6.237          -1.272          -1.034          -4.133            8.066
   71 (vir)            6.362          -0.783          -0.746          -3.401            8.234
   72 (vir)            6.609          -0.837          -0.999          -4.004            8.776
   73 (vir)            6.617          -0.626          -0.737          -3.623            8.878
   74 (vir)            6.649          -0.441          -0.414          -2.931            8.726
   75 (vir)            6.767          -0.705          -0.884          -4.108            9.285
   76 (vir)            6.802          -0.680          -0.834          -3.735            9.022
   77 (vir)            6.874          -0.712          -0.840          -3.762            9.085
   78 (vir)            6.979          -0.350          -0.582          -3.786            9.833
   79 (vir)            7.156          -0.267          -0.652          -3.615            9.852
   80 (vir)            7.169          -1.219          -1.130          -4.145            8.965
   81 (vir)            7.247          -0.691          -0.275          -2.909            9.190
   82 (vir)            7.328          -0.215          -0.684          -3.877           10.305
   83 (vir)            7.955          -0.163          -0.430          -3.451           10.812
   84 (vir)            8.661          -0.358          -0.870          -4.569           12.002
   85 (vir)            9.154          -0.397          -0.965          -4.582           12.374
   86 (vir)            9.411          -0.191          -0.590          -3.797           12.428
   87 (vir)           10.133          -0.853          -0.526          -4.552           13.306
   88 (vir)           10.513          -0.427          -1.292          -5.492           14.286
   89 (vir)           10.712          -0.512          -1.084          -4.870           13.986
   90 (vir)           11.444          -0.308          -0.356          -4.189           14.970
   91 (vir)           11.700          -0.874          -0.398          -4.337           14.765
   92 (vir)           11.744          -0.389          -0.771          -4.674           15.258
   93 (vir)           12.183          -0.314          -0.521          -4.372           15.720
   94 (vir)           12.438          -0.210          -0.394          -4.159           15.994
   95 (vir)           12.566          -0.560          -0.520          -4.395           15.882
   96 (vir)           12.885           0.084          -0.302          -4.082           16.749
   97 (vir)           12.979          -0.139          -0.483          -4.240           16.597
   98 (vir)           13.321          -0.078          -0.434          -4.463           17.273
   99 (vir)           13.339          -0.131          -0.482          -4.440           17.166
  100 (vir)           13.748           0.239          -0.455          -4.635           18.168
  101 (vir)           13.820          -0.029          -0.637          -4.891           18.044
  102 (vir)           14.249          -0.462          -0.863          -5.190           18.114
  103 (vir)           14.836          -0.031          -0.505          -4.608           18.908
  104 (vir)           15.300          -0.182          -0.929          -5.401           19.590
  105 (vir)           16.296          -0.237          -0.832          -4.740           19.967
  106 (vir)           16.413          -0.244          -0.867          -4.815           20.118
  107 (vir)           16.699          -0.626          -1.117          -5.725           20.680
  108 (vir)           16.869           0.017          -0.812          -5.502           21.577
  109 (vir)           16.950          -0.495          -0.803          -4.763           20.415
  110 (vir)           16.961          -1.354          -1.054          -5.062           19.615
  111 (vir)           17.011          -0.384          -1.034          -5.842           21.436
  112 (vir)           17.313          -0.609          -0.768          -4.962           20.899
  113 (vir)           17.327           0.035          -0.887          -5.523           21.997
  114 (vir)           17.400          -0.394          -0.962          -5.684           21.729
  115 (vir)           17.443          -0.578          -0.962          -5.549           21.453
  116 (vir)           17.716          -0.242          -0.868          -5.487           22.093
  117 (vir)           17.922          -1.309          -0.969          -5.731           21.375
  118 (vir)           17.999          -0.128          -0.831          -5.029           22.069
  119 (vir)           18.240          -0.201          -0.630          -4.852           22.261
  120 (vir)           18.447          -0.103          -0.681          -4.991           22.653
  121 (vir)           18.557           0.023          -0.564          -4.452           22.468
  122 (vir)           18.680           0.186          -0.661          -4.699           22.904
  123 (vir)           19.110          -0.133          -1.142          -6.181           24.017
  124 (vir)           19.138           0.243          -0.542          -4.540           23.380
  125 (vir)           19.293           0.056          -1.209          -5.942           24.082
  126 (vir)           19.516          -0.198          -1.182          -5.902           24.038
  127 (vir)           19.765          -0.141          -0.691          -4.928           23.860
  128 (vir)           20.031          -0.473          -1.219          -6.104           24.444
  129 (vir)           20.247          -0.391          -1.100          -5.615           24.372
  130 (vir)           20.255           0.096          -0.962          -5.529           24.918
  131 (vir)           20.539          -0.251          -1.391          -6.379           25.276
  132 (vir)           20.619          -0.278          -1.301          -6.047           25.086
  133 (vir)           21.234           0.248          -0.897          -5.474           26.059
  134 (vir)           22.086           0.169          -0.834          -5.574           26.994
  135 (vir)           22.492           0.200          -1.086          -5.930           27.536
  136 (vir)           23.637          -0.171          -2.343          -8.127           29.251
  137 (vir)           25.133           0.237          -4.604         -11.501           32.266
  138 (vir)           25.888          -0.865          -4.566         -11.422           31.879
  139 (vir)           26.260          -0.582          -4.373         -11.278           32.584
  140 (vir)           26.772          -0.918          -4.556         -11.501           32.799
  141 (vir)           26.865          -1.307          -4.779         -11.745           32.524
  142 (vir)           26.956          -0.615          -4.279         -11.169           33.231
  143 (vir)           27.122          -1.147          -4.621         -11.446           32.800
  144 (vir)           27.207          -0.442          -3.957         -10.568           33.376
  145 (vir)           27.597          -1.015          -3.977         -10.726           33.331
  146 (vir)           28.909          -0.549          -4.431         -11.752           35.681
  147 (vir)           30.785           1.272          -3.526          -9.895           38.426
  148 (vir)           32.432          -1.246          -4.932         -12.415           38.668
  149 (vir)           34.462          -0.318          -3.815         -10.874           41.204
  150 (vir)           40.180          -0.565          -4.521         -12.092           47.186
  151 (vir)           43.701          -0.565          -4.309         -11.762           50.589
  152 (vir)           43.835          -0.666          -4.690         -12.446           50.925
  153 (vir)          147.555          -1.299         -10.270         -26.097          162.083
  154 (vir)          151.087          -1.417         -10.221         -26.107          165.554
  155 (vir)          153.313          -1.828         -11.085         -27.461          167.861
  156 (vir)          154.285          -1.931         -12.063         -28.967          169.258
  157 (vir)          154.645          -2.222         -13.600         -31.316          170.139
  158 (vir)          154.766          -2.229         -13.602         -31.316          170.250
  159 (vir)          154.863          -1.682         -13.440         -31.084          170.825
  160 (vir)          154.867          -2.183         -13.590         -31.304          170.398
  161 (vir)          154.966          -2.229         -13.561         -31.287          170.464
  162 (vir)          155.145          -2.259         -13.551         -31.270          170.605
  163 (vir)          155.188          -2.217         -13.551         -31.283          170.703
  164 (vir)          155.288          -2.164         -13.605         -31.323          170.842
  165 (vir)          155.290          -2.268         -13.575         -31.279          170.725
  166 (vir)          155.301          -2.167         -13.602         -31.320          170.852
  167 (vir)          155.320          -2.181         -13.594         -31.311          170.856
  168 (vir)          155.383          -2.164         -13.595         -31.317          170.940
  169 (vir)          155.456          -2.177         -13.588         -31.310          171.001
  170 (vir)          155.540          -2.183         -13.473         -31.186          171.071
  171 (vir)          155.615          -1.890         -13.283         -30.875          171.318
  172 (vir)          155.810          -2.167         -13.532         -31.261          171.372
  173 (vir)          155.895          -2.156         -13.521         -31.261          171.479
  174 (vir)          156.085          -1.922         -13.408         -31.114          171.869
  175 (vir)          157.254          -2.192         -11.784         -28.718          171.997
  176 (vir)          158.051          -2.145         -12.308         -29.591          173.189
  177 (vir)          562.894          -0.970         -17.723         -48.361          592.563
  178 (vir)          566.253          -0.964         -17.680         -48.334          595.943
  179 (vir)          569.507          -0.941         -17.610         -48.291          599.246
  180 (vir)          570.368          -0.950         -17.602         -48.282          600.098
  181 (vir)         3412.778          -1.325         -36.852        -122.186         3496.788
  182 (vir)         3418.447          -1.322         -36.836        -122.210         3502.500
  183 (vir)         3424.649          -1.326         -36.800        -122.231         3508.754
  184 (vir)         3425.616          -1.324         -36.801        -122.236         3509.727
