 
  kpoint:     0.0000    0.0000    0.0000
 
    n          ϵ_nk^DFT (eV)     Σ^c_nk (eV)     Σ^x_nk (eV)     v_n^xc (eV)   ϵ_nk^G0W0 (eV)
 
    1 (occ)         -268.402           4.551         -96.876         -61.547         -299.179
    2 (occ)          -17.072           4.632         -24.142         -15.691          -20.891
    3 (occ)           -9.455           0.743         -19.286         -14.073          -13.925
    4 (occ)           -9.454           0.742         -19.286         -14.073          -13.925
    5 (occ)           -9.454           0.742         -19.286         -14.073          -13.925
    6 (vir)            0.340          -0.781          -1.598          -4.480            2.441
    7 (vir)            2.300          -0.909          -1.861          -5.056            4.587
    8 (vir)            2.300          -0.908          -1.861          -5.056            4.587
    9 (vir)            2.301          -0.908          -1.861          -5.056            4.587
   10 (vir)            3.074          -0.671          -1.230          -4.097            5.270
   11 (vir)            3.074          -0.671          -1.230          -4.097            5.270
   12 (vir)            3.074          -0.671          -1.230          -4.097            5.270
   13 (vir)            8.364          -1.906          -3.201          -7.848           11.105
   14 (vir)            8.364          -1.905          -3.201          -7.848           11.105
   15 (vir)            8.364          -1.905          -3.201          -7.848           11.105
   16 (vir)            9.005          -1.792          -3.020          -7.395           11.588
   17 (vir)            9.663          -1.834          -2.637          -7.716           12.908
   18 (vir)            9.663          -1.834          -2.637          -7.716           12.908
   19 (vir)           10.868          -1.740          -1.280          -5.463           13.311
   20 (vir)           16.564          -1.943          -2.231          -7.355           19.746
   21 (vir)           16.564          -1.929          -2.231          -7.355           19.760
   22 (vir)           16.564          -1.937          -2.231          -7.355           19.752
   23 (vir)           17.518          -1.820          -1.079          -6.151           20.770
   24 (vir)           17.518          -1.820          -1.079          -6.151           20.770
   25 (vir)           17.518          -1.820          -1.079          -6.151           20.771
   26 (vir)           18.938          -2.253          -1.351          -6.559           21.894
   27 (vir)           18.938          -2.231          -1.351          -6.559           21.916
   28 (vir)           18.939          -2.240          -1.351          -6.559           21.907
   29 (vir)           24.308          -1.997          -1.633          -6.907           27.585
   30 (vir)           24.308          -1.978          -1.633          -6.907           27.605
   31 (vir)           24.309          -1.982          -1.633          -6.907           27.601
   32 (vir)           26.466          -2.735          -1.298          -6.348           28.781
   33 (vir)           27.536          -2.093          -0.998          -6.422           30.866
   34 (vir)           27.536          -2.095          -0.998          -6.422           30.864
   35 (vir)           27.537          -2.094          -0.998          -6.421           30.866
   36 (vir)           28.010          -1.638          -0.817          -5.779           31.334
   37 (vir)           28.011          -1.642          -0.817          -5.779           31.330
   38 (vir)           29.333          -4.383          -3.341         -10.848           32.457
   39 (vir)           37.781          -2.148          -1.347          -7.276           41.562
   40 (vir)           37.782          -2.184          -1.347          -7.276           41.527
   41 (vir)           37.783          -2.122          -1.347          -7.276           41.590
   42 (vir)           43.797          -3.427          -2.949         -11.442           48.863
   43 (vir)           43.797          -3.437          -2.949         -11.441           48.852
   44 (vir)           47.722          -2.396          -1.791          -9.674           53.209
   45 (vir)           47.722          -2.422          -1.791          -9.674           53.184
   46 (vir)           47.722          -2.422          -1.791          -9.674           53.184
   47 (vir)           49.056          -2.171          -2.330         -10.836           55.391
   48 (vir)           49.056          -2.155          -2.330         -10.836           55.408
   49 (vir)           49.056          -2.163          -2.330         -10.836           55.400
   50 (vir)           52.977          -1.462          -2.378         -10.603           59.739
   51 (vir)           55.305          -3.362          -2.433         -11.448           60.959
   52 (vir)           55.306          -3.321          -2.433         -11.448           61.000
   53 (vir)           55.306          -3.336          -2.433         -11.448           60.986
   54 (vir)           56.263          -1.894          -1.077          -8.924           62.215
   55 (vir)           56.263          -1.883          -1.077          -8.924           62.226
   56 (vir)           56.264          -1.893          -1.077          -8.924           62.217
   57 (vir)           60.078          -1.681          -0.878          -8.389           65.908
   58 (vir)           60.079          -1.679          -0.878          -8.389           65.911
   59 (vir)           65.755          -0.173          -1.593          -9.673           73.661
   60 (vir)           66.881          -1.046          -1.103          -9.150           73.881
   61 (vir)           66.881          -1.047          -1.103          -9.150           73.881
   62 (vir)           67.122          -2.115          -1.623          -9.996           73.381
   63 (vir)           67.123          -2.109          -1.623          -9.997           73.388
   64 (vir)           67.124          -2.108          -1.623          -9.997           73.389
   65 (vir)           72.627           0.687          -1.022          -8.974           81.266
   66 (vir)           72.628           0.711          -1.022          -8.974           81.290
   67 (vir)           72.628           0.699          -1.022          -8.973           81.279
   68 (vir)           76.664          -0.759          -0.856          -8.882           83.932
   69 (vir)           76.665          -0.748          -0.856          -8.882           83.944
   70 (vir)           76.666          -0.747          -0.856          -8.882           83.946
   71 (vir)           78.886          -0.897          -1.567         -10.619           87.041
   72 (vir)           79.927           0.600          -0.694          -8.432           88.265
   73 (vir)           79.928           0.788          -0.694          -8.432           88.454
   74 (vir)           79.928           0.608          -0.694          -8.433           88.275
   75 (vir)           83.162          -1.614          -2.567         -13.131           92.112
   76 (vir)           83.163          -1.866          -2.567         -13.131           91.861
   77 (vir)           83.164          -1.447          -2.567         -13.131           92.281
   78 (vir)           85.459          -0.994          -1.049          -9.656           93.073
   79 (vir)           85.461          -0.975          -1.049          -9.656           93.094
   80 (vir)           85.462          -1.009          -1.049          -9.657           93.061
   81 (vir)           91.056          -0.899          -2.082         -11.554           99.629
   82 (vir)           99.959          -0.508          -2.203         -12.878          110.126
   83 (vir)           99.959          -0.500          -2.203         -12.878          110.134
   84 (vir)           99.961          -0.546          -2.203         -12.878          110.090
   85 (vir)          102.398           0.400          -1.485         -11.570          112.883
   86 (vir)          102.398           0.399          -1.485         -11.570          112.883
   87 (vir)          108.257           0.767          -1.957         -13.408          120.475
   88 (vir)          108.257           0.788          -1.957         -13.408          120.496
   89 (vir)          108.258           0.768          -1.957         -13.408          120.476
   90 (vir)          140.251           0.814          -1.557         -13.866          153.374
   91 (vir)          140.252           0.817          -1.557         -13.867          153.378
   92 (vir)          143.474           0.601          -1.661         -14.078          156.492
   93 (vir)          143.474           0.595          -1.661         -14.078          156.486
   94 (vir)          143.474           0.601          -1.661         -14.078          156.492
   95 (vir)          149.310          -1.066          -1.765         -15.033          161.511
   96 (vir)          152.316          -0.035          -1.630         -14.127          164.778
   97 (vir)          152.317          -0.046          -1.630         -14.127          164.767
   98 (vir)          152.317          -0.047          -1.630         -14.127          164.768
   99 (vir)          157.764           1.103          -1.484         -13.381          170.764
  100 (vir)          157.765           1.060          -1.484         -13.381          170.722
  101 (vir)          157.766           1.115          -1.484         -13.381          170.778
  102 (vir)          158.441           1.226          -0.694         -11.152          170.125
  103 (vir)          161.117           0.685          -1.004         -12.302          173.100
  104 (vir)          161.117           0.702          -1.004         -12.302          173.118
  105 (vir)          161.118           0.707          -1.003         -12.301          173.123
  106 (vir)          163.907           1.349          -1.225         -13.166          177.197
  107 (vir)          163.908           1.338          -1.225         -13.166          177.187
  108 (vir)          163.909           1.317          -1.225         -13.168          177.168
  109 (vir)          168.097          -0.319          -1.072         -12.571          179.277
  110 (vir)          169.580           0.632          -1.431         -13.858          182.638
  111 (vir)          169.580           0.672          -1.431         -13.858          182.679
  112 (vir)          169.585           0.583          -1.431         -13.858          182.594
  113 (vir)          174.427          -0.501          -2.176         -15.000          186.751
  114 (vir)          175.446           0.018          -1.510         -14.199          188.154
  115 (vir)          175.447           0.008          -1.510         -14.200          188.144
  116 (vir)          175.449           0.013          -1.510         -14.199          188.152
  117 (vir)          177.418           0.257          -1.739         -15.178          191.114
  118 (vir)          177.418           0.257          -1.739         -15.178          191.114
  119 (vir)          185.396          -0.646          -2.689         -16.028          198.089
  120 (vir)          194.252           0.879          -0.883         -12.638          206.886
  121 (vir)          194.253           0.864          -0.883         -12.638          206.873
  122 (vir)          194.254           0.873          -0.883         -12.638          206.882
  123 (vir)          195.053           0.565          -1.278         -14.073          208.413
  124 (vir)          195.054           0.559          -1.278         -14.073          208.408
  125 (vir)          196.742           0.695          -1.189         -14.142          210.389
  126 (vir)          196.742           0.654          -1.190         -14.142          210.348
  127 (vir)          196.743           0.707          -1.189         -14.142          210.402
  128 (vir)          203.271           0.483          -1.030         -13.384          216.107
  129 (vir)          203.273           0.482          -1.030         -13.384          216.110
  130 (vir)          203.273           0.484          -1.030         -13.384          216.111
  131 (vir)          206.186           0.625          -0.751         -11.985          218.045
  132 (vir)          206.187           0.625          -0.751         -11.985          218.045
  133 (vir)          206.548           0.748          -0.872         -12.934          219.358
  134 (vir)          206.551           0.756          -0.872         -12.934          219.368
  135 (vir)          206.551           0.754          -0.872         -12.934          219.367
  136 (vir)          209.880           0.234          -0.745         -12.040          221.409
  137 (vir)          209.883           0.224          -0.745         -12.040          221.402
  138 (vir)          209.884           0.231          -0.745         -12.040          221.410
  139 (vir)          215.228          -0.905          -4.175         -19.116          229.266
  140 (vir)          220.960           0.169          -0.506         -10.948          231.571
  141 (vir)          222.919           1.160          -0.937         -13.492          236.635
  142 (vir)          222.920           1.173          -0.937         -13.492          236.648
  143 (vir)          223.226           0.326          -1.750         -15.869          237.671
  144 (vir)          223.226           0.304          -1.750         -15.869          237.649
  145 (vir)          223.228           0.341          -1.750         -15.869          237.688
  146 (vir)          225.187           0.831          -0.867         -13.305          238.456
  147 (vir)          225.187           0.814          -0.867         -13.305          238.440
  148 (vir)          225.188           0.809          -0.867         -13.306          238.435
  149 (vir)          226.133           0.733          -0.738         -12.651          238.779
  150 (vir)          226.134           0.712          -0.738         -12.651          238.758
  151 (vir)          226.134           0.726          -0.738         -12.651          238.773
  152 (vir)          235.592           0.564          -1.367         -14.642          249.430
  153 (vir)          235.592           0.563          -1.366         -14.641          249.430
  154 (vir)          235.597           0.560          -1.367         -14.642          249.432
  155 (vir)          241.167           1.061          -0.838         -13.310          254.700
  156 (vir)          241.168           1.038          -0.838         -13.310          254.678
  157 (vir)          241.170           1.045          -0.838         -13.310          254.687
  158 (vir)          253.389           1.198          -0.895         -13.986          267.678
  159 (vir)          253.392           1.162          -0.895         -13.986          267.644
  160 (vir)          258.962           0.492          -1.466         -16.207          274.194
  161 (vir)          258.964           0.487          -1.466         -16.207          274.192
  162 (vir)          258.966           0.485          -1.466         -16.207          274.192
  163 (vir)          263.874           1.236          -0.859         -13.962          278.213
  164 (vir)          263.875           1.237          -0.859         -13.962          278.214
  165 (vir)          270.004           0.531          -1.466         -15.507          284.576
  166 (vir)          270.007           0.544          -1.466         -15.506          284.591
  167 (vir)          270.007           0.517          -1.466         -15.507          284.565
  168 (vir)          271.302          -0.447          -1.461         -16.694          286.088
  169 (vir)          282.957           0.831          -1.101         -15.532          298.219
  170 (vir)          282.961           0.826          -1.101         -15.533          298.218
  171 (vir)          282.962           0.809          -1.101         -15.533          298.202
  172 (vir)          311.541          -0.119          -1.233         -15.791          325.980
  173 (vir)          311.550          -0.120          -1.233         -15.791          325.988
  174 (vir)          311.550          -0.125          -1.233         -15.791          325.983
  175 (vir)          370.045          -0.482          -2.833         -19.694          386.424
  176 (vir)          786.018           0.194         -12.431         -45.508          819.290
  177 (vir)         4016.861          -0.707         -14.656         -94.440         4095.938
