 
  kpoint:     0.0000    0.0000    0.0000
 
    n          ϵ_nk^DFT (eV)     Σ^c_nk (eV)     Σ^x_nk (eV)     v_n^xc (eV)   ϵ_nk^G0W0 (eV)
 
    1 (occ)         -511.086          -0.809        -132.568         -83.740         -560.723
    2 (occ)         -270.474          14.889         -96.907         -61.549         -290.943
    3 (occ)         -269.232          16.812         -96.894         -61.544         -287.769
    4 (occ)         -269.184          15.896         -96.892         -61.545         -288.635
    5 (occ)         -269.182          16.283         -96.894         -61.550         -288.243
    6 (occ)         -268.986          15.585         -96.890         -61.547         -288.745
    7 (occ)         -268.765           8.591         -96.926         -61.564         -295.537
    8 (occ)          -26.675           7.346         -33.026         -21.325          -31.030
    9 (occ)          -21.325           6.333         -26.910         -17.276          -24.626
   10 (occ)          -18.722           5.563         -26.113         -17.335          -21.936
   11 (occ)          -18.280           5.463         -25.974         -17.311          -21.480
   12 (occ)          -15.603           4.044         -24.298         -17.001          -18.856
   13 (occ)          -14.799           3.903         -24.223         -17.084          -18.036
   14 (occ)          -13.630           3.020         -23.095         -16.786          -16.920
   15 (occ)          -12.202           2.804         -22.060         -15.949          -15.510
   16 (occ)          -11.502           2.741         -22.938         -17.015          -14.684
   17 (occ)          -10.826           2.232         -21.479         -15.886          -14.188
   18 (occ)          -10.249           1.960         -20.816         -15.519          -13.587
   19 (occ)          -10.184           2.875         -21.016         -15.404          -12.921
   20 (occ)           -9.357           2.556         -24.094         -18.180          -12.715
   21 (occ)           -8.668           1.533         -21.351         -16.475          -12.011
   22 (occ)           -8.192           2.197         -20.330         -15.457          -10.868
   23 (occ)           -8.162           1.553         -21.790         -16.855          -11.544
   24 (occ)           -6.349           0.090         -16.309         -13.610           -8.958
   25 (occ)           -5.617           0.400         -18.688         -15.588           -8.317
   26 (vir)           -1.332          -2.613          -8.212         -13.092            0.935
   27 (vir)           -0.672          -2.750          -8.576         -13.570            1.572
   28 (vir)           -0.153          -1.487          -2.754          -6.182            1.788
   29 (vir)            0.368          -1.473          -2.539          -5.901            2.257
   30 (vir)            0.948          -1.235          -1.740          -4.686            2.658
   31 (vir)            1.284          -1.397          -2.152          -5.349            3.084
   32 (vir)            1.815          -1.290          -1.943          -4.953            3.535
   33 (vir)            2.300          -1.700          -2.646          -6.277            4.230
   34 (vir)            2.505          -1.354          -1.814          -4.930            4.267
   35 (vir)            2.600          -2.884          -3.575          -8.344            4.485
   36 (vir)            3.113          -2.608          -3.329          -7.793            4.969
   37 (vir)            3.582          -1.487          -1.935          -5.278            5.438
   38 (vir)            3.769          -1.430          -1.409          -4.543            5.472
   39 (vir)            3.933          -1.794          -2.957          -6.742            5.924
   40 (vir)            4.145          -1.923          -2.373          -6.082            5.931
   41 (vir)            4.194          -1.437          -1.720          -4.925            5.963
   42 (vir)            4.214          -1.394          -1.613          -4.789            5.996
   43 (vir)            4.673          -1.374          -1.842          -5.038            6.495
   44 (vir)            5.461          -2.575          -5.122          -9.895            7.660
   45 (vir)            5.584          -1.719          -1.544          -5.054            7.374
   46 (vir)            5.713          -1.600          -1.407          -4.792            7.498
   47 (vir)            6.025          -1.938          -2.809          -6.862            8.140
   48 (vir)            6.495          -2.242          -3.594          -7.958            8.617
   49 (vir)            6.903          -2.480          -4.007          -8.708            9.125
   50 (vir)            7.102          -2.758          -4.070          -8.907            9.181
   51 (vir)            7.152          -2.534          -3.731          -8.343            9.230
   52 (vir)            7.422          -2.096          -1.836          -5.827            9.317
   53 (vir)            7.545          -1.901          -2.632          -6.516            9.528
   54 (vir)            7.926          -2.211          -2.822          -7.290           10.183
   55 (vir)            7.939          -2.808          -3.944          -8.785            9.971
   56 (vir)            8.071          -1.316          -1.575          -4.615            9.794
   57 (vir)            8.273          -2.541          -3.461          -8.028           10.299
   58 (vir)            8.427          -2.632          -3.711          -8.452           10.536
   59 (vir)            8.725          -2.731          -3.674          -8.543           10.863
   60 (vir)            9.333          -2.031          -2.487          -6.656           11.471
   61 (vir)           10.107          -2.152          -2.273          -6.486           12.166
   62 (vir)           10.291          -1.919          -2.309          -6.171           12.233
   63 (vir)           10.330          -2.275          -2.619          -7.074           12.510
   64 (vir)           10.529          -2.149          -2.124          -6.546           12.802
   65 (vir)           10.874          -2.260          -2.892          -7.179           12.899
   66 (vir)           11.306          -2.519          -2.863          -7.338           13.262
   67 (vir)           11.625          -1.861          -2.005          -5.844           13.602
   68 (vir)           11.954          -2.502          -2.635          -7.863           14.679
   69 (vir)           12.130          -1.974          -2.002          -5.976           14.130
   70 (vir)           12.578          -1.729          -1.776          -5.717           14.791
   71 (vir)           12.776          -2.080          -2.079          -6.299           14.916
   72 (vir)           13.031          -2.428          -2.496          -7.152           15.258
   73 (vir)           13.439          -2.255          -2.529          -7.284           15.939
   74 (vir)           13.674          -2.737          -2.260          -7.448           16.126
   75 (vir)           14.493          -2.725          -2.953          -7.997           16.813
   76 (vir)           14.533          -2.895          -2.412          -7.734           16.960
   77 (vir)           14.760          -2.734          -2.685          -7.632           16.974
   78 (vir)           15.206          -2.686          -2.413          -7.953           18.060
   79 (vir)           15.247          -3.567          -3.920         -10.068           17.827
   80 (vir)           15.762          -4.524          -5.007         -12.147           18.378
   81 (vir)           17.016          -2.711          -1.920          -7.198           19.583
   82 (vir)           17.451          -3.165          -2.268          -8.100           20.117
   83 (vir)           17.480          -3.620          -2.925          -8.899           19.834
   84 (vir)           17.677          -3.786          -3.682          -9.906           20.114
   85 (vir)           18.124          -3.603          -2.885          -8.734           20.370
   86 (vir)           18.385          -3.846          -3.773          -9.949           20.716
   87 (vir)           18.564          -3.954          -2.574          -8.932           20.968
   88 (vir)           19.195          -3.811          -3.167          -9.378           21.595
   89 (vir)           19.336          -3.545          -2.389          -8.309           21.711
   90 (vir)           19.496          -3.726          -2.232          -8.438           21.975
   91 (vir)           19.591          -3.747          -2.204          -8.405           22.046
   92 (vir)           19.846          -3.628          -1.995          -8.023           22.247
   93 (vir)           19.933          -3.956          -2.347          -8.922           22.554
   94 (vir)           20.460          -3.282          -1.857          -7.592           22.913
   95 (vir)           20.710          -3.089          -2.265          -7.993           23.349
   96 (vir)           21.213          -3.123          -2.222          -7.655           23.523
   97 (vir)           21.671          -2.949          -2.007          -7.441           24.157
   98 (vir)           22.304          -3.020          -2.383          -8.250           25.152
   99 (vir)           22.445          -3.498          -2.083          -8.275           25.139
  100 (vir)           22.501          -3.062          -2.496          -8.233           25.176
  101 (vir)           22.823          -3.060          -2.072          -7.581           25.272
  102 (vir)           22.923          -3.899          -2.563          -8.868           25.329
  103 (vir)           23.257          -4.118          -3.017          -9.619           25.740
  104 (vir)           23.579          -2.962          -1.320          -6.887           26.184
  105 (vir)           23.714          -3.849          -2.875          -9.372           26.362
  106 (vir)           23.792          -2.864          -1.243          -6.821           26.505
  107 (vir)           24.478          -2.823          -1.351          -6.958           27.262
  108 (vir)           24.718          -3.026          -2.298          -8.244           27.638
  109 (vir)           25.673          -3.071          -2.588          -8.585           28.599
  110 (vir)           25.904          -3.255          -1.560          -7.546           28.636
  111 (vir)           25.985          -3.117          -2.182          -7.570           28.256
  112 (vir)           26.212          -2.994          -1.795          -7.440           28.863
  113 (vir)           26.778          -3.636          -1.922          -7.584           28.804
  114 (vir)           26.825          -3.226          -1.820          -8.114           29.892
  115 (vir)           27.213          -3.080          -1.879          -7.503           29.756
  116 (vir)           27.686          -3.432          -2.051          -8.694           30.897
  117 (vir)           27.701          -3.269          -1.850          -7.451           30.034
  118 (vir)           28.255          -3.083          -1.962          -7.926           31.136
  119 (vir)           28.352          -3.739          -2.034          -8.238           30.817
  120 (vir)           28.890          -3.141          -2.269          -8.839           32.318
  121 (vir)           29.783          -3.321          -2.081          -8.419           32.800
  122 (vir)           30.016          -3.521          -1.936          -8.252           32.811
  123 (vir)           30.227          -3.596          -1.571          -7.541           32.601
  124 (vir)           30.557          -3.008          -1.982          -8.550           34.117
  125 (vir)           31.023          -3.999          -2.055          -8.611           33.580
  126 (vir)           31.302          -2.523          -1.372          -7.262           34.669
  127 (vir)           31.588          -3.884          -1.815          -8.042           33.932
  128 (vir)           32.112          -3.724          -2.100          -8.581           34.869
  129 (vir)           32.529          -3.687          -1.914          -7.909           34.836
  130 (vir)           33.384          -3.431          -1.805          -8.276           36.424
  131 (vir)           33.672          -3.132          -1.231          -6.879           36.188
  132 (vir)           34.679          -3.355          -1.344          -7.360           37.341
  133 (vir)           34.856          -3.881          -3.622         -11.267           38.620
  134 (vir)           35.914          -3.641          -1.656          -7.866           38.483
  135 (vir)           36.872          -2.977          -1.828          -7.846           39.912
  136 (vir)           36.988          -3.391          -2.057          -8.452           39.991
  137 (vir)           38.033          -3.589          -3.208         -10.926           42.162
  138 (vir)           38.329          -2.809          -1.492          -7.555           41.583
  139 (vir)           38.890          -2.986          -2.415          -9.611           43.101
  140 (vir)           39.274          -4.288          -2.531          -9.788           42.243
  141 (vir)           39.923          -4.261          -2.625         -10.103           43.140
  142 (vir)           40.378          -2.118          -2.254          -9.857           45.863
  143 (vir)           40.389          -4.246          -2.310          -9.787           43.620
  144 (vir)           40.981          -3.732          -3.355         -11.628           45.523
  145 (vir)           41.266          -4.422          -2.361          -9.939           44.422
  146 (vir)           41.468          -4.449          -2.190          -9.500           44.329
  147 (vir)           41.724          -3.855          -2.420         -10.079           45.528
  148 (vir)           42.518          -5.075          -2.645         -10.366           45.164
  149 (vir)           42.988          -2.648          -2.579         -10.683           48.444
  150 (vir)           43.240          -5.688          -3.052         -11.532           46.032
  151 (vir)           44.485          -4.624          -2.326          -9.963           47.498
  152 (vir)           44.925          -6.346          -3.352         -12.518           47.745
  153 (vir)           45.702          -7.288          -2.391         -10.647           46.671
  154 (vir)           45.904          -4.512          -2.697         -10.568           49.264
  155 (vir)           46.120          -8.522          -2.423         -10.664           45.839
  156 (vir)           46.403          -4.039          -2.712         -11.290           50.942
  157 (vir)           46.511          -4.658          -2.257         -10.115           49.711
  158 (vir)           46.729          -4.500          -2.664         -11.125           50.691
  159 (vir)           47.487          -4.305          -2.163          -9.843           50.862
  160 (vir)           48.005          -6.059          -2.809         -11.142           50.278
  161 (vir)           48.713          -6.798          -2.325         -10.578           50.167
  162 (vir)           48.762          -1.143          -2.495         -10.865           55.989
  163 (vir)           49.063          -5.517          -2.269         -10.401           51.678
  164 (vir)           49.536          -3.722          -2.301         -10.335           53.848
  165 (vir)           50.424          -4.810          -2.054          -9.719           53.278
  166 (vir)           50.902          -3.126          -2.190         -10.684           56.269
  167 (vir)           51.227          -6.419          -2.366         -10.413           52.856
  168 (vir)           51.489          -2.167          -2.379         -11.200           58.143
  169 (vir)           51.521          -4.039          -1.508          -8.756           54.730
  170 (vir)           51.973         -11.180          -2.203         -10.571           49.161
  171 (vir)           52.032          -8.016          -2.181         -10.784           52.620
  172 (vir)           52.207          -6.629          -2.159         -10.542           53.963
  173 (vir)           52.420          -6.992          -2.328         -10.842           53.943
  174 (vir)           52.537          -7.623          -1.974          -9.755           52.696
  175 (vir)           53.239          -2.484          -2.020         -10.832           59.566
  176 (vir)           53.427          -2.072          -1.812         -10.317           59.861
  177 (vir)           53.656          -7.517          -2.397         -10.918           54.660
  178 (vir)           54.225          -6.004          -1.824         -10.417           56.814
  179 (vir)           54.552          -3.437          -2.597         -11.250           59.767
  180 (vir)           55.680          -5.861          -2.403         -10.914           58.331
  181 (vir)           56.031          -5.188          -2.465         -11.062           59.439
  182 (vir)           56.238          -6.664          -2.021         -10.872           58.426
  183 (vir)           56.391          -5.612          -2.413         -10.997           59.363
  184 (vir)           57.163          -5.371          -2.104         -10.274           59.962
  185 (vir)           57.228          -6.407          -1.880         -10.173           59.113
  186 (vir)           57.612          -5.072          -2.294         -10.675           60.921
  187 (vir)           57.627          -6.029          -1.921         -10.728           60.405
  188 (vir)           58.358          -5.289          -1.725          -9.615           60.960
  189 (vir)           59.400          -6.289          -2.100         -10.733           61.745
  190 (vir)           59.453          -5.533          -1.396          -9.566           62.090
  191 (vir)           59.724          -5.654          -1.461          -9.798           62.407
  192 (vir)           59.887          -1.293          -2.212         -11.000           67.383
  193 (vir)           59.921          -4.577          -1.508          -9.890           63.727
  194 (vir)           60.382          -5.850          -2.047         -10.560           63.045
  195 (vir)           60.653          -4.632          -1.893         -10.818           64.946
  196 (vir)           61.188          -5.280          -2.090         -10.604           64.422
  197 (vir)           61.289          -2.971          -2.224         -10.659           66.753
  198 (vir)           61.667          -4.393          -1.608         -10.038           65.704
  199 (vir)           62.146          -8.465          -2.129         -11.083           62.635
  200 (vir)           62.890          -1.780          -2.057         -11.287           70.341
  201 (vir)           62.975          -3.673          -2.046         -10.718           67.973
  202 (vir)           63.122          -4.659          -1.870         -10.468           67.060
  203 (vir)           63.963          -6.330          -2.334         -11.823           67.122
  204 (vir)           64.144          -3.939          -2.343         -10.886           68.748
  205 (vir)           64.643           1.083          -2.221         -11.620           75.125
  206 (vir)           64.799          -7.728          -2.307         -11.308           66.072
  207 (vir)           65.059          -7.197          -2.451         -12.174           67.585
  208 (vir)           65.148          -5.141          -2.109         -10.977           68.875
  209 (vir)           65.444          -5.287          -1.653         -10.612           69.116
  210 (vir)           65.706          -5.565          -2.204         -11.025           68.962
  211 (vir)           65.812          -3.453          -1.841         -10.863           71.381
  212 (vir)           67.124          -7.090          -2.121         -11.021           68.934
  213 (vir)           67.256           0.461          -1.298          -9.718           76.137
  214 (vir)           67.721          -0.351          -2.303         -11.136           76.203
  215 (vir)           67.976          -5.977          -2.320         -11.288           70.968
  216 (vir)           68.018           3.938          -2.930         -13.267           82.293
  217 (vir)           68.625          -1.520          -2.013         -10.889           75.980
  218 (vir)           68.938          -1.267          -2.471         -12.316           77.516
  219 (vir)           69.058           3.502          -2.034         -11.028           81.554
  220 (vir)           69.463           1.527          -2.323         -11.339           80.006
  221 (vir)           69.723           1.814          -1.885         -11.047           80.699
  222 (vir)           70.109          -2.908          -1.766         -10.396           75.831
  223 (vir)           70.570           2.823          -1.829         -10.439           82.002
  224 (vir)           70.684           4.480          -2.917         -13.126           85.373
  225 (vir)           70.818           1.218          -2.112         -11.138           81.061
  226 (vir)           71.227          -2.157          -1.461         -10.062           77.672
  227 (vir)           71.774           1.005          -1.868         -10.635           81.547
  228 (vir)           71.922          -2.395          -1.991         -11.023           78.559
  229 (vir)           72.700          -6.645          -2.204         -11.471           75.322
  230 (vir)           73.118          -0.788          -1.906         -10.902           81.326
  231 (vir)           73.161          -3.641          -1.868         -10.905           78.557
  232 (vir)           73.987          -4.806          -1.879         -10.827           78.128
  233 (vir)           74.519          -0.635          -1.173          -9.738           82.449
  234 (vir)           74.620           1.751          -2.133         -11.573           85.811
  235 (vir)           74.905          -5.379          -2.182         -11.891           79.235
  236 (vir)           75.185           0.112          -1.850         -10.911           84.357
  237 (vir)           75.593           2.677          -1.857         -10.942           87.355
  238 (vir)           76.388          -2.053          -1.841         -10.968           83.462
  239 (vir)           77.028          -6.317          -2.187         -11.748           80.272
  240 (vir)           77.221           1.649          -1.693         -11.281           88.457
  241 (vir)           78.448          -1.730          -2.015         -11.219           85.923
  242 (vir)           79.023          -2.178          -2.395         -12.032           86.482
  243 (vir)           79.308           3.276          -1.836         -11.809           92.557
  244 (vir)           80.049          -1.117          -2.049         -11.759           88.642
  245 (vir)           80.430           0.562          -1.772         -11.133           90.353
  246 (vir)           81.984          -1.444          -2.707         -12.706           90.540
  247 (vir)           82.513           3.826          -1.935         -12.188           96.592
  248 (vir)           82.538          -2.447          -3.158         -14.290           91.223
  249 (vir)           83.361          -2.014          -1.684         -10.862           90.525
  250 (vir)           83.730           0.619          -2.084         -11.788           94.053
  251 (vir)           84.661           4.249          -1.915         -12.294           99.289
  252 (vir)           85.077           4.661          -2.553         -12.840          100.025
  253 (vir)           85.581           2.209          -1.748         -11.658           97.700
  254 (vir)           85.608          -0.761          -2.801         -13.282           95.329
  255 (vir)           86.780          -0.709          -2.240         -12.129           95.960
  256 (vir)           87.867          -7.694          -2.144         -12.535           90.564
  257 (vir)           89.226          -2.204          -2.429         -12.711           97.303
  258 (vir)           89.745          -9.235          -3.045         -14.244           91.709
  259 (vir)           89.929           0.010          -2.899         -14.538          101.578
  260 (vir)           90.387           1.824          -2.168         -12.191          102.234
  261 (vir)           91.725           3.299          -2.340         -12.860          105.544
  262 (vir)           91.733           5.910          -2.613         -13.821          108.851
  263 (vir)           92.024           2.517          -2.494         -12.964          105.010
  264 (vir)           92.452           4.232          -2.569         -13.172          107.288
  265 (vir)           92.682           5.423          -2.472         -13.050          108.682
  266 (vir)           93.323           2.488          -2.381         -12.809          106.239
  267 (vir)           93.639           4.112          -2.400         -12.834          108.185
  268 (vir)           93.873           7.092          -2.442         -13.801          112.324
  269 (vir)           94.928         -13.366          -2.565         -14.051           93.048
  270 (vir)           95.464           3.308          -2.421         -13.405          109.756
  271 (vir)           96.281          -3.788          -2.720         -13.836          103.609
  272 (vir)           96.727           5.377          -2.079         -13.190          113.215
  273 (vir)           97.067          -4.478          -2.599         -13.793          103.783
  274 (vir)           97.876           6.661          -2.052         -12.953          115.437
  275 (vir)           98.162           6.364          -2.184         -13.483          115.825
  276 (vir)          100.041           0.141          -3.156         -14.812          111.838
  277 (vir)          101.686           0.898          -2.966         -14.803          114.420
  278 (vir)          102.558           3.158          -3.174         -15.285          117.827
  279 (vir)          102.717          -1.017          -2.932         -14.548          113.316
  280 (vir)          103.389          -5.207          -2.110         -13.053          109.125
  281 (vir)          104.433           1.140          -2.636         -14.546          117.483
  282 (vir)          105.113          -1.074          -3.131         -14.986          115.894
  283 (vir)          107.231          -1.320          -2.810         -14.302          117.403
  284 (vir)          107.495          -0.361          -3.027         -15.068          119.175
  285 (vir)          108.027           1.895          -2.574         -13.971          121.319
  286 (vir)          108.585           1.424          -2.609         -14.201          121.601
  287 (vir)          109.408           0.875          -2.604         -13.958          121.636
  288 (vir)          109.917           3.059          -1.754         -12.739          123.961
  289 (vir)          110.463           0.454          -2.491         -14.324          122.750
  290 (vir)          110.534           1.435          -2.660         -14.471          123.781
  291 (vir)          111.495           1.111          -2.366         -13.882          124.122
  292 (vir)          113.703           0.369          -3.069         -15.140          126.143
  293 (vir)          113.802           0.804          -2.701         -14.631          126.535
  294 (vir)          115.156           2.484          -2.625         -14.597          129.612
  295 (vir)          116.261           1.588          -2.653         -14.499          129.694
  296 (vir)          117.493           1.876          -2.457         -14.237          131.148
  297 (vir)          118.173           2.188          -3.203         -15.616          132.774
  298 (vir)          119.165           1.794          -2.900         -15.265          133.323
  299 (vir)          119.775           1.198          -2.210         -14.001          132.764
  300 (vir)          120.140           2.023          -2.231         -14.269          134.201
  301 (vir)          122.639           3.391          -2.702         -15.281          138.609
  302 (vir)          122.733           1.246          -2.108         -13.828          135.699
  303 (vir)          123.344           3.259          -2.330         -14.951          139.224
  304 (vir)          124.990           3.044          -2.443         -14.851          140.442
  305 (vir)          126.091           3.356          -2.849         -15.749          142.347
  306 (vir)          126.481           3.128          -2.183         -14.906          142.333
  307 (vir)          127.288           3.818          -1.984         -13.682          142.805
  308 (vir)          128.814           2.610          -2.472         -15.113          144.065
  309 (vir)          129.536           2.870          -2.356         -14.961          145.011
  310 (vir)          130.389           1.966          -2.097         -14.747          145.006
  311 (vir)          130.934           3.499          -2.816         -15.750          147.367
  312 (vir)          131.199           2.692          -1.905         -14.516          146.502
  313 (vir)          132.714           2.993          -2.769         -15.761          148.699
  314 (vir)          133.871           3.226          -2.687         -15.600          150.010
  315 (vir)          134.008           2.760          -2.144         -14.799          149.424
  316 (vir)          134.148           2.820          -2.233         -14.826          149.561
  317 (vir)          134.516           2.815          -2.085         -14.710          149.956
  318 (vir)          135.416           3.317          -3.045         -16.364          152.052
  319 (vir)          135.728           3.417          -2.758         -16.045          152.431
  320 (vir)          135.843           2.458          -2.038         -14.590          150.854
  321 (vir)          137.528           3.331          -2.340         -15.322          153.841
  322 (vir)          137.711           3.269          -3.458         -17.271          154.793
  323 (vir)          138.533           3.178          -3.008         -16.441          155.144
  324 (vir)          139.557           2.388          -2.129         -14.881          154.698
  325 (vir)          139.876           2.789          -2.707         -16.076          156.034
  326 (vir)          140.417           2.790          -2.958         -16.596          156.845
  327 (vir)          141.277           2.144          -1.821         -14.437          156.037
  328 (vir)          141.301           2.918          -2.415         -15.383          157.186
  329 (vir)          142.543           2.654          -2.426         -15.565          158.336
  330 (vir)          143.090           1.734          -1.707         -14.146          157.263
  331 (vir)          143.545           2.613          -1.938         -14.675          158.896
  332 (vir)          143.772           1.794          -1.716         -14.178          158.028
  333 (vir)          144.544           2.590          -1.955         -14.703          159.882
  334 (vir)          145.857           3.387          -2.310         -15.461          162.395
  335 (vir)          146.534           2.585          -2.091         -15.000          162.028
  336 (vir)          146.829          -1.276          -2.221         -15.676          159.009
  337 (vir)          147.487           0.860          -1.598         -13.840          160.588
  338 (vir)          147.826           2.777          -2.672         -16.260          164.192
  339 (vir)          147.888           0.827          -1.558         -13.770          160.927
  340 (vir)          148.107           0.877          -1.552         -13.788          161.220
  341 (vir)          148.841           2.966          -2.463         -15.433          164.777
  342 (vir)          151.062           0.328          -1.538         -14.002          163.855
  343 (vir)          152.028           2.845          -2.809         -16.506          168.570
  344 (vir)          152.307           0.050          -1.776         -14.702          165.283
  345 (vir)          152.534           1.996          -2.365         -15.617          167.783
  346 (vir)          152.617           0.778          -1.997         -15.072          166.471
  347 (vir)          152.995          -0.103          -1.758         -14.647          165.781
  348 (vir)          153.414           2.074          -2.267         -15.514          168.735
  349 (vir)          155.261           1.883          -1.980         -14.867          170.031
  350 (vir)          155.268           1.126          -1.748         -14.349          168.995
  351 (vir)          155.772           2.620          -1.865         -14.439          170.965
  352 (vir)          156.591           0.336          -1.586         -14.035          169.376
  353 (vir)          156.682           0.088          -1.864         -14.412          169.318
  354 (vir)          157.446          -4.332          -1.897         -15.207          166.423
  355 (vir)          157.466           1.502          -1.831         -14.289          171.427
  356 (vir)          158.048           1.821          -2.143         -15.112          172.838
  357 (vir)          158.718          -2.022          -1.737         -14.674          169.633
  358 (vir)          158.880           1.126          -2.077         -15.367          173.297
  359 (vir)          159.246           0.868          -1.886         -14.709          172.937
  360 (vir)          160.165           0.670          -1.972         -14.913          173.777
  361 (vir)          160.604          -3.436          -1.628         -14.431          169.971
  362 (vir)          160.943          -0.701          -1.655         -14.347          172.933
  363 (vir)          161.325           1.513          -2.179         -15.517          176.176
  364 (vir)          161.549          -1.847          -1.455         -13.657          171.904
  365 (vir)          161.767          -1.360          -1.396         -13.539          172.549
  366 (vir)          162.447           1.141          -2.252         -15.813          177.149
  367 (vir)          162.938          -1.241          -1.152         -12.727          173.271
  368 (vir)          163.464          -0.212          -1.911         -14.973          176.314
  369 (vir)          163.651           3.069          -1.467         -14.051          179.304
  370 (vir)          164.162           6.199          -1.522         -14.248          183.087
  371 (vir)          164.264          -0.031          -1.817         -14.539          176.956
  372 (vir)          164.672           0.372          -2.109         -15.673          178.607
  373 (vir)          164.892           1.566          -1.799         -14.498          179.157
  374 (vir)          165.638           5.121          -1.322         -13.682          183.119
  375 (vir)          165.843           2.293          -1.911         -15.086          181.310
  376 (vir)          166.685           2.399          -2.001         -15.222          182.305
  377 (vir)          166.871           7.030          -1.924         -15.022          186.999
  378 (vir)          167.276           2.551          -1.974         -14.993          182.846
  379 (vir)          167.777           3.768          -1.829         -14.962          184.678
  380 (vir)          167.879          -1.382          -1.432         -13.952          179.016
  381 (vir)          168.107          -0.732          -1.900         -15.149          180.624
  382 (vir)          168.528          -3.982          -1.692         -14.527          177.381
  383 (vir)          168.770          -2.841          -1.579         -14.523          178.873
  384 (vir)          169.047           0.342          -1.912         -15.255          182.733
  385 (vir)          169.342         -13.661          -1.662         -14.730          168.748
  386 (vir)          170.138           2.322          -1.732         -14.714          185.442
  387 (vir)          170.455           2.460          -1.873         -15.423          186.464
  388 (vir)          170.667           2.467          -1.739         -14.826          186.222
  389 (vir)          171.220           1.519          -1.652         -14.944          186.031
  390 (vir)          171.446           2.440          -1.856         -15.273          187.302
  391 (vir)          171.951           2.527          -1.643         -14.503          187.338
  392 (vir)          173.397           0.319          -1.782         -15.018          186.953
  393 (vir)          174.116           1.636          -1.845         -15.280          189.188
  394 (vir)          174.148           2.017          -1.606         -14.511          189.070
  395 (vir)          174.869           0.552          -1.894         -15.869          189.397
  396 (vir)          175.193           1.998          -1.595         -14.217          189.814
  397 (vir)          175.683           1.712          -1.559         -14.319          190.155
  398 (vir)          176.107           2.100          -1.745         -14.783          191.245
  399 (vir)          176.648           2.013          -1.678         -15.004          191.988
  400 (vir)          177.361           2.149          -1.600         -14.681          192.591
  401 (vir)          177.688           1.632          -1.644         -14.594          192.269
  402 (vir)          177.876           1.598          -1.683         -14.771          192.563
  403 (vir)          178.810           1.656          -1.855         -15.376          193.987
  404 (vir)          179.096           1.150          -1.811         -15.210          193.645
  405 (vir)          179.418           1.204          -1.728         -15.194          194.088
  406 (vir)          179.714           1.986          -1.661         -14.823          194.862
  407 (vir)          180.122           1.363          -1.865         -15.787          195.407
  408 (vir)          180.414           1.671          -1.640         -14.535          194.981
  409 (vir)          180.647           1.241          -1.885         -15.894          195.897
  410 (vir)          181.016           1.704          -2.049         -15.673          196.344
  411 (vir)          181.403           0.477          -1.822         -15.765          195.823
  412 (vir)          182.499           0.967          -1.487         -14.470          196.449
  413 (vir)          182.960           1.896          -1.891         -15.655          198.620
  414 (vir)          184.613           1.233          -1.938         -16.026          199.934
  415 (vir)          184.993           1.376          -2.907         -17.036          200.497
  416 (vir)          185.893           1.691          -2.685         -16.827          201.726
  417 (vir)          186.937           1.708          -1.836         -15.918          202.728
  418 (vir)          187.051           1.594          -3.086         -17.395          202.954
  419 (vir)          187.587           0.715          -1.680         -15.549          202.171
  420 (vir)          188.799          -1.008          -1.449         -14.861          201.204
  421 (vir)          189.020           1.564          -2.036         -15.652          204.200
  422 (vir)          189.570           1.329          -1.875         -15.536          204.560
  423 (vir)          189.977           0.863          -1.987         -15.740          204.594
  424 (vir)          190.968           0.027          -1.490         -14.993          204.499
  425 (vir)          192.096          -1.209          -1.880         -15.303          204.310
  426 (vir)          193.010           3.140          -1.516         -14.271          208.905
  427 (vir)          193.226           0.344          -1.560         -15.295          207.306
  428 (vir)          194.014           0.145          -2.546         -16.723          208.336
  429 (vir)          194.032           0.385          -1.612         -15.290          208.094
  430 (vir)          195.001          -1.587          -2.685         -16.782          207.511
  431 (vir)          195.035          -0.118          -1.440         -14.877          208.353
  432 (vir)          196.059           1.199          -1.796         -14.250          209.711
  433 (vir)          196.749           4.082          -2.310         -16.075          214.595
  434 (vir)          197.781           2.343          -2.464         -16.425          214.084
  435 (vir)          198.199          -0.841          -2.701         -16.683          211.340
  436 (vir)          199.187           1.540          -2.358         -16.220          214.589
  437 (vir)          199.862          -0.547          -2.815         -16.832          213.331
  438 (vir)          199.902           2.028          -1.046         -13.288          214.173
  439 (vir)          200.086           0.280          -3.355         -17.830          214.841
  440 (vir)          200.413           3.770          -1.143         -13.865          216.905
  441 (vir)          200.761           0.845          -2.192         -16.476          215.890
  442 (vir)          201.438           1.061          -2.334         -15.882          216.046
  443 (vir)          202.369           1.325          -2.184         -15.843          217.353
  444 (vir)          202.593           2.173          -1.899         -15.283          218.151
  445 (vir)          202.879           3.394          -1.073         -13.520          218.719
  446 (vir)          203.963           3.438          -0.995         -13.149          219.555
  447 (vir)          204.463           2.291          -1.683         -14.698          219.769
  448 (vir)          206.170           2.401          -1.692         -15.294          222.173
  449 (vir)          206.825           3.391          -1.078         -13.566          222.705
  450 (vir)          207.578           3.336          -2.030         -15.877          224.761
  451 (vir)          207.622           4.575          -1.196         -13.830          224.832
  452 (vir)          208.782           1.239          -1.759         -14.982          223.244
  453 (vir)          209.361           5.399          -1.287         -14.040          227.512
  454 (vir)          210.170           6.680          -1.458         -14.148          229.540
  455 (vir)          210.559           0.335          -2.328         -16.293          224.859
  456 (vir)          211.375           3.856          -0.992         -13.258          227.498
  457 (vir)          211.509           4.294          -1.489         -14.523          228.836
  458 (vir)          212.213           4.180          -2.012         -15.987          230.367
  459 (vir)          213.216           3.860          -0.981         -13.297          229.392
  460 (vir)          213.225           3.749          -1.967         -15.602          230.609
  461 (vir)          213.899           4.050          -2.050         -16.080          231.978
  462 (vir)          214.098           3.304          -0.821         -12.613          229.194
  463 (vir)          214.698           3.566          -0.929         -13.069          230.404
  464 (vir)          214.736           3.979          -1.649         -15.160          232.225
  465 (vir)          217.221           3.782          -1.366         -14.263          233.900
  466 (vir)          218.097           4.425          -1.450         -14.544          235.616
  467 (vir)          218.544           3.657          -0.962         -13.685          234.924
  468 (vir)          218.577           3.708          -1.630         -15.052          235.707
  469 (vir)          219.542           3.228          -0.799         -12.630          234.601
  470 (vir)          219.607           4.423          -1.508         -14.261          236.783
  471 (vir)          219.767           4.487          -1.697         -14.724          237.281
  472 (vir)          220.742           3.733          -0.960         -13.745          237.260
  473 (vir)          221.007           6.375          -1.506         -14.712          240.588
  474 (vir)          221.952           5.121          -1.587         -14.847          240.334
  475 (vir)          222.303           3.733          -1.559         -15.736          240.213
  476 (vir)          222.657           4.464          -1.283         -14.194          240.032
  477 (vir)          223.134           3.821          -1.463         -15.604          241.096
  478 (vir)          223.505           4.517          -1.217         -13.725          240.530
  479 (vir)          223.939           3.495          -1.595         -16.016          241.854
  480 (vir)          224.103           4.854          -1.792         -15.819          242.983
  481 (vir)          224.658           3.898          -1.491         -15.733          242.799
  482 (vir)          225.693           4.815          -1.703         -14.738          243.543
  483 (vir)          225.906           3.421          -0.939         -13.424          241.812
  484 (vir)          226.144           4.072          -1.281         -14.344          243.278
  485 (vir)          226.311           3.924          -1.536         -15.805          244.504
  486 (vir)          226.526           4.450          -2.425         -17.118          245.669
  487 (vir)          227.686           4.559          -1.432         -14.786          245.599
  488 (vir)          228.035           3.798          -1.280         -15.010          245.562
  489 (vir)          229.514           3.595          -0.962         -13.565          245.711
  490 (vir)          229.648           4.239          -1.917         -15.722          247.692
  491 (vir)          230.499           3.708          -1.623         -16.058          248.642
  492 (vir)          230.758           4.971          -1.709         -15.642          249.662
  493 (vir)          231.166           4.027          -1.847         -15.478          248.824
  494 (vir)          232.151           6.053          -1.997         -16.321          252.527
  495 (vir)          233.216           4.120          -1.137         -14.174          250.373
  496 (vir)          233.914           4.408          -1.466         -15.194          252.049
  497 (vir)          234.043           4.175          -1.518         -15.507          252.207
  498 (vir)          235.302           3.799          -1.193         -14.776          252.684
  499 (vir)          235.413           4.788          -1.519         -15.962          254.644
  500 (vir)          235.575           4.364          -1.593         -15.349          253.695
  501 (vir)          236.305           4.358          -1.688         -15.888          254.863
  502 (vir)          237.238           3.834          -1.219         -14.866          254.719
  503 (vir)          239.176           5.529          -2.251         -17.314          259.767
  504 (vir)          240.467           4.563          -1.947         -16.590          259.672
  505 (vir)          240.582           3.971          -1.194         -14.577          257.937
  506 (vir)          241.364           3.450          -1.151         -14.809          258.472
  507 (vir)          242.659           3.594          -1.272         -15.212          260.193
  508 (vir)          243.638           5.178          -1.985         -16.917          263.748
  509 (vir)          244.705           4.766          -1.825         -16.462          264.108
  510 (vir)          246.154           3.930          -1.358         -15.321          264.047
  511 (vir)          250.781           4.662          -1.787         -16.814          270.469
  512 (vir)          253.359           3.722          -1.466         -15.737          271.353
  513 (vir)          253.674           5.366          -2.151         -18.480          275.369
  514 (vir)          256.615           3.659          -1.468         -15.783          274.589
  515 (vir)          257.158           3.874          -1.618         -16.352          275.766
  516 (vir)          258.851           4.724          -2.518         -18.948          280.004
  517 (vir)          261.239           3.683          -1.745         -16.690          279.867
  518 (vir)          262.461           4.130          -1.842         -17.009          281.758
  519 (vir)          262.583           3.849          -2.058         -17.439          281.814
  520 (vir)          262.682           3.004          -1.069         -14.923          279.539
  521 (vir)          263.674           2.942          -1.036         -14.806          280.386
  522 (vir)          264.810           3.692          -1.931         -17.100          283.671
  523 (vir)          265.294           4.370          -1.796         -17.366          285.234
  524 (vir)          265.520           3.342          -1.456         -15.909          283.315
  525 (vir)          266.695           3.384          -1.572         -16.100          284.607
  526 (vir)          268.370           4.224          -1.676         -16.992          287.911
  527 (vir)          270.332           3.945          -3.056         -19.463          290.684
  528 (vir)          270.687           2.867          -1.033         -14.871          287.392
  529 (vir)          271.470           3.718          -2.939         -19.237          291.486
  530 (vir)          272.471           3.616          -3.023         -19.506          292.569
  531 (vir)          273.518           3.868          -2.108         -17.681          292.959
  532 (vir)          275.818           3.889          -3.287         -20.246          296.667
  533 (vir)          276.815           3.525          -1.440         -16.412          295.312
  534 (vir)          277.632           4.219          -3.648         -20.862          299.065
  535 (vir)          279.176           3.371          -3.147         -20.220          299.620
  536 (vir)          279.826           4.211          -1.747         -17.528          299.817
  537 (vir)          284.315           4.087          -3.314         -20.377          305.466
  538 (vir)          285.875           3.885          -2.676         -19.056          306.140
  539 (vir)          289.493           3.490          -1.803         -17.527          308.706
  540 (vir)          291.313           2.990          -1.687         -17.270          309.886
  541 (vir)          292.962           2.547          -2.808         -20.752          313.453
  542 (vir)          293.666           3.069          -2.154         -18.621          313.202
  543 (vir)          296.218           2.841          -2.048         -17.461          314.472
  544 (vir)          300.075           3.527          -3.864         -21.370          321.108
  545 (vir)          305.917           4.735          -3.394         -22.973          330.232
  546 (vir)          309.211           3.220          -2.232         -19.364          329.563
  547 (vir)          311.685           3.182          -3.359         -22.377          333.885
  548 (vir)          314.415           3.652          -2.645         -20.297          335.719
  549 (vir)          314.832           1.533          -3.292         -22.901          335.973
  550 (vir)          320.442           1.595          -3.244         -22.837          341.629
  551 (vir)          324.294           1.538          -3.279         -22.360          344.914
  552 (vir)          325.903           1.192          -2.238         -18.217          343.074
  553 (vir)          329.847           1.242          -2.338         -19.782          348.533
  554 (vir)          330.500           1.420          -3.270         -22.605          351.254
  555 (vir)          336.775           1.523          -4.119         -25.179          359.358
  556 (vir)          341.823          -1.199          -2.632         -19.406          357.397
  557 (vir)          342.503           1.859          -2.846         -20.014          361.531
  558 (vir)          344.805           2.076          -3.523         -22.012          365.369
  559 (vir)          349.092           2.243          -2.323         -18.653          367.665
  560 (vir)          356.264           1.836          -2.387         -19.122          374.835
  561 (vir)          358.336           1.885          -3.874         -24.148          380.495
  562 (vir)          373.529           1.676          -3.042         -22.655          394.816
  563 (vir)          381.813           2.242          -3.881         -24.198          404.371
  564 (vir)          390.063           2.454          -6.258         -27.883          414.143
  565 (vir)          450.557           1.952          -4.153         -24.438          472.795
  566 (vir)          752.381           1.302         -13.063         -46.330          786.951
  567 (vir)          767.725           1.279         -12.842         -46.152          802.314
  568 (vir)          772.736           1.251         -12.759         -46.046          807.273
  569 (vir)          782.094           1.251         -12.603         -45.890          816.631
  570 (vir)          785.280           1.249         -12.566         -45.857          819.821
  571 (vir)          794.635           1.257         -12.449         -45.780          829.223
  572 (vir)         1308.760           1.579         -17.899         -62.175         1354.615
  573 (vir)         3983.753           1.496         -14.802         -94.587         4065.034
  574 (vir)         3998.495           1.540         -14.741         -94.535         4079.829
  575 (vir)         4003.780           1.544         -14.719         -94.516         4085.122
  576 (vir)         4012.131           1.567         -14.681         -94.479         4093.496
  577 (vir)         4015.784           1.572         -14.668         -94.470         4097.157
  578 (vir)         4026.010           1.591         -14.627         -94.435         4107.409
  579 (vir)         6876.822           1.443         -20.566        -126.310         6984.009
