 
  kpoint:     0.0000    0.0000    0.0000
 
    n          ϵ_nk^DFT (eV)     Σ^c_nk (eV)     Σ^x_nk (eV)     v_n^xc (eV)   ϵ_nk^G0W0 (eV)
 
    1 (occ)         -512.450          -2.907        -132.599         -83.744         -564.212
    2 (occ)         -512.450          -4.370        -132.597         -83.744         -565.673
    3 (occ)         -273.716          -2.242         -96.964         -61.564         -311.358
    4 (occ)          -29.194           5.783         -34.072         -22.108          -35.375
    5 (occ)          -28.191           4.442         -34.459         -22.951          -35.257
    6 (occ)          -13.767           3.630         -28.529         -20.635          -18.031
    7 (occ)          -12.758           2.428         -23.957         -17.637          -16.651
    8 (occ)          -12.758           2.428         -23.957         -17.637          -16.651
    9 (occ)          -12.674           3.041         -28.415         -21.013          -17.035
   10 (occ)           -9.074           1.293         -25.548         -20.078          -13.251
   11 (occ)           -9.074           1.293         -25.548         -20.078          -13.251
   12 (vir)           -0.297          -1.438          -4.047          -8.277            2.494
   13 (vir)           -0.272          -2.436         -10.876         -17.273            3.689
   14 (vir)           -0.272          -2.436         -10.876         -17.273            3.689
   15 (vir)            2.648          -0.671          -0.964          -3.635            4.649
   16 (vir)            2.648          -0.671          -0.964          -3.635            4.649
   17 (vir)            2.957          -0.721          -1.467          -4.242            5.012
   18 (vir)            5.624          -2.308          -5.579         -10.916            8.653
   19 (vir)            6.668          -1.624          -3.164          -7.544            9.425
   20 (vir)            7.092          -1.064          -1.803          -5.452            9.677
   21 (vir)            7.092          -1.064          -1.803          -5.452            9.677
   22 (vir)            7.754          -0.709          -0.904          -4.079           10.221
   23 (vir)           10.523          -1.240          -1.733          -5.362           12.913
   24 (vir)           10.523          -1.240          -1.733          -5.362           12.913
   25 (vir)           10.589          -1.813          -2.104          -7.061           13.732
   26 (vir)           10.589          -1.813          -2.104          -7.061           13.732
   27 (vir)           16.186          -2.320          -3.615          -8.678           18.928
   28 (vir)           17.482          -2.997          -1.874          -7.419           20.030
   29 (vir)           17.482          -2.997          -1.874          -7.419           20.030
   30 (vir)           17.671          -1.721          -3.082          -7.886           20.753
   31 (vir)           20.449          -2.035          -3.214          -9.565           24.765
   32 (vir)           20.449          -2.035          -3.214          -9.565           24.765
   33 (vir)           21.028          -3.227          -6.182         -13.928           25.547
   34 (vir)           24.066          -3.917          -5.659         -14.259           28.748
   35 (vir)           25.317          -2.462          -3.814         -10.887           29.928
   36 (vir)           25.317          -2.462          -3.814         -10.887           29.928
   37 (vir)           27.221          -2.062          -2.997          -8.985           31.147
   38 (vir)           31.786          -2.405          -3.587         -10.741           36.535
   39 (vir)           32.582          -2.617          -3.023         -10.154           37.095
   40 (vir)           32.582          -2.617          -3.023         -10.154           37.095
   41 (vir)           32.884          -3.022          -3.885         -11.234           37.212
   42 (vir)           32.884          -3.022          -3.885         -11.234           37.212
   43 (vir)           36.754          -3.454          -3.735         -11.628           41.192
   44 (vir)           36.754          -3.454          -3.735         -11.628           41.192
   45 (vir)           39.533          -3.032          -2.750         -10.547           44.298
   46 (vir)           39.533          -3.032          -2.750         -10.547           44.298
   47 (vir)           41.911          -3.909          -3.551         -12.028           46.479
   48 (vir)           42.460          -2.708          -1.299          -8.789           47.242
   49 (vir)           42.460          -2.708          -1.299          -8.789           47.242
   50 (vir)           43.565          -3.767          -4.279         -13.083           48.602
   51 (vir)           43.565          -3.767          -4.279         -13.083           48.602
   52 (vir)           45.345          -3.884          -2.737         -11.906           50.630
   53 (vir)           45.345          -3.884          -2.737         -11.906           50.630
   54 (vir)           45.773          -2.411          -3.588         -10.836           50.610
   55 (vir)           52.070          -2.599          -2.876         -10.342           56.937
   56 (vir)           54.241          -3.505          -1.923         -10.653           59.466
   57 (vir)           54.241          -3.505          -1.923         -10.653           59.466
   58 (vir)           56.046          -3.143          -3.253         -12.059           61.709
   59 (vir)           59.211          -2.560          -2.726         -11.418           65.343
   60 (vir)           60.821          -3.447          -2.952         -12.492           66.915
   61 (vir)           60.821          -3.447          -2.952         -12.492           66.915
   62 (vir)           64.791          -8.666          -2.599         -12.395           65.922
   63 (vir)           64.791          -8.666          -2.599         -12.395           65.922
   64 (vir)           77.054          -8.377          -5.682         -18.465           81.459
   65 (vir)           79.436          -0.632          -2.577         -13.560           89.788
   66 (vir)           79.436          -0.632          -2.577         -13.560           89.788
   67 (vir)           80.732          -6.100          -5.452         -18.686           87.867
   68 (vir)           80.732          -6.100          -5.452         -18.686           87.867
   69 (vir)           85.427          -1.586          -2.360         -13.341           94.822
   70 (vir)           85.427          -1.586          -2.360         -13.341           94.822
   71 (vir)           90.338          -3.973          -3.075         -14.940           98.229
   72 (vir)           90.338          -3.973          -3.075         -14.940           98.229
   73 (vir)           92.929          -4.983          -4.968         -16.918           99.896
   74 (vir)           96.766          -3.480          -5.417         -18.651          106.520
   75 (vir)           96.766          -3.480          -5.417         -18.651          106.520
   76 (vir)          101.333          -3.883          -4.519         -17.332          110.263
   77 (vir)          101.333          -3.883          -4.519         -17.332          110.263
   78 (vir)          102.050           0.066          -3.263         -15.009          113.862
   79 (vir)          102.915          -3.301          -4.413         -16.945          112.146
   80 (vir)          102.915          -3.301          -4.413         -16.945          112.146
   81 (vir)          106.430          -4.790          -5.749         -19.667          115.559
   82 (vir)          111.924          -4.077          -3.176         -15.668          120.340
   83 (vir)          111.924          -4.077          -3.176         -15.668          120.340
   84 (vir)          112.544           0.367          -2.102         -13.498          124.307
   85 (vir)          112.544           0.367          -2.102         -13.498          124.307
   86 (vir)          115.950          -4.249          -4.796         -18.359          125.264
   87 (vir)          115.950          -4.249          -4.796         -18.359          125.264
   88 (vir)          116.060          -5.885          -6.084         -20.334          124.425
   89 (vir)          121.225          -1.197          -5.342         -18.638          133.324
   90 (vir)          123.047          -1.133          -3.574         -16.276          134.616
   91 (vir)          125.021           3.105          -4.044         -17.662          141.745
   92 (vir)          125.021           3.105          -4.044         -17.662          141.745
   93 (vir)          125.807           5.936          -1.078         -12.016          142.682
   94 (vir)          125.807           5.936          -1.078         -12.016          142.682
   95 (vir)          132.737           2.447          -1.608         -13.840          147.416
   96 (vir)          132.737           2.447          -1.608         -13.840          147.416
   97 (vir)          138.429          -0.403          -5.619         -21.719          154.126
   98 (vir)          138.429          -0.403          -5.619         -21.719          154.126
   99 (vir)          140.022          -6.364          -5.149         -19.006          147.515
  100 (vir)          140.754          -1.409          -5.675         -21.132          154.802
  101 (vir)          148.129          -2.380          -5.793         -21.814          161.770
  102 (vir)          148.129          -2.380          -5.793         -21.814          161.770
  103 (vir)          151.308           2.379          -2.217         -15.856          167.326
  104 (vir)          151.308           2.379          -2.217         -15.856          167.326
  105 (vir)          154.740           1.911          -1.628         -14.751          169.774
  106 (vir)          154.740           1.911          -1.628         -14.751          169.774
  107 (vir)          155.577           2.300          -2.359         -16.606          172.123
  108 (vir)          155.577           2.300          -2.359         -16.605          172.123
  109 (vir)          158.147          -9.803          -2.881         -17.357          162.820
  110 (vir)          158.147          -9.803          -2.881         -17.357          162.820
  111 (vir)          163.263          -2.002          -5.547         -22.733          178.446
  112 (vir)          169.008           1.453          -2.054         -16.276          184.683
  113 (vir)          169.008           1.453          -2.054         -16.275          184.683
  114 (vir)          172.864         -15.339          -3.439         -18.477          172.564
  115 (vir)          189.866           8.277          -3.449         -19.959          214.653
  116 (vir)          189.866           8.277          -3.449         -19.959          214.653
  117 (vir)          218.915           7.401          -4.529         -22.515          244.302
  118 (vir)          227.200          -5.419          -2.962         -19.674          238.494
  119 (vir)          227.200          -5.419          -2.962         -19.674          238.493
  120 (vir)          235.729           2.452          -2.344         -18.850          254.687
  121 (vir)          235.729           2.452          -2.344         -18.850          254.687
  122 (vir)          236.410           2.151          -2.329         -18.833          255.066
  123 (vir)          236.411           2.151          -2.329         -18.833          255.066
  124 (vir)          237.114           2.815          -2.433         -19.134          256.631
  125 (vir)          237.114           2.815          -2.433         -19.134          256.631
  126 (vir)          248.605           2.171          -2.289         -19.017          267.505
  127 (vir)          248.605           2.171          -2.289         -19.017          267.505
  128 (vir)          254.797           3.684          -4.234         -23.053          277.299
  129 (vir)          256.669           2.453          -2.436         -19.678          276.364
  130 (vir)          256.671           2.453          -2.436         -19.676          276.364
  131 (vir)          261.677           2.194          -3.534         -21.559          281.896
  132 (vir)          265.910           6.520          -6.312         -24.422          290.541
  133 (vir)          275.048           1.108          -3.031         -21.000          294.126
  134 (vir)          275.048           1.108          -3.031         -21.000          294.126
  135 (vir)          281.883           3.136          -2.807         -20.711          302.923
  136 (vir)          281.883           3.136          -2.807         -20.711          302.923
  137 (vir)          283.551           2.848          -2.770         -20.764          304.393
  138 (vir)          283.554           2.848          -2.770         -20.761          304.393
  139 (vir)          287.439           4.647          -3.184         -21.535          310.437
  140 (vir)          292.442           0.988          -3.485         -23.103          313.048
  141 (vir)          292.442           0.988          -3.485         -23.103          313.048
  142 (vir)          292.940           5.270          -3.494         -23.146          317.861
  143 (vir)          292.940           5.270          -3.494         -23.146          317.861
  144 (vir)          298.932           2.825          -3.210         -22.471          321.017
  145 (vir)          298.932           2.825          -3.210         -22.470          321.017
  146 (vir)          308.451           1.444          -3.255         -22.814          329.455
  147 (vir)          308.451           1.445          -3.255         -22.814          329.455
  148 (vir)          313.181           5.110          -3.298         -23.049          338.042
  149 (vir)          313.181           5.110          -3.298         -23.049          338.042
  150 (vir)          317.930           5.022          -4.658         -25.181          343.474
  151 (vir)          318.805          12.523          -4.455         -25.728          352.601
  152 (vir)          318.805          12.515          -4.454         -25.728          352.594
  153 (vir)          323.783           0.454          -3.133         -22.804          343.908
  154 (vir)          323.783           0.454          -3.133         -22.804          343.908
  155 (vir)          324.399           4.629          -4.781         -24.564          348.811
  156 (vir)          330.855           2.875          -3.935         -24.718          354.514
  157 (vir)          330.856           2.875          -3.935         -24.718          354.514
  158 (vir)          357.047           1.395          -3.697         -24.652          379.398
  159 (vir)          357.047           1.395          -3.697         -24.652          379.398
  160 (vir)          370.400           4.862          -8.212         -30.215          397.265
  161 (vir)          376.915           3.591          -7.091         -29.035          402.450
  162 (vir)          392.562           3.984          -6.539         -28.392          418.399
  163 (vir)          399.723           4.249          -6.154         -28.561          426.379
  164 (vir)          402.211           2.381          -3.382         -24.343          425.552
  165 (vir)          402.211           2.382          -3.382         -24.343          425.553
  166 (vir)          806.508           1.365         -12.335         -45.703          841.241
  167 (vir)         1300.430           1.406         -18.007         -62.244         1346.074
  168 (vir)         1300.679           1.474         -18.012         -62.281         1346.422
  169 (vir)         4038.653           1.400         -14.593         -94.424         4119.884
  170 (vir)         6867.904           1.307         -20.619        -126.362         6974.954
  171 (vir)         6868.599           1.285         -20.617        -126.356         6975.623
