 
  kpoint:     0.0000    0.0000    0.0000
 
    n          ϵ_nk^DFT (eV)     Σ^c_nk (eV)     Σ^x_nk (eV)     v_n^xc (eV)   ϵ_nk^G0W0 (eV)
 
    1 (occ)        -3505.563           2.144        -338.670        -210.463        -3631.625
    2 (occ)        -3505.563           2.144        -338.670        -210.463        -3631.625
    3 (occ)         -350.419           2.569        -112.602         -69.416         -391.036
    4 (occ)         -350.419           2.569        -112.602         -69.416         -391.036
    5 (occ)         -279.896           1.288        -105.118         -72.038         -311.689
    6 (occ)         -279.896           1.273        -105.118         -72.038         -311.704
    7 (occ)         -279.894           1.328        -105.119         -72.039         -311.647
    8 (occ)         -279.894           1.328        -105.119         -72.039         -311.647
    9 (occ)         -279.894           1.316        -105.119         -72.039         -311.658
   10 (occ)         -279.894           1.316        -105.119         -72.039         -311.658
   11 (occ)          -34.688           7.509         -35.736         -23.510          -39.405
   12 (occ)          -34.681           8.656         -35.750         -23.524          -38.251
   13 (occ)          -18.518           2.284         -27.582         -20.763          -23.053
   14 (occ)          -18.484           2.137         -27.669         -20.859          -23.157
   15 (occ)          -18.484           2.137         -27.669         -20.859          -23.157
   16 (occ)          -18.473           2.221         -27.691         -20.888          -23.055
   17 (occ)          -18.473           2.221         -27.691         -20.888          -23.055
   18 (occ)          -18.423           2.162         -27.767         -20.973          -23.054
   19 (occ)           -2.564          -0.501          -5.528          -4.622           -3.970
   20 (vir)           -1.609          -1.070          -1.557          -3.587           -0.650
   21 (vir)           -0.979          -1.013          -1.099          -3.062           -0.028
   22 (vir)           -0.979          -1.013          -1.099          -3.062           -0.028
   23 (vir)           -0.624          -1.484          -0.987          -2.883           -0.211
   24 (vir)           -0.237          -1.257          -0.507          -2.220            0.220
   25 (vir)           -0.237          -1.257          -0.507          -2.220            0.220
   26 (vir)            0.206          -0.927          -0.491          -1.885            0.674
   27 (vir)            0.281          -1.152          -0.976          -2.977            1.131
   28 (vir)            0.525          -1.104          -1.062          -3.477            1.836
   29 (vir)            0.525          -1.104          -1.062          -3.477            1.836
   30 (vir)            0.804           0.989          -1.262          -4.415            4.946
   31 (vir)            0.804           0.989          -1.262          -4.415            4.946
   32 (vir)            0.911          -0.925          -0.741          -2.325            1.570
   33 (vir)            0.927          -0.578          -0.577          -2.360            2.132
   34 (vir)            1.147          -0.322          -0.915          -3.121            3.030
   35 (vir)            1.147          -0.322          -0.915          -3.121            3.030
   36 (vir)            1.293          -0.803          -0.523          -1.965            1.932
   37 (vir)            1.293          -0.803          -0.523          -1.965            1.932
   38 (vir)            1.599          -3.027          -1.601          -5.055            2.025
   39 (vir)            1.599          -3.027          -1.601          -5.055            2.025
   40 (vir)            1.801          -1.984          -1.926          -5.279            3.170
   41 (vir)            1.860          -0.821          -0.842          -2.720            2.917
   42 (vir)            2.810          -0.510          -2.155          -6.101            6.246
   43 (vir)            2.810          -0.510          -2.155          -6.101            6.246
   44 (vir)            3.745          -0.852          -1.597          -4.367            5.663
   45 (vir)            4.583          -0.217          -0.921          -3.474            6.919
   46 (vir)            4.707          -0.853          -0.910          -3.390            6.334
   47 (vir)            4.707          -0.853          -0.910          -3.390            6.334
   48 (vir)            5.221          -0.438          -1.010          -3.533            7.306
   49 (vir)            5.221          -0.438          -1.010          -3.533            7.306
   50 (vir)            5.479           0.120          -4.394          -9.938           11.144
   51 (vir)            5.479           0.120          -4.394          -9.938           11.144
   52 (vir)            5.706          -0.786          -1.418          -4.583            8.085
   53 (vir)            5.879          -1.239          -4.007          -9.208            9.841
   54 (vir)            5.879          -1.239          -4.007          -9.208            9.841
   55 (vir)            5.909          -0.078          -4.066          -9.377           11.141
   56 (vir)            5.909          -0.078          -4.066          -9.377           11.141
   57 (vir)            6.388          -0.926          -3.490          -8.303           10.275
   58 (vir)            6.388          -0.926          -3.490          -8.303           10.275
   59 (vir)            6.438          -0.613          -3.008          -7.471           10.288
   60 (vir)            6.646          -0.652          -1.555          -4.894            9.333
   61 (vir)            6.802          -0.512          -3.256          -8.148           11.183
   62 (vir)            7.851          -0.997          -1.986          -5.491           10.359
   63 (vir)           16.488          -1.493          -3.287          -9.099           20.807
   64 (vir)           16.860          -1.708          -3.732          -9.496           20.915
   65 (vir)           16.860          -1.708          -3.732          -9.496           20.915
   66 (vir)           17.139          -1.663          -3.877          -9.674           21.273
   67 (vir)           17.199          -1.649          -3.692          -9.314           21.171
   68 (vir)           17.199          -1.649          -3.692          -9.314           21.171
   69 (vir)           19.324          -2.049          -1.978          -8.029           23.326
   70 (vir)           19.324          -2.049          -1.978          -8.029           23.326
   71 (vir)           19.967          -2.227          -3.855         -10.798           24.683
   72 (vir)           20.549          -2.179          -1.178          -6.900           24.092
   73 (vir)           20.549          -2.179          -1.178          -6.900           24.092
   74 (vir)           20.909          -2.294          -0.997          -6.596           24.213
   75 (vir)           20.909          -2.294          -0.997          -6.596           24.213
   76 (vir)           20.974          -2.306          -0.993          -6.598           24.273
   77 (vir)           20.974          -2.306          -0.993          -6.598           24.273
   78 (vir)           21.144          -2.592          -4.279         -11.791           26.064
   79 (vir)           21.144          -2.592          -4.279         -11.791           26.064
   80 (vir)           21.296          -2.430          -1.821          -7.990           25.035
   81 (vir)           21.296          -2.430          -1.821          -7.990           25.035
   82 (vir)           21.413          -2.584          -3.560         -10.685           25.954
   83 (vir)           21.413          -2.584          -3.560         -10.685           25.954
   84 (vir)           21.508          -2.572          -3.557         -10.643           26.022
   85 (vir)           21.508          -2.572          -3.557         -10.643           26.022
   86 (vir)           22.154          -2.542          -3.562         -10.699           26.749
   87 (vir)           22.154          -2.542          -3.562         -10.699           26.749
   88 (vir)           22.567          -2.488          -2.349          -8.758           26.488
   89 (vir)           22.786          -2.683          -2.815          -9.487           26.775
   90 (vir)           23.394          -2.684          -1.752          -8.065           27.022
   91 (vir)           23.394          -2.684          -1.752          -8.065           27.022
   92 (vir)           26.880          -2.451          -2.893          -9.540           31.076
   93 (vir)           28.034          -0.962          -4.355         -10.984           33.702
   94 (vir)           32.088          -0.109          -3.605         -10.552           38.927
   95 (vir)           76.979           0.952          -5.074         -18.647           91.504
   96 (vir)           76.979           0.952          -5.074         -18.647           91.504
   97 (vir)           77.034           0.828          -5.072         -18.658           91.448
   98 (vir)           77.152           0.965          -5.057         -18.588           91.649
   99 (vir)           77.152           0.965          -5.057         -18.588           91.649
  100 (vir)           77.416           0.969          -5.039         -18.555           91.902
  101 (vir)           77.416           0.969          -5.039         -18.555           91.902
  102 (vir)           78.231           1.226          -4.987         -18.494           92.965
  103 (vir)           78.231           1.226          -4.987         -18.494           92.965
  104 (vir)           80.826           1.163          -4.845         -18.219           95.363
  105 (vir)          108.020          -0.347          -8.804         -21.760          120.629
  106 (vir)          110.004          -0.155          -8.710         -21.662          122.802
  107 (vir)          384.578          -0.452         -16.142         -39.935          407.918
  108 (vir)          386.362          -0.436         -16.103         -39.909          409.732
  109 (vir)         1336.446          -0.607         -31.173         -78.490         1383.155
  110 (vir)         1338.162          -0.606         -31.152         -78.474         1384.878
  111 (vir)         9280.103          -1.206         -70.568        -213.805         9422.134
  112 (vir)         9283.103          -1.206         -70.560        -213.812         9425.148
