 
  kpoint:     0.0000    0.0000    0.0000
 
    n          ϵ_nk^DFT (eV)     Σ^c_nk (eV)     Σ^x_nk (eV)     v_n^xc (eV)   ϵ_nk^G0W0 (eV)
 
    1 (occ)         -510.263          -2.502        -132.564         -83.736         -561.593
    2 (occ)         -270.038          12.354         -96.851         -61.531         -293.004
    3 (occ)          -25.487           7.332         -32.894         -21.276          -29.773
    4 (occ)          -16.901           3.742         -25.118         -16.923          -21.354
    5 (occ)          -12.550           1.831         -23.756         -17.474          -17.002
    6 (occ)          -10.626           1.592         -21.010         -15.041          -15.002
    7 (occ)          -10.320           1.408         -22.074         -16.355          -14.630
    8 (occ)           -7.994           1.492         -23.561         -17.698          -12.365
    9 (occ)           -6.302           1.962         -24.901         -18.689          -10.552
   10 (vir)           -0.102          -1.056          -2.394          -5.788            2.237
   11 (vir)            0.766          -1.047          -2.512          -5.835            3.041
   12 (vir)            1.926          -1.078          -2.263          -5.640            4.226
   13 (vir)            1.989          -0.991          -1.942          -5.176            4.231
   14 (vir)            2.548          -1.094          -2.484          -5.963            4.933
   15 (vir)            3.349          -0.819          -1.464          -4.459            5.525
   16 (vir)            3.598          -0.771          -1.411          -4.344            5.760
   17 (vir)            5.771          -2.495          -5.118         -10.643            8.800
   18 (vir)            6.464          -1.559          -3.144          -7.410            9.172
   19 (vir)            7.159          -1.277          -2.451          -6.450            9.880
   20 (vir)            7.307          -1.735          -3.275          -7.904           10.201
   21 (vir)            8.266          -1.860          -3.108          -7.630           10.928
   22 (vir)            8.625          -2.113          -4.090          -9.126           11.548
   23 (vir)            8.818          -1.946          -3.272          -7.880           11.480
   24 (vir)            9.622          -1.696          -2.103          -6.432           12.255
   25 (vir)           10.079          -2.116          -2.504          -6.900           12.360
   26 (vir)           12.008          -1.683          -2.159          -6.894           15.060
   27 (vir)           12.849          -1.808          -2.055          -6.823           15.809
   28 (vir)           13.738          -1.764          -1.790          -6.619           16.802
   29 (vir)           15.735          -2.348          -2.365          -7.422           18.444
   30 (vir)           16.887          -2.492          -2.339          -7.607           19.664
   31 (vir)           17.353          -2.196          -1.225          -6.351           20.282
   32 (vir)           17.640          -3.325          -3.167          -9.372           20.520
   33 (vir)           18.869          -2.646          -1.948          -7.398           21.672
   34 (vir)           19.210          -2.132          -1.314          -6.444           22.207
   35 (vir)           20.033          -2.386          -1.016          -6.007           22.637
   36 (vir)           20.819          -2.471          -1.549          -6.760           23.559
   37 (vir)           21.352          -2.067          -2.191          -7.384           24.479
   38 (vir)           22.600          -2.703          -2.045          -7.745           25.597
   39 (vir)           23.718          -2.523          -2.346          -7.930           26.779
   40 (vir)           24.440          -2.560          -1.948          -7.412           27.343
   41 (vir)           25.026          -2.442          -1.886          -7.453           28.150
   42 (vir)           25.161          -2.932          -1.695          -7.191           27.725
   43 (vir)           27.360          -2.216          -1.450          -6.953           30.648
   44 (vir)           27.704          -3.048          -2.358          -8.780           31.078
   45 (vir)           27.922          -0.666          -1.010          -6.277           32.523
   46 (vir)           28.282          -2.989          -1.884          -7.727           31.136
   47 (vir)           30.142          -1.574          -1.648          -7.580           34.500
   48 (vir)           31.902          -3.048          -2.070          -8.345           35.129
   49 (vir)           34.487          -3.413          -3.793         -11.363           38.645
   50 (vir)           34.829          -3.562          -3.136         -10.255           38.386
   51 (vir)           35.930          -3.379          -3.154         -10.167           39.563
   52 (vir)           36.524          -3.970          -1.817          -8.148           38.884
   53 (vir)           36.609          -3.482          -1.714          -7.751           39.164
   54 (vir)           37.227          -3.362          -3.064         -10.521           41.321
   55 (vir)           44.127          -1.978          -2.753         -10.912           50.308
   56 (vir)           45.209          -3.821          -3.161         -11.445           49.673
   57 (vir)           45.729          -4.901          -3.350         -11.897           49.375
   58 (vir)           46.863           2.115          -2.445         -10.442           56.975
   59 (vir)           47.142          -0.148          -2.024          -9.933           54.903
   60 (vir)           47.972          -3.304          -2.377         -10.523           52.815
   61 (vir)           48.675          -4.060          -3.083         -12.064           53.596
   62 (vir)           49.104          -1.724          -2.233         -10.648           55.795
   63 (vir)           49.551          -2.775          -2.274         -10.537           55.039
   64 (vir)           51.227          -2.196          -1.939         -10.137           57.230
   65 (vir)           51.999           1.738          -2.516         -11.099           62.320
   66 (vir)           53.828          -5.050          -2.545         -11.244           57.477
   67 (vir)           55.500          -2.178          -1.491          -9.570           61.402
   68 (vir)           56.249          -1.933          -1.788         -10.085           62.613
   69 (vir)           56.341          -2.292          -1.462          -9.567           62.154
   70 (vir)           57.022           0.831          -1.775         -10.179           66.257
   71 (vir)           57.982          -3.587          -1.690          -9.722           62.426
   72 (vir)           58.676          -2.484          -1.435          -9.493           64.250
   73 (vir)           60.360          -2.126          -1.928         -10.622           66.927
   74 (vir)           60.511           2.809          -1.519          -9.518           71.318
   75 (vir)           61.953          -2.658          -1.943         -10.661           68.013
   76 (vir)           63.784          -2.164          -1.129          -8.908           69.398
   77 (vir)           65.613           3.360          -1.461          -9.460           76.972
   78 (vir)           66.608           0.135          -1.620          -9.882           75.006
   79 (vir)           66.960           3.892          -2.210         -10.959           79.602
   80 (vir)           67.612          -4.268          -1.705         -10.267           71.907
   81 (vir)           68.703          -4.286          -1.611          -9.972           72.778
   82 (vir)           68.808           4.910          -1.364          -9.368           81.722
   83 (vir)           71.561         -11.226          -1.343          -9.524           68.516
   84 (vir)           72.031          -1.089          -1.594          -9.940           79.288
   85 (vir)           73.660           3.036          -1.580          -9.950           85.065
   86 (vir)           74.035          -2.944          -2.215         -11.261           80.136
   87 (vir)           75.465          -4.379          -1.413          -9.714           79.386
   88 (vir)           76.161          -0.926          -1.237          -9.619           83.618
   89 (vir)           76.368          -1.278          -1.416         -10.127           83.801
   90 (vir)           77.262          -2.650          -0.918          -8.946           82.640
   91 (vir)           78.902           4.172          -2.184         -11.293           92.184
   92 (vir)           79.484           3.366          -1.932         -11.177           92.095
   93 (vir)           80.634           1.692          -1.551         -10.596           91.371
   94 (vir)           83.144          -1.453          -1.716         -10.833           90.808
   95 (vir)           83.284          -1.651          -2.641         -12.663           91.655
   96 (vir)           83.903           0.155          -1.948         -11.575           93.685
   97 (vir)           87.079          -0.107          -1.476         -10.548           96.044
   98 (vir)           87.117           4.185          -2.131         -11.812          100.983
   99 (vir)           88.734          -1.220          -1.951         -11.851           97.413
  100 (vir)           89.849          -6.224          -2.925         -13.719           94.418
  101 (vir)           93.726           2.190          -2.831         -13.439          106.523
  102 (vir)           95.279           1.040          -2.137         -12.045          106.227
  103 (vir)           99.593          -2.447          -3.171         -14.972          108.946
  104 (vir)          100.638          -5.165          -2.122         -12.775          106.126
  105 (vir)          101.496          -5.473          -1.715         -11.932          106.239
  106 (vir)          102.916          -2.562          -3.316         -15.256          112.294
  107 (vir)          102.986          -2.835          -3.277         -14.954          111.827
  108 (vir)          104.077           4.574          -2.677         -14.302          120.276
  109 (vir)          106.573           0.489          -3.079         -14.947          118.930
  110 (vir)          108.858           5.014          -2.520         -14.180          125.533
  111 (vir)          109.176          -5.534          -2.462         -14.349          115.528
  112 (vir)          110.010          -5.473          -3.048         -15.087          116.575
  113 (vir)          112.172          -2.359          -3.547         -16.007          122.274
  114 (vir)          117.968           6.523          -3.594         -16.471          137.368
  115 (vir)          118.019          -1.856          -2.924         -15.267          128.507
  116 (vir)          118.381          -0.555          -3.586         -16.220          130.460
  117 (vir)          119.077           8.242          -4.102         -17.467          140.683
  118 (vir)          125.186           3.825          -3.015         -15.456          141.453
  119 (vir)          135.432           2.778          -3.433         -16.516          151.293
  120 (vir)          137.195          -0.896          -5.276         -20.289          151.311
  121 (vir)          141.880          -8.516          -4.492         -19.553          148.425
  122 (vir)          143.198          -6.595          -1.958         -14.567          149.212
  123 (vir)          143.317           1.537          -1.702         -14.136          157.287
  124 (vir)          144.093          -4.081          -2.370         -15.362          153.005
  125 (vir)          145.269           0.451          -3.022         -16.863          159.562
  126 (vir)          148.829          -0.490          -1.730         -14.309          160.918
  127 (vir)          151.671           1.487          -1.889         -14.969          166.236
  128 (vir)          152.287          -4.010          -1.601         -13.792          160.468
  129 (vir)          153.687           2.378          -1.635         -13.739          168.169
  130 (vir)          155.018           2.264          -1.364         -13.262          169.181
  131 (vir)          155.773           1.204          -1.077         -12.254          168.154
  132 (vir)          157.436           0.212          -1.403         -13.111          169.356
  133 (vir)          159.344           2.111          -0.745         -11.313          172.022
  134 (vir)          160.524          -1.540          -2.145         -15.244          172.083
  135 (vir)          161.822           1.010          -1.441         -13.575          174.966
  136 (vir)          163.458           1.421          -1.553         -14.261          177.588
  137 (vir)          164.968           3.017          -1.737         -14.462          180.709
  138 (vir)          165.376          -1.638          -1.238         -12.850          175.350
  139 (vir)          165.508           0.918          -1.146         -12.640          177.920
  140 (vir)          166.166          -1.970          -1.537         -13.831          176.491
  141 (vir)          166.745           1.946          -1.519         -13.786          180.958
  142 (vir)          169.205           1.688          -1.508         -13.726          183.111
  143 (vir)          170.162          -0.267          -1.432         -13.961          182.425
  144 (vir)          170.883           1.643          -1.389         -13.649          184.787
  145 (vir)          172.763           1.162          -1.610         -14.433          186.747
  146 (vir)          174.814           0.989          -1.506         -14.055          188.352
  147 (vir)          175.882           1.441          -1.768         -14.903          190.459
  148 (vir)          178.038           0.974          -1.960         -15.083          192.136
  149 (vir)          181.272           0.366          -1.772         -15.143          195.010
  150 (vir)          181.449           1.679          -1.874         -15.533          196.787
  151 (vir)          181.712           1.329          -1.349         -13.721          195.413
  152 (vir)          184.503           2.493          -2.105         -15.056          199.948
  153 (vir)          186.326           2.516          -2.547         -15.862          202.156
  154 (vir)          188.678           2.129          -0.978         -12.717          202.546
  155 (vir)          193.584           2.756          -1.367         -13.723          208.696
  156 (vir)          194.029           0.789          -1.211         -13.449          207.056
  157 (vir)          195.985           1.717          -1.247         -13.427          209.881
  158 (vir)          196.719         -16.948          -1.235         -14.132          192.668
  159 (vir)          197.701           2.484          -1.792         -14.658          213.051
  160 (vir)          198.280           2.753          -1.856         -14.978          214.155
  161 (vir)          199.394           1.773          -1.193         -13.781          213.755
  162 (vir)          200.630           2.133          -1.110         -13.155          214.808
  163 (vir)          200.928           2.937          -2.217         -15.807          217.454
  164 (vir)          201.495           2.029          -1.137         -13.682          216.069
  165 (vir)          204.499           3.362          -1.357         -14.250          220.754
  166 (vir)          204.839           9.127          -1.106         -13.261          226.121
  167 (vir)          205.211           0.565          -0.936         -12.917          217.756
  168 (vir)          206.555           1.736          -0.946         -12.930          220.275
  169 (vir)          207.792           1.719          -1.236         -13.488          221.763
  170 (vir)          209.083           3.329          -0.801         -12.237          223.848
  171 (vir)          209.547           3.628          -0.836         -12.181          224.520
  172 (vir)          210.873           2.619          -1.164         -13.531          225.860
  173 (vir)          212.107           2.363          -3.238         -17.665          228.897
  174 (vir)          214.990           1.690          -1.048         -12.832          228.464
  175 (vir)          216.148           2.058          -0.858         -12.729          230.078
  176 (vir)          218.200           2.407          -1.398         -14.583          233.792
  177 (vir)          221.380           2.927          -1.692         -15.511          238.126
  178 (vir)          222.301           1.631          -1.715         -15.357          237.574
  179 (vir)          222.473           2.805          -1.665         -15.533          239.145
  180 (vir)          223.416           4.004          -1.254         -14.508          240.673
  181 (vir)          224.495           1.856          -2.314         -17.112          241.149
  182 (vir)          225.047           2.220          -0.952         -13.510          239.825
  183 (vir)          225.095           2.158          -0.959         -13.401          239.694
  184 (vir)          226.438           1.795          -0.963         -13.578          240.847
  185 (vir)          227.206           2.767          -0.856         -12.739          241.857
  186 (vir)          229.577           1.315          -1.651         -15.011          244.253
  187 (vir)          232.184           2.820          -1.751         -15.643          248.896
  188 (vir)          233.491           1.589          -1.476         -15.061          248.666
  189 (vir)          233.720           2.073          -1.297         -14.475          248.970
  190 (vir)          235.102           1.576          -1.417         -15.236          250.497
  191 (vir)          238.228           1.368          -1.100         -13.987          252.483
  192 (vir)          238.592           1.143          -1.166         -14.208          252.777
  193 (vir)          239.806           1.015          -1.371         -14.905          254.356
  194 (vir)          240.424           1.685          -1.044         -13.940          255.004
  195 (vir)          243.833           1.051          -1.724         -16.229          259.389
  196 (vir)          250.057           3.674          -1.953         -17.553          269.331
  197 (vir)          253.846           2.700          -2.043         -17.827          272.330
  198 (vir)          257.852           2.376          -1.688         -16.716          275.256
  199 (vir)          257.942           2.592          -1.917         -17.452          276.070
  200 (vir)          260.148           2.473          -1.731         -16.761          277.650
  201 (vir)          264.134           2.648          -1.038         -14.532          280.277
  202 (vir)          264.472           2.922          -1.024         -14.496          280.865
  203 (vir)          266.506           1.589          -1.446         -16.396          283.045
  204 (vir)          267.726           2.600          -2.282         -19.090          287.134
  205 (vir)          269.628           1.674          -1.709         -16.660          286.252
  206 (vir)          272.584           1.984          -1.602         -16.629          289.595
  207 (vir)          275.718           2.664          -1.672         -16.833          293.543
  208 (vir)          279.374           1.938          -1.415         -16.493          296.390
  209 (vir)          280.216           2.323          -2.495         -19.360          299.403
  210 (vir)          284.710           1.971          -1.497         -16.894          302.079
  211 (vir)          289.490           2.773          -2.390         -19.130          309.003
  212 (vir)          293.210           2.237          -2.774         -20.626          313.299
  213 (vir)          304.596           2.894          -2.797         -20.823          325.516
  214 (vir)          305.868           2.539          -3.352         -22.823          327.878
  215 (vir)          306.651           3.210          -3.091         -21.962          328.731
  216 (vir)          312.378           1.756          -1.658         -17.288          329.763
  217 (vir)          313.655           1.968          -2.598         -20.528          333.553
  218 (vir)          316.500           2.144          -2.801         -20.616          336.457
  219 (vir)          317.148           2.058          -3.190         -22.461          338.477
  220 (vir)          319.764           0.646          -2.279         -19.283          337.414
  221 (vir)          323.469           2.067          -2.949         -21.917          344.504
  222 (vir)          330.509           1.303          -3.442         -22.908          351.278
  223 (vir)          336.165           2.315          -4.202         -25.322          359.599
  224 (vir)          340.006           4.729          -4.663         -24.961          365.034
  225 (vir)          350.653           1.936          -3.956         -24.487          373.121
  226 (vir)          355.867           2.516          -3.005         -20.097          375.475
  227 (vir)          376.382           2.510          -3.031         -22.631          398.493
  228 (vir)          380.832           3.600          -4.084         -24.243          404.591
  229 (vir)          385.729           2.804          -5.688         -26.951          409.796
  230 (vir)          452.132           2.285          -4.121         -24.309          474.605
  231 (vir)          779.283           1.173         -12.520         -45.590          813.526
  232 (vir)         1305.417           0.817         -17.937         -62.190         1350.487
  233 (vir)         4009.827           1.095         -14.674         -94.446         4090.695
  234 (vir)         6872.802           0.095         -20.580        -126.319         6978.637
