 
  kpoint:     0.0000    0.0000    0.0000
 
    n          ϵ_nk^DFT (eV)     Σ^c_nk (eV)     Σ^x_nk (eV)     v_n^xc (eV)   ϵ_nk^G0W0 (eV)
 
    1 (occ)          -50.893           0.753         -44.674         -28.901          -65.912
    2 (occ)          -50.881           0.769         -44.697         -28.921          -65.888
    3 (occ)           -3.224          -0.067          -7.030          -5.350           -4.971
    4 (vir)           -1.787          -1.207          -1.211          -3.563           -0.643
    5 (vir)           -1.298          -1.281          -1.085          -3.681            0.017
    6 (vir)           -1.298          -1.281          -1.085          -3.681            0.017
    7 (vir)           -0.889          -1.832          -0.946          -3.580           -0.087
    8 (vir)            0.062          -1.613          -0.319          -2.392            0.521
    9 (vir)            0.062          -1.613          -0.319          -2.392            0.521
   10 (vir)            0.661          -0.460          -0.277          -1.365            1.289
   11 (vir)            0.676          -0.728          -0.378          -1.930            1.499
   12 (vir)            1.093          -0.955          -0.354          -2.144            1.928
   13 (vir)            1.093          -0.955          -0.354          -2.144            1.928
   14 (vir)            1.157          -0.821          -0.335          -2.013            2.014
   15 (vir)            1.838          -0.718          -0.129          -1.485            2.475
   16 (vir)            1.928          -0.719          -0.354          -2.560            3.415
   17 (vir)            1.928          -0.719          -0.354          -2.560            3.415
   18 (vir)            2.942          -0.281          -0.398          -3.317            5.580
   19 (vir)            2.942          -0.281          -0.398          -3.317            5.580
   20 (vir)            3.432          -0.580          -0.525          -2.935            5.262
   21 (vir)            4.049          -0.473          -0.320          -3.135            6.391
   22 (vir)            4.049          -0.473          -0.320          -3.135            6.391
   23 (vir)            4.774          -2.835          -0.201          -2.936            4.674
   24 (vir)            4.774          -2.835          -0.201          -2.936            4.674
   25 (vir)            5.061          -0.639          -0.737          -3.578            7.263
   26 (vir)            6.427          -0.225          -0.756          -3.693            9.139
   27 (vir)            6.913           0.001          -0.157          -2.717            9.474
   28 (vir)            6.913           0.001          -0.157          -2.717            9.474
   29 (vir)            7.168          -0.381          -0.825          -3.790            9.752
   30 (vir)            7.661          -0.667          -0.647          -3.651            9.998
   31 (vir)            8.021          -0.678          -0.864          -5.143           11.621
   32 (vir)            8.021          -0.678          -0.864          -5.143           11.621
   33 (vir)            8.382          -0.892          -0.785          -4.810           11.515
   34 (vir)            8.382          -0.892          -0.785          -4.810           11.515
   35 (vir)            9.475          -0.257          -0.591          -4.511           13.137
   36 (vir)           11.139          -0.474          -0.254          -3.916           14.327
   37 (vir)           11.139          -0.474          -0.254          -3.916           14.327
   38 (vir)           11.336          -0.100          -0.753          -4.442           14.926
   39 (vir)           11.666          -0.362          -0.326          -4.151           15.130
   40 (vir)           11.666          -0.362          -0.326          -4.151           15.130
   41 (vir)           13.441          -0.103          -0.176          -3.726           16.888
   42 (vir)           13.441          -0.103          -0.176          -3.726           16.888
   43 (vir)           14.409          -0.221          -0.535          -5.033           18.686
   44 (vir)           14.409          -0.221          -0.535          -5.033           18.686
   45 (vir)           16.813           0.153          -0.133          -3.571           20.404
   46 (vir)           16.813           0.153          -0.133          -3.571           20.404
   47 (vir)           17.317           0.011          -0.200          -3.520           20.648
   48 (vir)           17.317           0.500          -0.200          -3.520           21.137
   49 (vir)           17.979          -0.022          -0.303          -4.691           22.344
   50 (vir)           17.979          -0.022          -0.303          -4.691           22.344
   51 (vir)           18.020          -0.260          -0.393          -4.824           22.190
   52 (vir)           19.043           0.206          -0.318          -4.820           23.751
   53 (vir)           19.043           0.206          -0.318          -4.820           23.751
   54 (vir)           19.176           0.259          -0.763          -5.287           23.959
   55 (vir)           19.227           0.192          -0.226          -4.181           23.374
   56 (vir)           19.227           0.192          -0.226          -4.181           23.374
   57 (vir)           22.843           0.185          -0.761          -5.171           27.439
   58 (vir)           23.699           0.275          -0.396          -5.187           28.765
   59 (vir)           23.699           0.275          -0.396          -5.187           28.765
   60 (vir)           26.520          -0.056          -0.579          -5.480           31.366
   61 (vir)           37.543           0.174          -4.023         -11.441           45.135
   62 (vir)           37.960           0.112          -3.861         -11.091           45.302
   63 (vir)          147.051           0.112          -7.592         -24.693          164.264
   64 (vir)          147.051           0.112          -7.592         -24.693          164.264
   65 (vir)          148.129           0.083          -7.537         -24.643          165.318
   66 (vir)          148.129           0.083          -7.537         -24.643          165.318
   67 (vir)          152.606           0.115          -7.362         -24.372          169.730
   68 (vir)          156.433           0.113          -7.208         -24.344          173.683
   69 (vir)          243.546           0.535          -8.784         -31.042          266.339
   70 (vir)          244.368           0.536          -8.769         -31.038          267.172
