 
  kpoint:     0.0000    0.0000    0.0000
 
    n          ϵ_nk^DFT (eV)     Σ^c_nk (eV)     Σ^x_nk (eV)     v_n^xc (eV)   ϵ_nk^G0W0 (eV)
 
    1 (occ)         -268.651          -1.124         -96.867         -61.538         -305.105
    2 (occ)         -268.648          -1.068         -96.856         -61.541         -305.032
    3 (occ)          -18.506           5.073         -24.888         -16.001          -22.319
    4 (occ)          -15.035           3.506         -23.328         -15.647          -19.209
    5 (occ)          -10.510           1.327         -19.516         -13.988          -14.711
    6 (occ)          -10.510           1.327         -19.515         -13.988          -14.710
    7 (occ)           -8.837           0.817         -19.752         -15.132          -12.640
    8 (occ)           -8.157           0.683         -19.181         -14.306          -12.348
    9 (occ)           -8.156           0.683         -19.181         -14.306          -12.347
   10 (vir)            0.213          -0.997          -1.851          -4.908            2.273
   11 (vir)            0.984          -0.893          -1.659          -4.503            2.934
   12 (vir)            1.695          -1.019          -1.808          -4.914            3.783
   13 (vir)            1.696          -1.019          -1.808          -4.915            3.783
   14 (vir)            2.248          -0.991          -1.667          -4.809            4.399
   15 (vir)            2.248          -0.990          -1.667          -4.809            4.400
   16 (vir)            3.231          -0.894          -1.230          -4.196            5.303
   17 (vir)            3.758          -0.840          -1.189          -4.086            5.815
   18 (vir)            3.758          -0.840          -1.189          -4.086            5.815
   19 (vir)            3.931          -1.363          -2.581          -6.362            6.348
   20 (vir)            4.427          -1.236          -2.191          -5.755            6.755
   21 (vir)            4.428          -1.236          -2.191          -5.755            6.755
   22 (vir)            7.759          -1.765          -2.840          -7.005           10.159
   23 (vir)            7.759          -1.765          -2.840          -7.005           10.159
   24 (vir)            7.845          -2.882          -5.207         -10.793           10.548
   25 (vir)            8.579          -1.865          -2.887          -7.195           11.023
   26 (vir)            8.615          -2.166          -3.215          -8.003           11.237
   27 (vir)            8.616          -2.166          -3.215          -8.003           11.238
   28 (vir)            8.696          -1.916          -2.829          -7.131           11.082
   29 (vir)           10.706          -2.103          -2.615          -7.665           13.653
   30 (vir)           10.706          -2.103          -2.615          -7.665           13.654
   31 (vir)           11.847          -2.105          -1.590          -6.164           14.316
   32 (vir)           12.183          -2.012          -1.349          -5.630           14.452
   33 (vir)           14.790          -2.530          -2.315          -7.572           17.516
   34 (vir)           14.790          -2.530          -2.315          -7.572           17.516
   35 (vir)           15.619          -2.452          -2.604          -7.755           18.319
   36 (vir)           16.405          -2.416          -1.114          -6.148           19.023
   37 (vir)           17.114          -2.459          -2.502          -7.593           19.746
   38 (vir)           17.114          -2.460          -2.502          -7.593           19.746
   39 (vir)           17.985          -2.570          -1.609          -6.894           20.700
   40 (vir)           17.985          -2.570          -1.609          -6.894           20.700
   41 (vir)           18.856          -2.481          -1.078          -6.236           21.532
   42 (vir)           20.012          -2.788          -1.391          -6.837           22.670
   43 (vir)           20.012          -2.788          -1.391          -6.837           22.670
   44 (vir)           20.573          -4.587          -3.145         -10.111           22.952
   45 (vir)           21.527          -2.195          -1.937          -7.376           24.771
   46 (vir)           21.527          -2.194          -1.937          -7.376           24.772
   47 (vir)           21.940          -2.272          -0.911          -6.042           24.800
   48 (vir)           22.812          -3.149          -1.642          -7.158           25.180
   49 (vir)           23.150          -3.036          -2.086          -7.710           25.737
   50 (vir)           23.150          -3.037          -2.086          -7.710           25.738
   51 (vir)           24.567          -2.085          -1.815          -7.022           27.689
   52 (vir)           25.191          -2.939          -1.778          -7.740           28.214
   53 (vir)           25.191          -2.939          -1.778          -7.740           28.214
   54 (vir)           26.211          -3.071          -1.847          -7.540           28.834
   55 (vir)           27.576          -1.963          -1.019          -6.239           30.833
   56 (vir)           27.576          -1.963          -1.019          -6.239           30.833
   57 (vir)           27.907          -2.132          -0.775          -5.814           30.814
   58 (vir)           27.909          -2.132          -0.775          -5.815           30.817
   59 (vir)           29.341          -4.365          -3.040         -10.176           32.112
   60 (vir)           30.646          -2.458          -1.137          -6.484           33.535
   61 (vir)           33.079          -1.925          -0.987          -6.614           36.782
   62 (vir)           33.080          -1.924          -0.987          -6.614           36.783
   63 (vir)           33.407          -2.334          -1.356          -7.350           37.067
   64 (vir)           33.409          -2.334          -1.356          -7.351           37.069
   65 (vir)           36.305          -3.481          -1.008          -6.904           38.719
   66 (vir)           37.724          -3.163          -1.453          -7.672           40.780
   67 (vir)           38.037          -3.398          -1.563          -7.840           40.916
   68 (vir)           38.038          -3.398          -1.563          -7.840           40.917
   69 (vir)           38.077          -2.613          -1.564          -7.786           41.686
   70 (vir)           38.079          -2.613          -1.564          -7.786           41.687
   71 (vir)           45.721          -2.008          -3.353         -12.415           52.774
   72 (vir)           45.732          -1.769          -1.667          -9.467           51.764
   73 (vir)           47.331          -1.886          -2.233         -10.594           53.805
   74 (vir)           47.331          -1.886          -2.233         -10.594           53.806
   75 (vir)           48.508          -2.263          -2.341         -10.639           54.543
   76 (vir)           48.508          -2.262          -2.341         -10.639           54.544
   77 (vir)           49.876          -1.745          -1.939         -10.047           56.239
   78 (vir)           51.722          -2.089          -2.360         -10.594           57.867
   79 (vir)           51.725          -2.090          -2.360         -10.595           57.870
   80 (vir)           52.805          -1.713          -2.193         -10.643           59.542
   81 (vir)           52.806          -1.713          -2.191         -10.641           59.543
   82 (vir)           53.245          -2.507          -2.916         -12.295           60.117
   83 (vir)           53.246          -2.506          -2.917         -12.296           60.119
   84 (vir)           54.108          -2.567          -2.363         -11.272           60.449
   85 (vir)           54.349          -1.520          -1.321          -9.332           60.839
   86 (vir)           54.502          -1.490          -2.095         -10.599           61.516
   87 (vir)           54.504          -1.489          -2.095         -10.599           61.520
   88 (vir)           55.404          -4.751          -2.451         -11.622           59.823
   89 (vir)           56.352          -4.790          -2.388         -10.700           59.874
   90 (vir)           56.662          -8.351          -2.589         -11.137           56.859
   91 (vir)           57.759          -2.388          -1.851         -10.449           63.970
   92 (vir)           57.761          -2.388          -1.852         -10.450           63.972
   93 (vir)           57.978          -0.047          -1.035          -8.816           65.712
   94 (vir)           57.980          -0.049          -1.034          -8.815           65.712
   95 (vir)           58.147          -0.963          -1.936         -10.450           65.697
   96 (vir)           58.603          -1.482          -0.922          -8.641           64.839
   97 (vir)           63.198          -1.698          -1.265          -9.311           69.546
   98 (vir)           63.200          -1.699          -1.265          -9.311           69.547
   99 (vir)           65.320          -5.092          -1.895         -10.374           68.707
  100 (vir)           66.289          -1.658          -1.322          -9.607           72.917
  101 (vir)           66.290          -1.658          -1.322          -9.607           72.917
  102 (vir)           67.799          -0.630          -1.352          -9.592           75.409
  103 (vir)           67.799          -0.630          -1.352          -9.592           75.409
  104 (vir)           68.308          -2.761          -1.228          -9.347           73.667
  105 (vir)           68.310          -2.761          -1.228          -9.347           73.669
  106 (vir)           70.260          -4.175          -0.991          -8.912           74.006
  107 (vir)           70.336           3.692          -2.067         -10.699           82.660
  108 (vir)           72.193          -3.513          -1.221          -9.576           77.034
  109 (vir)           72.194          -3.514          -1.221          -9.576           77.034
  110 (vir)           73.716           1.215          -2.894         -13.532           85.569
  111 (vir)           73.758          -1.805          -1.378          -9.968           80.542
  112 (vir)           73.759          -1.808          -1.379          -9.968           80.541
  113 (vir)           75.816          -1.610          -0.790          -8.856           82.271
  114 (vir)           75.966           1.832          -1.123          -9.311           85.986
  115 (vir)           75.966           1.832          -1.123          -9.312           85.987
  116 (vir)           77.861          -1.397          -0.909          -8.944           84.499
  117 (vir)           79.133          -2.595          -1.094          -9.533           84.976
  118 (vir)           79.135          -2.595          -1.094          -9.533           84.979
  119 (vir)           79.320          -1.591          -1.947         -11.628           87.409
  120 (vir)           79.324          -1.591          -1.948         -11.629           87.414
  121 (vir)           80.688          -1.862          -0.732          -8.663           86.758
  122 (vir)           80.811          -0.976          -1.499         -10.636           88.973
  123 (vir)           81.464          -1.613          -1.171          -9.771           88.450
  124 (vir)           83.268           2.489          -1.590         -11.019           95.186
  125 (vir)           83.798           0.592          -0.953          -9.096           92.533
  126 (vir)           83.800           0.592          -0.953          -9.096           92.535
  127 (vir)           87.784          -1.734          -1.195         -10.028           94.882
  128 (vir)           87.787          -1.733          -1.195         -10.027           94.886
  129 (vir)           87.872           1.927          -1.740         -11.126           99.184
  130 (vir)           87.917          -3.545          -1.711         -11.334           93.995
  131 (vir)           88.530          -3.235          -2.472         -13.193           96.016
  132 (vir)           88.532          -3.233          -2.472         -13.193           96.020
  133 (vir)           93.844           1.353          -1.886         -11.118          104.429
  134 (vir)           94.466           3.087          -2.660         -13.141          108.033
  135 (vir)           97.488          -3.587          -2.563         -13.753          105.090
  136 (vir)           97.489          -3.589          -2.563         -13.753          105.089
  137 (vir)          100.012          -3.024          -1.582         -11.666          107.072
  138 (vir)          100.015          -3.019          -1.582         -11.665          107.080
  139 (vir)          102.718           3.099          -1.735         -11.766          115.848
  140 (vir)          103.311          -2.274          -1.006         -10.291          110.322
  141 (vir)          103.698          -3.718          -1.680         -11.895          110.195
  142 (vir)          103.700          -3.718          -1.680         -11.895          110.197
  143 (vir)          103.971          -4.144          -1.861         -12.806          110.771
  144 (vir)          104.165          -2.198          -1.487         -11.594          112.074
  145 (vir)          104.168          -2.201          -1.488         -11.595          112.074
  146 (vir)          108.953          -3.666          -2.074         -13.793          117.005
  147 (vir)          108.953          -3.667          -2.074         -13.793          117.004
  148 (vir)          113.421          -2.948          -1.791         -13.067          121.749
  149 (vir)          113.421          -2.948          -1.791         -13.067          121.749
  150 (vir)          122.265         -12.369          -3.431         -17.108          123.573
  151 (vir)          137.314          -3.109          -1.625         -13.962          146.543
  152 (vir)          137.316          -3.107          -1.625         -13.963          146.547
  153 (vir)          139.056          -4.530          -2.061         -15.011          147.476
  154 (vir)          139.056          -4.524          -2.061         -15.011          147.483
  155 (vir)          142.078          -4.617          -1.664         -14.041          149.837
  156 (vir)          146.553          -3.198          -1.565         -13.763          155.553
  157 (vir)          146.554          -3.198          -1.565         -13.764          155.555
  158 (vir)          147.223          -4.524          -1.703         -14.209          155.206
  159 (vir)          147.792          -2.419          -2.090         -15.530          158.813
  160 (vir)          147.882          -2.367          -1.410         -13.518          157.623
  161 (vir)          147.886          -2.369          -1.410         -13.518          157.625
  162 (vir)          154.886           3.069          -1.601         -14.356          170.711
  163 (vir)          154.985          -0.480          -1.387         -13.412          166.529
  164 (vir)          154.986          -0.498          -1.388         -13.414          166.514
  165 (vir)          157.123          -2.444          -1.357         -13.516          166.837
  166 (vir)          157.125          -2.445          -1.357         -13.516          166.838
  167 (vir)          157.246          -2.761          -1.755         -14.509          167.240
  168 (vir)          157.248          -2.761          -1.755         -14.510          167.242
  169 (vir)          158.167          -2.690          -1.592         -13.933          167.818
  170 (vir)          158.169          -2.692          -1.593         -13.934          167.819
  171 (vir)          159.268           1.275          -0.714         -11.215          171.044
  172 (vir)          159.598           0.779          -1.624         -14.333          173.087
  173 (vir)          159.757           4.662          -1.871         -15.011          177.560
  174 (vir)          159.913          -0.524          -0.864         -11.781          170.307
  175 (vir)          163.763          -1.647          -1.352         -13.649          174.413
  176 (vir)          164.107          -1.716          -1.011         -12.398          173.777
  177 (vir)          164.110          -1.713          -1.012         -12.399          173.784
  178 (vir)          164.873           2.228          -1.326         -13.165          178.940
  179 (vir)          166.974          -2.141          -1.144         -12.885          176.575
  180 (vir)          166.976          -2.147          -1.145         -12.887          176.571
  181 (vir)          167.195          -1.935          -1.330         -13.739          177.669
  182 (vir)          167.600           3.033          -1.861         -14.908          183.679
  183 (vir)          167.698          -2.051          -1.250         -13.312          177.710
  184 (vir)          167.702          -2.051          -1.250         -13.313          177.714
  185 (vir)          169.449           2.207          -1.314         -13.744          184.086
  186 (vir)          171.285          -0.415          -1.215         -13.005          182.660
  187 (vir)          171.288          -0.416          -1.215         -13.005          182.662
  188 (vir)          172.883          -2.929          -1.477         -13.991          182.468
  189 (vir)          172.886          -2.923          -1.477         -13.990          182.476
  190 (vir)          173.590           1.569          -1.158         -12.355          186.357
  191 (vir)          175.336          -2.782          -1.680         -15.009          185.883
  192 (vir)          175.338          -2.780          -1.680         -15.009          185.887
  193 (vir)          177.205           1.221          -1.518         -14.769          191.678
  194 (vir)          179.133           1.177          -1.705         -15.266          193.871
  195 (vir)          179.137           1.167          -1.705         -15.266          193.865
  196 (vir)          181.461           0.479          -1.113         -13.137          193.964
  197 (vir)          181.463           0.476          -1.113         -13.137          193.963
  198 (vir)          181.654          -5.536          -1.636         -14.869          189.351
  199 (vir)          181.658          -5.538          -1.636         -14.869          189.353
  200 (vir)          182.119           0.027          -0.863         -12.256          193.539
  201 (vir)          183.702           0.865          -2.449         -16.390          198.509
  202 (vir)          185.388           2.970          -3.139         -17.072          202.290
  203 (vir)          188.587           4.772          -1.528         -14.604          206.435
  204 (vir)          191.838          -1.772          -1.647         -15.019          203.438
  205 (vir)          191.840          -1.777          -1.648         -15.020          203.435
  206 (vir)          193.174           2.709          -3.025         -16.379          209.237
  207 (vir)          195.394           6.068          -0.920         -12.862          213.404
  208 (vir)          198.652          -7.920          -1.149         -13.886          203.469
  209 (vir)          198.656          -7.913          -1.149         -13.886          203.480
  210 (vir)          198.867           2.941          -1.113         -13.580          214.275
  211 (vir)          198.874           2.945          -1.112         -13.579          214.286
  212 (vir)          199.419           7.869          -1.104         -13.632          219.816
  213 (vir)          200.098           5.788          -1.040         -13.632          218.477
  214 (vir)          201.181           2.697          -1.167         -13.925          216.636
  215 (vir)          201.185           2.698          -1.167         -13.925          216.641
  216 (vir)          203.365           2.372          -1.838         -14.958          218.857
  217 (vir)          203.806          -2.013          -1.020         -13.248          214.021
  218 (vir)          203.806          -1.992          -1.019         -13.246          214.041
  219 (vir)          205.318           9.629          -1.129         -13.779          227.596
  220 (vir)          205.319           9.606          -1.130         -13.780          227.575
  221 (vir)          206.643           2.305          -0.953         -12.983          220.978
  222 (vir)          207.319           0.920          -1.470         -14.580          221.348
  223 (vir)          207.884           4.595          -0.858         -12.668          224.288
  224 (vir)          207.889           4.594          -0.858         -12.667          224.293
  225 (vir)          209.194           1.819          -0.894         -12.940          223.059
  226 (vir)          209.195           1.819          -0.894         -12.940          223.060
  227 (vir)          209.689           1.894          -0.774         -12.334          223.144
  228 (vir)          209.690           1.891          -0.774         -12.334          223.140
  229 (vir)          212.271           4.780          -0.875         -13.076          229.251
  230 (vir)          212.861           1.220          -0.951         -12.917          226.046
  231 (vir)          212.861           1.220          -0.951         -12.916          226.046
  232 (vir)          215.313           3.734          -2.636         -16.562          232.972
  233 (vir)          217.818           0.749          -2.036         -15.464          231.995
  234 (vir)          218.256           1.788          -0.706         -12.076          231.413
  235 (vir)          218.262           1.789          -0.706         -12.075          231.420
  236 (vir)          224.164           3.795          -1.358         -14.732          241.333
  237 (vir)          224.166           3.798          -1.358         -14.732          241.337
  238 (vir)          224.350           1.885          -1.444         -15.018          239.809
  239 (vir)          224.351           1.891          -1.444         -15.017          239.816
  240 (vir)          224.635           3.751          -0.907         -13.526          241.005
  241 (vir)          224.870           2.226          -1.594         -15.369          240.871
  242 (vir)          224.870           2.225          -1.593         -15.368          240.870
  243 (vir)          225.415           1.313          -0.847         -12.611          238.492
  244 (vir)          227.183           1.962          -0.865         -13.204          241.483
  245 (vir)          227.185           1.959          -0.865         -13.204          241.483
  246 (vir)          227.937           3.883          -1.886         -14.455          244.389
  247 (vir)          228.038           3.594          -0.833         -13.059          243.858
  248 (vir)          229.705           2.764          -1.354         -13.605          244.720
  249 (vir)          229.985           2.967          -1.011         -13.931          245.872
  250 (vir)          229.987           2.966          -1.011         -13.931          245.873
  251 (vir)          231.443           2.496          -1.099         -14.506          247.346
  252 (vir)          231.447           2.502          -1.098         -14.505          247.356
  253 (vir)          231.879           2.632          -0.940         -13.303          246.874
  254 (vir)          233.172           1.950          -1.573         -15.051          248.601
  255 (vir)          236.645           2.488          -1.081         -13.907          251.959
  256 (vir)          236.654           2.488          -1.080         -13.906          251.967
  257 (vir)          238.252           2.366          -0.801         -13.031          252.849
  258 (vir)          241.068           2.882          -1.105         -14.285          257.130
  259 (vir)          241.073           2.882          -1.105         -14.286          257.136
  260 (vir)          243.154           2.564          -1.111         -14.259          258.866
  261 (vir)          243.164           2.563          -1.111         -14.258          258.874
  262 (vir)          244.272           3.191          -0.890         -13.068          259.641
  263 (vir)          244.900           2.348          -0.959         -14.010          260.299
  264 (vir)          244.901           2.349          -0.960         -14.012          260.303
  265 (vir)          246.225           2.773          -0.904         -13.775          261.869
  266 (vir)          250.357           1.194          -3.172         -19.139          267.517
  267 (vir)          259.821           2.591          -1.852         -16.933          277.492
  268 (vir)          259.824           2.590          -1.852         -16.932          277.494
  269 (vir)          261.350           2.567          -1.601         -16.327          278.644
  270 (vir)          261.353           2.567          -1.600         -16.327          278.647
  271 (vir)          262.289           1.844          -1.292         -15.031          277.872
  272 (vir)          265.723           1.324          -1.194         -15.550          281.404
  273 (vir)          266.342           1.286          -0.900         -14.145          280.873
  274 (vir)          266.348           1.285          -0.900         -14.146          280.878
  275 (vir)          266.680           1.675          -0.900         -14.144          281.599
  276 (vir)          266.685           1.675          -0.900         -14.144          281.604
  277 (vir)          271.857           2.251          -1.277         -15.999          288.829
  278 (vir)          274.825           1.592          -1.445         -16.067          291.039
  279 (vir)          277.286           2.798          -1.097         -15.261          294.248
  280 (vir)          277.288           2.797          -1.097         -15.261          294.249
  281 (vir)          278.734           3.131          -1.112         -15.502          296.255
  282 (vir)          281.720           2.274          -1.132         -15.228          298.090
  283 (vir)          281.725           2.274          -1.132         -15.228          298.095
  284 (vir)          288.840           2.677          -1.040         -15.328          305.806
  285 (vir)          318.893           1.265          -1.310         -16.032          334.880
  286 (vir)          318.894           1.265          -1.310         -16.032          334.881
  287 (vir)          319.711           2.595          -1.353         -16.283          337.235
  288 (vir)          319.711           2.595          -1.353         -16.282          337.235
  289 (vir)          356.350           2.099          -2.773         -19.422          375.099
  290 (vir)          357.284           2.209          -2.879         -19.649          376.264
  291 (vir)          784.612           1.114         -12.479         -45.588          818.835
  292 (vir)          786.190           1.126         -12.489         -45.657          820.484
  293 (vir)         4016.094           0.620         -14.655         -94.436         4096.495
  294 (vir)         4017.531           0.622         -14.648         -94.431         4097.935
