 
  kpoint:     0.0000    0.0000    0.0000
 
    n          ϵ_nk^DFT (eV)     Σ^c_nk (eV)     Σ^x_nk (eV)     v_n^xc (eV)   ϵ_nk^G0W0 (eV)
 
    1 (occ)         -269.407           4.048         -96.881         -61.539         -300.701
    2 (occ)         -269.201           4.004         -96.888         -61.540         -300.545
    3 (occ)         -269.201           4.001         -96.886         -61.542         -300.544
    4 (occ)         -269.139           4.003         -96.882         -61.544         -300.473
    5 (occ)         -269.129           4.006         -96.884         -61.545         -300.463
    6 (occ)         -269.129           4.008         -96.883         -61.545         -300.459
    7 (occ)         -269.070           4.246         -96.858         -61.537         -300.145
    8 (occ)          -21.189           7.010         -26.455         -16.830          -23.804
    9 (occ)          -18.968           5.948         -25.523         -16.651          -21.892
   10 (occ)          -18.292           5.813         -25.585         -16.905          -21.158
   11 (occ)          -16.720           4.864         -24.534         -16.438          -19.951
   12 (occ)          -14.767           4.037         -23.362         -16.234          -17.858
   13 (occ)          -14.177           3.750         -23.139         -16.224          -17.342
   14 (occ)          -12.377           2.754         -20.690         -14.753          -15.559
   15 (occ)          -11.171           2.373         -21.660         -16.173          -14.285
   16 (occ)          -10.839           2.338         -20.929         -15.193          -14.238
   17 (occ)          -10.255           1.824         -18.927         -13.783          -13.574
   18 (occ)          -10.097           1.941         -20.464         -15.224          -13.396
   19 (occ)           -9.702           1.771         -20.602         -15.612          -12.922
   20 (occ)           -9.207           1.445         -20.072         -15.062          -12.772
   21 (occ)           -8.680           1.865         -17.773         -13.439          -11.149
   22 (occ)           -8.064           1.260         -20.324         -15.741          -11.387
   23 (occ)           -8.011           1.231         -20.554         -16.116          -11.218
   24 (occ)           -6.250           0.002         -16.057         -13.471           -8.834
   25 (occ)           -5.994          -0.097         -16.269         -13.735           -8.626
   26 (vir)           -1.203          -2.698          -7.936         -12.840            1.003
   27 (vir)           -1.079          -2.740          -8.106         -13.035            1.111
   28 (vir)            0.124          -1.427          -2.302          -5.554            1.949
   29 (vir)            0.513          -1.337          -2.103          -5.243            2.316
   30 (vir)            0.781          -1.327          -1.955          -5.023            2.522
   31 (vir)            1.330          -1.397          -2.075          -5.249            3.107
   32 (vir)            1.633          -1.868          -2.706          -6.451            3.509
   33 (vir)            1.642          -1.306          -1.919          -4.954            3.371
   34 (vir)            2.123          -1.332          -1.808          -4.896            3.879
   35 (vir)            2.199          -1.718          -2.198          -5.710            3.993
   36 (vir)            2.313          -1.597          -2.416          -5.981            4.282
   37 (vir)            2.909          -2.878          -3.622          -8.334            4.743
   38 (vir)            3.081          -1.817          -2.458          -6.169            4.975
   39 (vir)            3.218          -1.299          -1.331          -4.379            4.966
   40 (vir)            3.226          -2.251          -2.971          -7.110            5.115
   41 (vir)            3.660          -1.553          -1.761          -5.108            5.454
   42 (vir)            4.116          -1.502          -1.555          -4.810            5.869
   43 (vir)            4.240          -1.465          -1.657          -4.900            6.017
   44 (vir)            4.532          -1.678          -2.100          -5.627            6.380
   45 (vir)            4.564          -1.449          -1.470          -4.735            6.380
   46 (vir)            4.977          -1.741          -2.202          -5.879            6.913
   47 (vir)            5.392          -1.766          -2.279          -5.968            7.316
   48 (vir)            5.757          -1.778          -2.124          -5.834            7.689
   49 (vir)            6.201          -1.859          -1.642          -5.335            8.034
   50 (vir)            6.276          -2.418          -4.165          -8.681            8.374
   51 (vir)            6.298          -2.162          -2.960          -7.155            8.331
   52 (vir)            6.696          -2.786          -4.596          -9.603            8.917
   53 (vir)            6.743          -2.025          -2.844          -6.853            8.727
   54 (vir)            6.968          -2.118          -2.348          -6.347            8.849
   55 (vir)            7.104          -2.393          -3.390          -7.819            9.140
   56 (vir)            7.332          -1.919          -2.143          -5.958            9.228
   57 (vir)            7.491          -2.212          -2.776          -6.947            9.451
   58 (vir)            7.564          -0.507          -3.030          -7.096           11.123
   59 (vir)            7.767          -2.126          -2.681          -6.753            9.713
   60 (vir)            8.121          -1.084          -3.392          -7.704           11.349
   61 (vir)            8.151          -2.611          -3.408          -8.152           10.284
   62 (vir)            8.286          -3.059          -4.127          -9.211           10.311
   63 (vir)            8.686          -2.236          -2.606          -6.876           10.720
   64 (vir)            8.757          -2.504          -2.957          -7.540           10.836
   65 (vir)            9.166          -2.685          -2.924          -7.786           11.343
   66 (vir)            9.495          -2.157          -2.218          -6.298           11.418
   67 (vir)           10.277          -2.147          -2.481          -6.642           12.290
   68 (vir)           10.337          -2.324          -2.184          -6.494           12.323
   69 (vir)           10.888          -2.344          -2.821          -7.185           12.908
   70 (vir)           10.894          -2.600          -2.896          -7.598           12.996
   71 (vir)           11.529          -2.019          -2.056          -6.001           13.455
   72 (vir)           11.772          -2.303          -2.315          -6.515           13.669
   73 (vir)           12.312          -2.273          -1.677          -5.725           14.088
   74 (vir)           12.712          -2.095          -1.773          -5.773           14.616
   75 (vir)           12.861          -2.325          -1.633          -5.779           14.681
   76 (vir)           12.945          -2.949          -2.782          -8.196           15.411
   77 (vir)           13.217          -2.602          -2.425          -7.137           15.326
   78 (vir)           13.453          -2.762          -2.203          -6.750           15.238
   79 (vir)           13.521          -2.840          -2.218          -7.369           15.832
   80 (vir)           13.831          -3.092          -2.747          -7.967           15.959
   81 (vir)           14.237          -3.780          -3.802          -9.902           16.556
   82 (vir)           14.642          -3.275          -3.309          -9.002           17.060
   83 (vir)           14.861          -4.842          -3.892          -9.991           16.118
   84 (vir)           15.462          -3.555          -3.049          -8.875           17.733
   85 (vir)           15.652          -3.847          -3.171          -9.379           18.013
   86 (vir)           15.845          -3.021          -2.440          -7.575           17.959
   87 (vir)           16.743          -3.260          -2.298          -7.861           19.046
   88 (vir)           16.785          -3.218          -2.433          -7.949           19.083
   89 (vir)           17.191          -3.789          -2.558          -8.424           19.267
   90 (vir)           17.219          -3.399          -2.464          -8.059           19.415
   91 (vir)           17.479          -3.249          -2.732          -8.241           19.739
   92 (vir)           17.619          -3.478          -2.441          -8.041           19.741
   93 (vir)           18.031          -4.120          -2.491          -8.481           19.901
   94 (vir)           18.311          -2.817          -2.895          -8.470           21.069
   95 (vir)           18.681          -4.469          -2.991          -9.285           20.506
   96 (vir)           19.177          -3.948          -2.189          -8.316           21.357
   97 (vir)           19.307          -4.040          -2.119          -8.231           21.380
   98 (vir)           19.604          -3.721          -2.080          -7.874           21.676
   99 (vir)           19.641          -4.027          -2.278          -8.420           21.756
  100 (vir)           19.898          -3.787          -1.842          -7.654           21.923
  101 (vir)           19.966          -3.993          -2.078          -8.113           22.007
  102 (vir)           20.450          -3.699          -2.156          -7.964           22.559
  103 (vir)           20.692          -3.703          -1.862          -7.655           22.782
  104 (vir)           21.244          -3.854          -1.937          -7.648           23.101
  105 (vir)           21.523          -4.097          -2.243          -8.035           23.218
  106 (vir)           21.597          -4.193          -2.210          -8.082           23.276
  107 (vir)           21.611          -3.207          -2.022          -7.526           23.908
  108 (vir)           21.840          -4.239          -2.331          -8.190           23.461
  109 (vir)           21.934          -3.793          -1.989          -7.915           24.067
  110 (vir)           22.625          -4.204          -2.399          -8.217           24.239
  111 (vir)           23.216          -4.831          -2.874          -9.527           25.039
  112 (vir)           23.265          -3.938          -1.825          -7.836           25.338
  113 (vir)           23.266          -3.997          -2.035          -8.171           25.405
  114 (vir)           23.481          -4.006          -2.152          -8.171           25.495
  115 (vir)           23.779          -3.630          -1.454          -7.228           25.922
  116 (vir)           23.927          -3.796          -1.744          -7.544           25.931
  117 (vir)           24.160          -3.748          -1.656          -7.560           26.317
  118 (vir)           24.477          -4.123          -2.342          -8.508           26.520
  119 (vir)           24.687          -3.457          -2.005          -7.819           27.044
  120 (vir)           25.254          -3.685          -1.882          -7.718           27.405
  121 (vir)           25.620          -3.513          -1.378          -7.034           27.763
  122 (vir)           25.788          -3.235          -1.688          -7.473           28.338
  123 (vir)           26.471          -3.233          -1.597          -7.432           29.073
  124 (vir)           26.726          -4.196          -1.792          -7.335           28.072
  125 (vir)           26.888          -4.054          -1.827          -7.372           28.379
  126 (vir)           26.964          -3.468          -1.545          -7.216           29.166
  127 (vir)           27.077          -3.316          -1.786          -7.888           29.864
  128 (vir)           27.518          -3.436          -1.687          -7.407           29.803
  129 (vir)           27.804          -3.293          -1.754          -7.324           30.082
  130 (vir)           27.817          -2.986          -1.528          -7.339           30.642
  131 (vir)           28.273          -3.374          -1.878          -8.029           31.050
  132 (vir)           28.383          -3.178          -1.814          -8.087           31.477
  133 (vir)           29.021          -3.548          -2.039          -8.436           31.869
  134 (vir)           29.244          -3.314          -1.371          -7.199           31.758
  135 (vir)           29.572          -3.607          -1.977          -8.231           32.219
  136 (vir)           29.729          -4.209          -2.385          -9.331           32.465
  137 (vir)           30.594          -3.164          -1.609          -7.872           33.693
  138 (vir)           31.005          -3.770          -1.810          -8.192           33.617
  139 (vir)           31.414          -3.353          -1.661          -8.058           34.458
  140 (vir)           32.053          -2.329          -1.574          -7.711           35.861
  141 (vir)           32.484          -3.558          -1.465          -7.742           35.204
  142 (vir)           32.913          -2.489          -1.508          -7.583           36.500
  143 (vir)           33.056          -3.480          -1.517          -7.837           35.897
  144 (vir)           33.170          -2.465          -1.836          -7.996           36.866
  145 (vir)           33.801          -3.354          -1.542          -7.907           36.812
  146 (vir)           34.041          -2.206          -1.486          -7.548           37.896
  147 (vir)           34.830          -3.429          -1.182          -7.111           37.330
  148 (vir)           34.901          -2.277          -1.308          -7.192           38.508
  149 (vir)           35.550          -0.899          -1.486          -7.610           40.775
  150 (vir)           36.506          -1.352          -1.640          -7.959           41.472
  151 (vir)           36.987          -3.030          -1.750          -8.182           40.389
  152 (vir)           37.064          -2.712          -1.637          -7.948           40.662
  153 (vir)           37.935          -1.987          -1.127          -6.667           41.489
  154 (vir)           38.027          -1.993          -1.582          -7.738           42.190
  155 (vir)           38.670          -2.886          -1.656          -8.201           42.329
  156 (vir)           39.846          -2.937          -1.836          -8.852           43.925
  157 (vir)           40.463          -2.091          -2.121          -9.380           45.631
  158 (vir)           40.698          -3.106          -2.267          -9.920           45.245
  159 (vir)           41.236          -2.804          -2.517         -10.188           46.103
  160 (vir)           41.737          -2.328          -2.274          -9.963           47.098
  161 (vir)           41.924          -3.115          -2.431         -10.141           46.519
  162 (vir)           42.308          -2.053          -2.243          -9.984           47.995
  163 (vir)           42.973          -2.511          -2.637         -10.674           48.500
  164 (vir)           43.775          -3.186          -2.198          -9.727           48.117
  165 (vir)           43.905          -3.984          -3.382         -12.617           49.157
  166 (vir)           44.568          -2.664          -2.771         -11.136           50.270
  167 (vir)           44.719          -2.694          -2.453         -10.398           49.969
  168 (vir)           45.478          -1.865          -2.418         -10.797           51.991
  169 (vir)           46.159          -2.151          -2.360         -10.536           52.185
  170 (vir)           46.181          -1.508          -2.206         -10.182           52.649
  171 (vir)           46.840          -2.289          -2.602         -11.052           53.001
  172 (vir)           46.953          -1.653          -1.974          -9.796           53.122
  173 (vir)           47.179          -2.059          -2.743         -10.933           53.310
  174 (vir)           47.849          -2.106          -2.559         -11.018           54.202
  175 (vir)           48.080          -1.541          -2.455         -10.820           54.903
  176 (vir)           48.083          -1.930          -2.142         -10.177           54.188
  177 (vir)           48.297          -1.237          -2.325         -10.680           55.415
  178 (vir)           48.698          -1.211          -2.463         -10.794           55.819
  179 (vir)           49.356          -0.200          -2.239         -10.216           57.134
  180 (vir)           49.744          -1.178          -2.253         -10.535           56.849
  181 (vir)           50.011          -2.744          -1.860          -9.607           55.014
  182 (vir)           50.267          -1.961          -2.586         -11.448           57.168
  183 (vir)           50.710          -2.351          -2.406         -11.159           57.113
  184 (vir)           50.876          -1.766          -2.271         -10.831           57.670
  185 (vir)           51.290          -1.738          -2.315         -10.681           57.920
  186 (vir)           51.693          -1.384          -2.125         -10.465           58.649
  187 (vir)           51.784          -1.205          -2.188         -10.596           58.987
  188 (vir)           51.960          -1.102          -2.147         -10.099           58.809
  189 (vir)           52.428          -2.180          -2.034         -10.537           58.751
  190 (vir)           52.433          -0.690          -2.169         -10.712           60.286
  191 (vir)           52.742          -2.760          -2.053         -10.365           58.294
  192 (vir)           52.892          -1.130          -2.040         -10.478           60.201
  193 (vir)           53.112          -0.936          -2.019         -10.193           60.351
  194 (vir)           53.749          -0.785          -2.282         -10.888           61.569
  195 (vir)           54.047          -1.973          -2.119         -10.804           60.759
  196 (vir)           54.194          -1.319          -2.118         -10.688           61.445
  197 (vir)           54.781          -1.851          -1.979         -10.584           61.535
  198 (vir)           55.087          -0.815          -1.860         -10.161           62.574
  199 (vir)           55.117           1.147          -1.999         -10.349           64.615
  200 (vir)           55.814          -1.604          -1.998         -10.605           62.817
  201 (vir)           56.072          -0.463          -2.515         -11.379           64.473
  202 (vir)           56.179          -0.199          -2.334         -11.115           64.761
  203 (vir)           56.565           1.119          -2.021         -10.439           66.102
  204 (vir)           56.775           0.153          -1.842         -10.346           65.432
  205 (vir)           56.986           0.024          -1.784          -9.799           65.025
  206 (vir)           57.217          -0.097          -2.001         -10.881           65.999
  207 (vir)           57.321          -2.044          -1.920         -10.431           63.788
  208 (vir)           58.057           0.335          -1.646          -9.866           66.613
  209 (vir)           58.304          -8.213          -1.744         -10.156           58.503
  210 (vir)           59.018           2.207          -1.516          -9.430           69.138
  211 (vir)           59.424          -0.933          -1.798         -10.328           67.021
  212 (vir)           59.518           3.120          -1.505          -9.854           70.987
  213 (vir)           59.552           0.523          -1.929         -10.410           68.556
  214 (vir)           59.745           2.009          -1.766         -10.158           70.146
  215 (vir)           60.203          -5.695          -1.918         -10.523           63.112
  216 (vir)           60.430          -0.531          -1.945         -10.811           68.765
  217 (vir)           60.617           0.760          -2.000         -11.000           70.378
  218 (vir)           61.017          -2.543          -2.234         -10.972           67.213
  219 (vir)           61.020          -0.923          -2.319         -11.490           69.268
  220 (vir)           61.741          -0.721          -1.891         -10.393           69.521
  221 (vir)           62.348           0.950          -1.635         -10.285           71.947
  222 (vir)           62.703           0.021          -1.892         -10.623           71.454
  223 (vir)           63.315          -9.612          -2.155         -10.730           62.278
  224 (vir)           63.367           0.006          -1.814         -10.271           71.829
  225 (vir)           63.959           0.418          -1.846         -10.652           73.183
  226 (vir)           64.205           3.951          -2.264         -11.628           77.520
  227 (vir)           64.681          -2.986          -1.889         -10.706           70.512
  228 (vir)           64.872          -1.023          -2.142         -11.358           73.065
  229 (vir)           65.201          -3.759          -2.361         -11.424           70.505
  230 (vir)           65.419          -6.852          -1.714         -10.539           67.391
  231 (vir)           65.420          -4.634          -2.030         -10.607           69.363
  232 (vir)           66.167         -10.227          -1.993         -10.989           64.935
  233 (vir)           66.256          -3.408          -1.476          -9.968           71.341
  234 (vir)           66.394          -1.527          -2.075         -11.266           74.058
  235 (vir)           66.541          -3.952          -1.899         -10.735           71.425
  236 (vir)           67.273          -1.874          -2.582         -12.262           75.079
  237 (vir)           67.489          -5.522          -1.622         -10.450           70.795
  238 (vir)           67.852          -3.607          -1.672         -10.315           72.888
  239 (vir)           68.017          -6.411          -2.712         -12.780           71.674
  240 (vir)           68.348          -3.443          -2.116         -11.268           74.058
  241 (vir)           68.427          -3.911          -2.152         -11.328           73.693
  242 (vir)           69.282          -0.991          -1.817         -10.591           77.064
  243 (vir)           69.316           0.844          -2.436         -11.961           79.685
  244 (vir)           69.645          -6.924          -1.930         -10.709           71.500
  245 (vir)           69.702          -1.537          -2.616         -12.422           77.971
  246 (vir)           69.730          -1.435          -1.948         -11.086           77.433
  247 (vir)           69.767           2.107          -2.390         -12.133           81.616
  248 (vir)           70.284          -2.669          -1.279          -9.520           75.856
  249 (vir)           70.540          -4.655          -2.372         -11.620           75.133
  250 (vir)           70.820          -3.277          -1.681         -10.548           76.411
  251 (vir)           71.890          -1.078          -1.498         -10.160           79.475
  252 (vir)           72.082           4.200          -1.998         -11.309           85.593
  253 (vir)           72.369           0.350          -1.853         -10.751           81.617
  254 (vir)           72.872          -4.534          -1.850         -10.921           77.410
  255 (vir)           73.257          -6.880          -2.011         -11.410           75.776
  256 (vir)           73.366          -1.230          -1.824         -10.896           81.208
  257 (vir)           73.957          -4.448          -1.607         -10.581           78.483
  258 (vir)           74.182          -1.579          -1.086          -9.454           80.972
  259 (vir)           74.262          -1.306          -1.656         -10.570           81.870
  260 (vir)           74.566          -2.082          -1.720         -10.680           81.445
  261 (vir)           74.667          -0.733          -1.634         -10.412           82.711
  262 (vir)           75.118          -1.656          -1.888         -11.055           82.630
  263 (vir)           75.245          -2.872          -1.437         -10.014           80.950
  264 (vir)           75.556          -4.269          -1.705         -10.685           80.267
  265 (vir)           75.875          -3.588          -1.805         -10.850           81.332
  266 (vir)           76.058           0.053          -1.528         -10.638           85.221
  267 (vir)           76.456          -3.089          -1.634         -10.753           82.487
  268 (vir)           76.516          -0.811          -1.812         -10.962           84.855
  269 (vir)           77.095          -2.415          -1.954         -11.477           84.204
  270 (vir)           77.434          -1.820          -1.116          -9.558           84.056
  271 (vir)           78.699          -0.548          -1.493         -10.494           87.152
  272 (vir)           79.517           0.755          -1.831         -11.502           89.943
  273 (vir)           79.757          -0.662          -2.071         -12.072           89.097
  274 (vir)           80.724          -0.900          -1.647         -11.079           89.257
  275 (vir)           81.442          -1.958          -1.362         -10.155           88.277
  276 (vir)           81.512          -2.213          -2.015         -11.665           88.948
  277 (vir)           81.615          -0.918          -2.131         -11.808           90.374
  278 (vir)           81.922          -6.020          -1.884         -11.800           85.817
  279 (vir)           82.109           0.015          -2.005         -11.781           91.900
  280 (vir)           83.134          -3.789          -2.151         -12.244           89.437
  281 (vir)           83.601          -5.998          -1.822         -11.823           87.604
  282 (vir)           84.498          -5.452          -1.616         -11.280           88.711
  283 (vir)           84.994          -1.155          -1.508         -10.852           93.183
  284 (vir)           85.062          -1.986          -1.713         -11.272           92.636
  285 (vir)           86.015          -2.880          -2.178         -12.456           93.413
  286 (vir)           86.609          -2.994          -2.122         -12.294           93.788
  287 (vir)           87.326          -7.112          -1.906         -11.540           89.848
  288 (vir)           87.904          -4.145          -2.127         -12.278           93.911
  289 (vir)           88.471          -3.842          -2.274         -12.626           94.981
  290 (vir)           89.081           0.184          -2.047         -11.987           99.205
  291 (vir)           89.091           0.062          -2.880         -13.877          100.150
  292 (vir)           89.767           2.147          -1.912         -11.881          101.883
  293 (vir)           89.987          -7.215          -2.545         -13.436           93.663
  294 (vir)           90.520           0.318          -2.316         -12.692          101.214
  295 (vir)           90.773          -5.086          -2.390         -12.613           95.909
  296 (vir)           91.235          -3.416          -2.229         -12.462           98.053
  297 (vir)           91.493          -0.315          -2.018         -12.207          101.367
  298 (vir)           91.561          -1.333          -1.986         -11.930          100.171
  299 (vir)           91.813          -0.716          -2.138         -12.380          101.338
  300 (vir)           92.387           0.184          -2.138         -12.615          103.048
  301 (vir)           92.567          -0.588          -2.414         -13.051          102.616
  302 (vir)           93.795          -5.493          -2.175         -12.569           98.696
  303 (vir)           94.431           2.560          -2.325         -13.347          108.013
  304 (vir)           94.713          -3.518          -2.137         -12.809          101.867
  305 (vir)           95.168           0.256          -2.419         -13.317          106.322
  306 (vir)           95.679          -4.834          -2.056         -12.938          101.727
  307 (vir)           95.766           1.115          -2.233         -13.044          107.693
  308 (vir)           96.651           1.983          -1.831         -12.634          109.438
  309 (vir)           97.143           0.334          -2.280         -13.461          108.659
  310 (vir)           98.621          -1.644          -1.912         -12.549          107.613
  311 (vir)           99.759           2.042          -2.123         -13.116          112.794
  312 (vir)          100.528           0.047          -2.178         -13.202          111.600
  313 (vir)          100.669          -0.828          -2.992         -14.972          111.820
  314 (vir)          101.136          -9.165          -2.087         -13.143          103.027
  315 (vir)          101.786           1.313          -2.407         -13.986          114.678
  316 (vir)          102.119          -1.313          -1.835         -12.378          111.349
  317 (vir)          102.414         -10.772          -1.901         -12.748          102.489
  318 (vir)          103.271          -1.658          -1.529         -11.696          111.780
  319 (vir)          103.762           2.869          -2.442         -13.767          117.956
  320 (vir)          105.035           1.288          -2.064         -13.438          117.697
  321 (vir)          107.508           0.336          -2.340         -13.836          119.340
  322 (vir)          108.034          -5.213          -1.797         -12.710          113.734
  323 (vir)          108.383           0.450          -2.509         -14.214          120.538
  324 (vir)          109.777          -0.114          -2.361         -13.888          121.190
  325 (vir)          110.321          -0.077          -2.156         -13.256          121.344
  326 (vir)          110.443          -0.312          -2.201         -13.332          121.261
  327 (vir)          111.556          -0.446          -2.044         -13.324          122.390
  328 (vir)          112.825           0.868          -2.010         -13.296          124.978
  329 (vir)          114.068          -0.010          -2.028         -13.500          125.530
  330 (vir)          115.002          -0.317          -2.181         -14.112          126.616
  331 (vir)          115.554          -3.418          -2.136         -13.552          123.552
  332 (vir)          116.632          -0.518          -2.608         -15.131          128.638
  333 (vir)          118.848          -0.193          -1.972         -14.012          130.695
  334 (vir)          120.761          -0.179          -2.042         -14.035          132.575
  335 (vir)          121.159          -0.284          -2.150         -14.025          132.749
  336 (vir)          121.280          -0.411          -2.060         -13.876          132.686
  337 (vir)          124.830          -0.310          -2.599         -15.564          137.484
  338 (vir)          125.160          -0.417          -2.273         -14.927          137.397
  339 (vir)          126.368          -0.264          -1.845         -13.827          138.086
  340 (vir)          127.383          -0.091          -2.786         -15.903          140.411
  341 (vir)          128.096          -0.317          -1.784         -13.612          139.607
  342 (vir)          129.261          -0.294          -2.365         -15.158          141.761
  343 (vir)          130.531          -0.542          -1.967         -14.553          142.575
  344 (vir)          131.252          -0.589          -1.993         -14.579          143.249
  345 (vir)          132.189          -0.357          -2.666         -15.623          144.789
  346 (vir)          132.880          -0.322          -2.635         -15.725          145.648
  347 (vir)          134.567          -0.437          -1.941         -14.465          146.654
  348 (vir)          135.183          -0.309          -1.880         -14.356          147.350
  349 (vir)          135.357          -0.475          -1.860         -14.320          147.342
  350 (vir)          135.961          -0.295          -2.042         -14.726          148.351
  351 (vir)          136.144          -0.267          -2.133         -14.906          148.649
  352 (vir)          136.166          -0.366          -1.758         -14.088          148.129
  353 (vir)          137.168          -0.391          -2.160         -15.003          149.620
  354 (vir)          138.021          -0.416          -1.949         -14.590          150.246
  355 (vir)          138.542          -0.164          -2.149         -15.123          151.351
  356 (vir)          139.122           0.023          -2.567         -15.855          152.432
  357 (vir)          139.249          -0.225          -1.822         -14.388          151.590
  358 (vir)          140.200          -0.277          -1.812         -14.401          152.512
  359 (vir)          140.422          -0.060          -2.315         -15.350          153.397
  360 (vir)          140.764          -0.018          -1.994         -14.656          153.409
  361 (vir)          141.091          -0.194          -2.004         -14.728          153.621
  362 (vir)          143.246          -0.113          -1.726         -14.197          155.605
  363 (vir)          143.379          -0.185          -1.873         -14.582          155.902
  364 (vir)          143.493          -0.372          -1.816         -14.438          155.743
  365 (vir)          144.302          -0.172          -1.686         -14.129          156.574
  366 (vir)          145.053          -0.316          -1.791         -14.376          157.322
  367 (vir)          145.293          -0.102          -1.631         -14.040          157.600
  368 (vir)          145.400          -0.217          -1.718         -14.242          157.707
  369 (vir)          145.726          -0.278          -2.058         -15.030          158.419
  370 (vir)          147.046           0.460          -2.342         -15.345          160.508
  371 (vir)          147.240          -0.743          -1.941         -15.080          159.636
  372 (vir)          147.508          -0.192          -1.995         -14.809          160.129
  373 (vir)          148.427          -0.015          -1.758         -14.297          160.951
  374 (vir)          148.545           0.016          -1.552         -13.849          160.859
  375 (vir)          148.752          -0.127          -1.756         -14.401          161.270
  376 (vir)          148.877          -0.177          -1.674         -14.078          161.105
  377 (vir)          149.578          -0.064          -1.880         -14.775          162.409
  378 (vir)          151.405          -0.178          -1.749         -14.518          163.996
  379 (vir)          151.785          -0.065          -1.520         -13.977          164.176
  380 (vir)          151.941          -0.100          -1.710         -14.327          164.458
  381 (vir)          153.084          -0.194          -1.620         -14.169          165.439
  382 (vir)          153.550          -0.349          -1.843         -14.904          166.262
  383 (vir)          153.585          -0.302          -1.740         -14.573          166.116
  384 (vir)          154.948           0.120          -1.745         -14.519          167.843
  385 (vir)          154.976          -0.137          -1.963         -15.052          167.928
  386 (vir)          155.914           0.022          -1.442         -13.576          168.070
  387 (vir)          155.964           0.308          -1.501         -13.781          168.553
  388 (vir)          156.104           0.022          -1.540         -13.811          168.396
  389 (vir)          156.511          -0.009          -1.524         -13.770          168.749
  390 (vir)          157.063           0.190          -1.744         -14.347          169.856
  391 (vir)          157.776          -0.454          -1.794         -14.902          170.430
  392 (vir)          157.950           0.225          -1.618         -14.134          170.692
  393 (vir)          158.233          -0.052          -2.019         -15.020          171.181
  394 (vir)          158.395           0.091          -1.711         -14.468          171.242
  395 (vir)          158.667           0.064          -1.572         -13.957          171.116
  396 (vir)          158.986          -0.081          -1.710         -14.481          171.677
  397 (vir)          159.473           0.653          -1.003         -12.162          171.285
  398 (vir)          159.913          -0.425          -1.651         -14.458          172.296
  399 (vir)          159.964          -0.117          -1.688         -14.384          172.543
  400 (vir)          160.927          -0.051          -1.466         -13.908          173.318
  401 (vir)          161.127           0.144          -1.311         -13.250          173.210
  402 (vir)          161.134          -0.251          -1.500         -13.953          173.336
  403 (vir)          161.317          -0.292          -1.898         -14.974          174.102
  404 (vir)          161.581          -0.323          -1.819         -14.892          174.330
  405 (vir)          161.686           0.327          -1.534         -13.931          174.410
  406 (vir)          161.821           0.151          -1.306         -13.206          173.873
  407 (vir)          162.424          -0.015          -1.761         -14.767          175.415
  408 (vir)          162.461          -0.137          -1.607         -14.332          175.049
  409 (vir)          162.678           0.091          -1.324         -13.341          174.785
  410 (vir)          163.515          -0.120          -1.647         -14.395          176.142
  411 (vir)          163.629          -0.160          -1.789         -14.681          176.361
  412 (vir)          163.740          -0.044          -1.572         -14.416          176.540
  413 (vir)          164.063          -0.112          -2.029         -15.047          176.969
  414 (vir)          164.515          -0.246          -1.561         -14.301          177.009
  415 (vir)          164.898           0.073          -1.419         -13.741          177.293
  416 (vir)          165.090          -0.385          -1.698         -14.584          177.591
  417 (vir)          165.245           0.039          -1.564         -14.142          177.862
  418 (vir)          166.174          -0.023          -1.570         -14.311          178.892
  419 (vir)          166.431           0.167          -1.407         -13.527          178.718
  420 (vir)          166.709          -0.153          -1.798         -14.529          179.288
  421 (vir)          167.202          -0.103          -1.694         -14.526          179.932
  422 (vir)          167.607          -0.342          -1.735         -14.682          180.212
  423 (vir)          167.901          -0.073          -1.612         -14.432          180.648
  424 (vir)          168.012           0.073          -1.517         -14.212          180.780
  425 (vir)          168.438          -0.203          -1.695         -14.733          181.273
  426 (vir)          168.469          -0.339          -1.585         -14.480          181.025
  427 (vir)          168.894           0.256          -1.251         -13.258          181.157
  428 (vir)          168.988          -0.091          -1.684         -14.641          181.854
  429 (vir)          169.105          -0.154          -1.744         -14.764          181.971
  430 (vir)          169.541          -0.349          -1.723         -14.892          182.360
  431 (vir)          169.745          -0.162          -1.585         -14.327          182.325
  432 (vir)          170.271          -0.177          -1.535         -14.345          182.904
  433 (vir)          171.028          -0.198          -1.604         -14.397          183.623
  434 (vir)          171.328          -0.152          -1.582         -14.658          184.252
  435 (vir)          171.664          -0.389          -1.572         -14.403          184.106
  436 (vir)          171.927          -0.067          -1.566         -14.294          184.588
  437 (vir)          172.411          -0.095          -1.592         -14.636          185.360
  438 (vir)          172.964          -0.138          -1.559         -14.044          185.312
  439 (vir)          173.646          -0.147          -1.681         -14.997          186.815
  440 (vir)          173.770          -0.319          -1.597         -14.571          186.425
  441 (vir)          173.939          -0.171          -1.933         -15.458          187.294
  442 (vir)          174.677           0.225          -1.546         -14.395          187.751
  443 (vir)          175.029          -0.084          -1.598         -14.576          187.923
  444 (vir)          175.886          -0.227          -1.631         -14.715          188.744
  445 (vir)          176.041          -0.202          -1.683         -14.726          188.882
  446 (vir)          176.229          -0.138          -1.668         -15.091          189.514
  447 (vir)          176.732          -0.131          -1.639         -14.627          189.588
  448 (vir)          177.196          -0.196          -1.657         -14.916          190.259
  449 (vir)          177.364          -0.029          -1.479         -14.138          189.994
  450 (vir)          177.713          -0.189          -1.557         -14.623          190.589
  451 (vir)          177.888          -0.121          -1.879         -15.577          191.464
  452 (vir)          178.251          -0.207          -1.620         -14.656          191.080
  453 (vir)          178.753          -0.240          -1.870         -15.415          192.058
  454 (vir)          179.159          -0.290          -1.924         -15.767          192.712
  455 (vir)          179.380          -0.078          -1.864         -15.107          192.545
  456 (vir)          179.532          -0.326          -1.759         -15.372          192.819
  457 (vir)          179.627          -0.156          -1.596         -14.885          192.760
  458 (vir)          180.470          -0.194          -1.638         -15.027          193.665
  459 (vir)          180.492          -0.241          -2.013         -15.831          194.070
  460 (vir)          180.912          -0.252          -1.821         -15.571          194.409
  461 (vir)          181.291          -0.306          -1.763         -15.492          194.714
  462 (vir)          182.180           0.048          -1.923         -15.101          195.406
  463 (vir)          182.309          -0.072          -1.688         -15.252          195.801
  464 (vir)          184.465          -0.060          -1.691         -15.047          197.761
  465 (vir)          185.140           2.403          -3.485         -17.905          201.963
  466 (vir)          185.919          -0.171          -1.558         -15.152          199.342
  467 (vir)          186.101           0.572          -2.799         -16.844          200.717
  468 (vir)          186.531          -0.057          -1.544         -15.143          200.072
  469 (vir)          186.645          -0.201          -1.747         -15.582          200.278
  470 (vir)          187.432          -0.237          -1.776         -15.464          200.884
  471 (vir)          187.862           0.863          -1.753         -15.281          202.253
  472 (vir)          188.305           0.125          -1.922         -15.729          202.236
  473 (vir)          188.604          -0.375          -1.697         -15.259          201.791
  474 (vir)          189.762           0.777          -2.432         -16.438          204.545
  475 (vir)          189.815           0.858          -1.344         -14.081          203.409
  476 (vir)          190.179           0.841          -1.472         -14.435          203.982
  477 (vir)          191.294           0.525          -2.355         -16.068          205.532
  478 (vir)          191.827           0.077          -2.156         -16.066          205.813
  479 (vir)          192.300          -0.049          -1.418         -14.848          205.682
  480 (vir)          192.710           0.733          -1.606         -14.865          206.703
  481 (vir)          194.271           0.704          -2.411         -16.473          209.038
  482 (vir)          196.015           0.568          -2.306         -15.709          209.985
  483 (vir)          196.177           0.451          -3.117         -17.161          210.672
  484 (vir)          196.757           0.565          -1.532         -14.398          210.188
  485 (vir)          197.073           0.653          -2.898         -16.771          211.599
  486 (vir)          197.297           0.568          -1.582         -14.641          210.925
  487 (vir)          197.649           0.450          -1.140         -13.613          210.572
  488 (vir)          197.998           0.401          -1.413         -14.241          211.227
  489 (vir)          198.635           0.470          -1.266         -14.030          211.869
  490 (vir)          198.747           0.487          -1.617         -14.987          212.605
  491 (vir)          199.881           0.781          -2.277         -15.943          214.328
  492 (vir)          199.990           0.657          -1.957         -15.538          214.229
  493 (vir)          200.221           0.453          -1.164         -13.861          213.372
  494 (vir)          200.230           0.293          -2.180         -16.219          214.561
  495 (vir)          201.189           0.318          -2.225         -16.240          215.522
  496 (vir)          201.243           0.595          -1.953         -15.675          215.560
  497 (vir)          201.655           0.506          -1.221         -13.912          214.852
  498 (vir)          201.729           0.449          -1.150         -13.737          214.764
  499 (vir)          202.463           0.662          -2.937         -17.137          217.326
  500 (vir)          203.151           0.444          -1.848         -15.346          217.093
  501 (vir)          204.604           0.277          -1.599         -14.754          218.037
  502 (vir)          205.062           0.332          -1.128         -13.867          218.133
  503 (vir)          205.269           0.525          -1.181         -13.644          218.256
  504 (vir)          205.616           0.568          -1.378         -13.875          218.682
  505 (vir)          206.307           0.402          -1.410         -14.412          219.711
  506 (vir)          206.550           0.204          -1.209         -14.003          219.548
  507 (vir)          207.501           0.234          -1.229         -13.949          220.455
  508 (vir)          207.726           0.307          -1.225         -14.023          220.831
  509 (vir)          208.208           0.535          -1.638         -14.621          221.727
  510 (vir)          208.814           0.435          -1.119         -13.389          221.519
  511 (vir)          209.533           0.505          -1.006         -13.305          222.337
  512 (vir)          209.809           0.399          -1.509         -14.350          223.050
  513 (vir)          210.278           0.412          -1.125         -13.677          223.243
  514 (vir)          210.871           0.299          -1.488         -14.517          224.199
  515 (vir)          211.772           0.209          -1.898         -15.728          225.811
  516 (vir)          211.861           0.312          -1.828         -15.483          225.828
  517 (vir)          212.190           0.374          -1.150         -13.651          225.065
  518 (vir)          213.143           0.379          -1.140         -13.603          225.985
  519 (vir)          213.720           0.174          -0.974         -13.335          226.254
  520 (vir)          213.744           0.440          -1.809         -15.310          227.685
  521 (vir)          214.385           0.308          -1.700         -14.999          227.992
  522 (vir)          214.897           0.278          -1.414         -14.325          228.086
  523 (vir)          214.937           0.264          -1.436         -14.826          228.591
  524 (vir)          216.391           0.470          -0.950         -13.172          229.083
  525 (vir)          217.413           0.249          -1.702         -15.225          231.186
  526 (vir)          217.548           0.385          -1.394         -14.605          231.144
  527 (vir)          218.266           0.455          -1.037         -13.583          231.267
  528 (vir)          218.617           0.490          -0.980         -13.451          231.580
  529 (vir)          219.175           0.304          -1.604         -14.955          232.829
  530 (vir)          219.896           0.513          -0.973         -13.688          233.124
  531 (vir)          219.949           0.412          -2.214         -16.285          234.432
  532 (vir)          220.069           0.505          -0.859         -12.891          232.606
  533 (vir)          220.988           0.124          -1.512         -14.977          234.577
  534 (vir)          221.095           0.324          -1.315         -14.263          234.368
  535 (vir)          221.928           0.252          -1.265         -14.550          235.465
  536 (vir)          222.364          -0.219          -1.797         -16.196          236.543
  537 (vir)          222.720          -0.256          -1.642         -15.881          236.703
  538 (vir)          222.779           0.084          -1.396         -15.258          236.725
  539 (vir)          222.968           0.158          -1.275         -14.098          235.949
  540 (vir)          223.064           0.454          -1.509         -14.828          236.837
  541 (vir)          223.942           0.281          -1.141         -13.750          236.831
  542 (vir)          224.263           0.292          -1.410         -14.807          237.953
  543 (vir)          224.570           0.137          -1.781         -15.600          238.526
  544 (vir)          224.668           0.171          -1.283         -14.663          238.220
  545 (vir)          224.918           0.340          -1.378         -14.244          238.124
  546 (vir)          225.035           0.067          -1.270         -14.809          238.642
  547 (vir)          225.635           0.375          -1.064         -13.880          238.826
  548 (vir)          225.813           0.381          -1.070         -13.726          238.850
  549 (vir)          226.141           0.077          -1.417         -15.179          239.980
  550 (vir)          226.319           0.434          -0.992         -13.251          239.013
  551 (vir)          226.703           0.379          -1.059         -14.009          240.031
  552 (vir)          226.902           0.377          -1.249         -14.369          240.399
  553 (vir)          226.991           0.129          -1.441         -14.694          240.373
  554 (vir)          227.145          -0.062          -1.525         -15.134          240.691
  555 (vir)          228.243           0.369          -1.748         -15.397          242.259
  556 (vir)          229.060           0.419          -0.947         -13.498          242.030
  557 (vir)          229.269           0.350          -1.188         -14.332          242.763
  558 (vir)          229.411           0.353          -1.238         -14.485          243.011
  559 (vir)          230.690           0.396          -1.580         -15.372          244.877
  560 (vir)          230.858           0.419          -1.294         -14.285          244.267
  561 (vir)          232.286           0.154          -1.302         -15.327          246.464
  562 (vir)          232.549           0.410          -0.920         -13.438          245.477
  563 (vir)          233.578           0.151          -1.326         -14.936          247.339
  564 (vir)          233.827           0.356          -1.645         -15.003          247.541
  565 (vir)          234.897           0.165          -1.364         -15.107          248.804
  566 (vir)          235.168           0.373          -1.540         -14.676          248.676
  567 (vir)          235.262           0.285          -1.161         -14.323          248.709
  568 (vir)          235.457           0.310          -1.306         -15.020          249.481
  569 (vir)          237.327           0.392          -1.176         -14.922          251.464
  570 (vir)          238.173           0.158          -1.604         -15.544          252.271
  571 (vir)          238.682           0.314          -1.151         -14.422          252.267
  572 (vir)          238.880           0.367          -1.150         -14.107          252.205
  573 (vir)          239.798           0.411          -1.034         -13.978          253.153
  574 (vir)          240.108           0.294          -1.169         -14.219          253.452
  575 (vir)          240.450           0.308          -1.133         -14.427          254.052
  576 (vir)          240.870           0.376          -0.982         -13.772          254.036
  577 (vir)          242.555           0.238          -1.387         -15.171          256.578
  578 (vir)          242.777           0.368          -1.255         -14.834          256.723
  579 (vir)          243.949           0.447          -1.095         -14.420          257.722
  580 (vir)          245.309           0.364          -1.239         -14.715          259.149
  581 (vir)          250.542           0.235          -1.866         -16.485          265.396
  582 (vir)          252.751           0.141          -2.748         -18.496          268.639
  583 (vir)          252.763           0.327          -1.463         -15.780          267.407
  584 (vir)          253.719           0.369          -1.357         -15.535          268.266
  585 (vir)          255.498           0.325          -1.242         -15.105          269.686
  586 (vir)          257.486          -0.059          -1.043         -14.721          271.105
  587 (vir)          257.811           0.228          -1.692         -16.386          272.733
  588 (vir)          258.722          -0.007          -1.026         -14.658          272.347
  589 (vir)          259.499           0.227          -1.626         -16.148          274.249
  590 (vir)          260.325           0.307          -1.506         -16.013          275.138
  591 (vir)          261.173           0.272          -1.290         -15.394          275.550
  592 (vir)          261.795           0.268          -0.936         -14.177          275.304
  593 (vir)          262.074           0.238          -1.536         -16.111          276.887
  594 (vir)          262.340           0.325          -1.419         -15.621          276.867
  595 (vir)          262.721           0.238          -1.115         -14.867          276.710
  596 (vir)          262.799           0.086          -1.044         -14.703          276.544
  597 (vir)          263.082           0.240          -1.239         -15.244          277.327
  598 (vir)          264.788           0.248          -1.110         -14.858          278.783
  599 (vir)          265.426           0.025          -1.014         -14.691          279.129
  600 (vir)          267.495           0.278          -1.515         -16.304          282.562
  601 (vir)          268.327           0.185          -1.741         -16.603          283.374
  602 (vir)          268.882           0.232          -1.554         -16.363          283.921
  603 (vir)          270.610          -0.213          -3.386         -20.168          287.178
  604 (vir)          271.646          -0.201          -3.429         -19.956          287.971
  605 (vir)          272.083          -0.029          -1.343         -15.509          286.220
  606 (vir)          274.394           0.068          -1.346         -15.623          288.739
  607 (vir)          274.936          -0.148          -2.676         -18.762          290.874
  608 (vir)          275.984           0.144          -2.961         -19.001          292.167
  609 (vir)          276.436          -0.199          -3.839         -20.914          293.312
  610 (vir)          277.691          -0.068          -2.166         -17.587          293.045
  611 (vir)          281.272          -0.108          -2.837         -19.115          297.442
  612 (vir)          281.538          -0.076          -1.635         -16.444          296.272
  613 (vir)          284.788           0.098          -1.496         -16.444          299.833
  614 (vir)          287.117           0.240          -1.619         -17.051          302.788
  615 (vir)          288.035          -0.080          -4.579         -22.228          305.604
  616 (vir)          290.028           0.152          -1.606         -16.593          305.165
  617 (vir)          310.370           0.177          -1.564         -16.794          325.777
  618 (vir)          321.807           0.131          -1.424         -16.398          336.911
  619 (vir)          325.683           0.218          -2.148         -17.985          341.738
  620 (vir)          326.893           0.146          -1.483         -16.696          342.252
  621 (vir)          337.853           0.247          -2.278         -18.438          354.259
  622 (vir)          340.813           0.319          -2.285         -18.485          357.332
  623 (vir)          344.473           0.292          -2.295         -18.561          361.031
  624 (vir)          350.971           0.138          -2.204         -18.506          367.411
  625 (vir)          354.828           0.475          -2.777         -19.460          371.986
  626 (vir)          752.904          -0.633         -13.050         -46.282          785.504
  627 (vir)          766.409          -0.777         -12.863         -46.151          798.919
  628 (vir)          768.171          -0.770         -12.819         -46.088          800.669
  629 (vir)          777.854          -0.823         -12.653         -45.918          810.296
  630 (vir)          781.135          -0.880         -12.608         -45.875          813.522
  631 (vir)          783.188          -0.758         -12.521         -45.686          815.596
  632 (vir)          790.440          -0.936         -12.488         -45.776          822.793
  633 (vir)         3984.669          -1.801         -14.796         -94.575         4062.647
  634 (vir)         3997.626          -1.797         -14.741         -94.529         4075.617
  635 (vir)         3998.990          -1.796         -14.737         -94.528         4076.984
  636 (vir)         4007.770          -1.793         -14.697         -94.490         4085.770
  637 (vir)         4010.814          -1.792         -14.685         -94.480         4088.816
  638 (vir)         4014.144          -1.791         -14.662         -94.444         4092.135
  639 (vir)         4020.861          -1.788         -14.641         -94.436         4098.868
