 
  kpoint:     0.0000    0.0000    0.0000
 
    n          ϵ_nk^DFT (eV)     Σ^c_nk (eV)     Σ^x_nk (eV)     v_n^xc (eV)   ϵ_nk^G0W0 (eV)
 
    1 (occ)       -31648.794          -0.536        -996.680        -611.921       -32034.089
    2 (occ)       -31648.794          -0.536        -996.680        -611.921       -32034.089
    3 (occ)       -31648.794          -0.536        -996.680        -611.921       -32034.089
    4 (occ)        -4768.271          70.698        -393.049        -237.888        -4852.734
    5 (occ)        -4768.271          70.698        -393.049        -237.888        -4852.735
    6 (occ)        -4768.271          70.699        -393.049        -237.888        -4852.734
    7 (occ)        -4481.039          26.127        -387.949        -252.475        -4590.385
    8 (occ)        -4481.039          26.127        -387.949        -252.475        -4590.386
    9 (occ)        -4481.039          26.127        -387.949        -252.475        -4590.386
   10 (occ)        -4481.015          26.069        -387.976        -252.483        -4590.439
   11 (occ)        -4481.015          26.069        -387.976        -252.483        -4590.439
   12 (occ)        -4481.015          26.069        -387.976        -252.483        -4590.439
   13 (occ)        -4481.008          26.067        -387.982        -252.485        -4590.438
   14 (occ)        -4481.008          26.067        -387.982        -252.485        -4590.438
   15 (occ)        -4481.008          26.067        -387.982        -252.485        -4590.438
   16 (occ)        -1509.067          -6.763        -224.757        -140.683        -1599.904
   17 (occ)         -959.794         -11.193        -184.312        -113.117        -1042.182
   18 (occ)         -959.794         -11.193        -184.312        -113.117        -1042.182
   19 (occ)         -959.794         -11.193        -184.312        -113.117        -1042.182
   20 (occ)         -839.015         -14.181        -176.393        -115.196         -914.393
   21 (occ)         -839.015         -14.181        -176.393        -115.196         -914.393
   22 (occ)         -839.015         -14.181        -176.393        -115.196         -914.393
   23 (occ)         -838.955         -14.291        -176.421        -115.206         -914.461
   24 (occ)         -838.955         -14.291        -176.421        -115.206         -914.461
   25 (occ)         -838.955         -14.291        -176.421        -115.206         -914.461
   26 (occ)         -838.940         -14.315        -176.432        -115.207         -914.480
   27 (occ)         -838.940         -14.316        -176.433        -115.208         -914.481
   28 (occ)         -838.940         -14.316        -176.433        -115.208         -914.481
   29 (occ)         -614.479          43.833        -163.647        -118.311         -615.981
   30 (occ)         -614.479          43.825        -163.647        -118.311         -615.989
   31 (occ)         -614.479          43.824        -163.647        -118.311         -615.990
   32 (occ)         -614.468          44.479        -163.648        -118.312         -615.324
   33 (occ)         -614.468          44.470        -163.648        -118.312         -615.333
   34 (occ)         -614.468          44.471        -163.648        -118.312         -615.332
   35 (occ)         -614.458          44.287        -163.651        -118.314         -615.509
   36 (occ)         -614.458          44.278        -163.651        -118.314         -615.518
   37 (occ)         -614.458          44.279        -163.651        -118.314         -615.516
   38 (occ)         -614.419          45.468        -163.659        -118.320         -614.291
   39 (occ)         -614.419          45.460        -163.659        -118.320         -614.299
   40 (occ)         -614.419          45.460        -163.659        -118.320         -614.299
   41 (occ)         -614.418          45.399        -163.660        -118.320         -614.360
   42 (occ)         -614.418          45.390        -163.660        -118.320         -614.368
   43 (occ)         -614.418          45.390        -163.660        -118.320         -614.368
   44 (occ)         -166.516          -0.478         -81.532         -51.978         -196.548
   45 (occ)         -166.516          -0.483         -81.532         -51.978         -196.553
   46 (occ)         -166.516          -0.468         -81.532         -51.978         -196.538
   47 (occ)         -124.366          14.668         -73.421         -49.827         -133.293
   48 (occ)         -124.366          14.664         -73.421         -49.827         -133.296
   49 (occ)         -124.366          14.663         -73.421         -49.827         -133.297
   50 (occ)         -124.234          14.949         -73.505         -49.849         -132.941
   51 (occ)         -124.234          14.945         -73.505         -49.849         -132.945
   52 (occ)         -124.234          14.944         -73.505         -49.849         -132.946
   53 (occ)         -124.200          14.971         -73.524         -49.855         -132.899
   54 (occ)         -124.200          14.969         -73.524         -49.855         -132.901
   55 (occ)         -124.200          14.968         -73.524         -49.854         -132.902
   56 (occ)         -109.029           6.378         -68.371         -42.730         -128.292
   57 (occ)          -71.074           7.230         -60.050         -42.175          -81.718
   58 (occ)          -70.940           7.627         -60.215         -42.231          -81.296
   59 (occ)          -70.940           7.627         -60.215         -42.231          -81.296
   60 (occ)          -52.389           5.701         -55.527         -43.473          -58.743
   61 (occ)          -52.389           5.711         -55.530         -43.475          -58.733
   62 (occ)          -52.389           5.711         -55.530         -43.475          -58.734
   63 (occ)          -52.346           5.681         -55.547         -43.494          -58.717
   64 (occ)          -52.346           5.687         -55.548         -43.494          -58.713
   65 (occ)          -52.346           5.687         -55.548         -43.494          -58.713
   66 (occ)          -52.320           5.683         -55.555         -43.499          -58.692
   67 (occ)          -52.320           5.683         -55.555         -43.499          -58.693
   68 (occ)          -52.320           5.689         -55.557         -43.500          -58.687
   69 (occ)          -52.209           5.689         -55.600         -43.529          -58.590
   70 (occ)          -52.209           5.689         -55.600         -43.529          -58.590
   71 (occ)          -52.208           5.692         -55.601         -43.529          -58.587
   72 (occ)          -52.207           5.688         -55.600         -43.529          -58.590
   73 (occ)          -52.207           5.691         -55.601         -43.530          -58.588
   74 (occ)          -52.207           5.691         -55.601         -43.530          -58.588
   75 (occ)          -16.718           5.048         -22.609         -15.815          -18.464
   76 (occ)          -16.199           4.809         -23.063         -16.488          -17.966
   77 (occ)          -16.199           4.809         -23.063         -16.488          -17.966
   78 (occ)          -10.480           1.354         -17.166         -13.337          -12.955
   79 (occ)           -8.565           0.749         -16.895         -13.619          -11.091
   80 (occ)           -8.565           0.749         -16.895         -13.619          -11.091
   81 (occ)           -7.696           0.840         -15.684         -12.297          -10.243
   82 (occ)           -7.201           0.713         -16.593         -13.284           -9.797
   83 (occ)           -7.201           0.713         -16.593         -13.284           -9.797
   84 (occ)           -7.108           0.681         -16.505         -13.278           -9.655
   85 (occ)           -7.108           0.681         -16.505         -13.278           -9.655
   86 (occ)           -6.702           0.613         -16.965         -13.737           -9.317
   87 (vir)           -2.663          -2.176          -5.569          -9.605           -0.803
   88 (vir)           -2.623          -2.271          -7.642         -11.920           -0.616
   89 (vir)           -0.295          -2.236          -5.463          -9.777            1.783
   90 (vir)           -0.295          -2.236          -5.463          -9.778            1.783
   91 (vir)            0.008          -1.361          -2.237          -5.272            1.683
   92 (vir)            0.869          -1.032          -1.845          -4.539            2.532
   93 (vir)            0.869          -1.032          -1.845          -4.539            2.532
   94 (vir)            1.212          -0.801          -0.948          -3.096            2.558
   95 (vir)            1.397          -2.027          -3.475          -7.571            3.465
   96 (vir)            1.397          -2.027          -3.475          -7.571            3.465
   97 (vir)            1.578          -1.592          -2.213          -5.570            3.342
   98 (vir)            1.978          -1.701          -3.304          -6.947            3.920
   99 (vir)            1.978          -1.701          -3.305          -6.948            3.921
  100 (vir)            3.695          -1.986          -3.517          -7.434            5.625
  101 (vir)            3.923          -1.748          -3.235          -7.122            6.062
  102 (vir)            3.923          -1.748          -3.235          -7.122            6.062
  103 (vir)            4.148          -1.874          -3.493          -7.509            6.290
  104 (vir)            4.240          -1.884          -3.530          -7.488            6.314
  105 (vir)            4.241          -1.884          -3.530          -7.488            6.314
  106 (vir)            4.895          -2.538          -4.525          -9.303            7.135
  107 (vir)            4.895          -2.538          -4.526          -9.303            7.135
  108 (vir)            5.333          -2.176          -2.905          -6.909            7.161
  109 (vir)            5.749          -2.601          -4.659          -9.547            8.037
  110 (vir)            5.749          -2.601          -4.659          -9.547            8.037
  111 (vir)            5.882          -2.852          -5.610         -10.901            8.321
  112 (vir)            7.642          -2.908          -3.915          -8.745            9.563
  113 (vir)            7.759          -2.830          -3.373          -8.211            9.767
  114 (vir)            7.760          -2.831          -3.374          -8.212            9.767
  115 (vir)            7.839          -3.136          -4.490          -9.751            9.965
  116 (vir)            7.840          -3.136          -4.489          -9.750            9.965
  117 (vir)            8.177          -2.914          -4.707          -9.891           10.447
  118 (vir)            8.460          -3.024          -3.745          -8.889           10.580
  119 (vir)            8.561          -3.621          -3.543          -9.120           10.516
  120 (vir)            9.558          -3.908          -2.456          -8.295           11.490
  121 (vir)            9.558          -3.908          -2.456          -8.295           11.490
  122 (vir)            9.826          -2.868          -2.648          -7.543           11.853
  123 (vir)            9.827          -2.869          -2.648          -7.544           11.854
  124 (vir)           10.165          -3.329          -3.746          -9.033           12.124
  125 (vir)           10.165          -3.328          -3.746          -9.033           12.124
  126 (vir)           10.304          -3.037          -2.729          -7.621           12.159
  127 (vir)           10.701          -3.398          -3.213          -8.771           12.862
  128 (vir)           10.702          -3.399          -3.213          -8.772           12.862
  129 (vir)           11.077          -3.021          -2.009          -6.568           12.615
  130 (vir)           11.135          -3.194          -2.928          -8.217           13.230
  131 (vir)           12.806          -4.369          -3.956         -10.494           14.975
  132 (vir)           12.806          -4.369          -3.956         -10.494           14.975
  133 (vir)           13.296          -4.194          -3.950         -10.260           15.412
  134 (vir)           13.296          -4.193          -3.951         -10.260           15.413
  135 (vir)           13.341          -4.708          -3.687         -10.200           15.146
  136 (vir)           13.484          -4.523          -3.869         -10.469           15.561
  137 (vir)           13.484          -4.521          -3.869         -10.469           15.563
  138 (vir)           14.041          -3.742          -4.333         -10.864           16.829
  139 (vir)           14.254          -5.227          -4.776         -12.328           16.578
  140 (vir)           14.367          -4.660          -4.849         -12.489           17.347
  141 (vir)           14.560          -4.708          -5.163         -12.926           17.615
  142 (vir)           14.583          -5.363          -4.692         -12.114           16.643
  143 (vir)           14.583          -5.345          -4.692         -12.114           16.661
  144 (vir)           15.136          -4.538          -4.518         -11.278           17.358
  145 (vir)           15.137          -4.536          -4.518         -11.278           17.361
  146 (vir)           15.849          -4.613          -5.116         -12.950           19.071
  147 (vir)           16.482          -4.195          -5.345         -12.648           19.590
  148 (vir)           16.484          -4.195          -5.345         -12.648           19.591
  149 (vir)           17.686          -3.916          -4.563         -11.553           20.760
  150 (vir)           18.479          -4.959          -5.609         -13.912           21.823
  151 (vir)           18.479          -4.959          -5.609         -13.912           21.823
  152 (vir)           19.086          -3.217          -4.283         -10.931           22.516
  153 (vir)           19.473          -4.923          -6.033         -14.304           22.820
  154 (vir)           19.473          -4.923          -6.033         -14.302           22.820
  155 (vir)           19.810          -3.542          -3.802         -10.554           23.020
  156 (vir)           19.812          -3.543          -3.802         -10.554           23.022
  157 (vir)           20.308          -4.590          -6.423         -14.636           23.930
  158 (vir)           21.856          -3.621          -5.007         -12.414           25.642
  159 (vir)           21.856          -3.621          -5.007         -12.414           25.642
  160 (vir)           23.474          -4.299          -6.453         -14.923           27.645
  161 (vir)           23.474          -4.300          -6.453         -14.923           27.644
  162 (vir)           25.507          -2.928          -4.888         -11.981           29.672
  163 (vir)           25.767          -3.711          -5.332         -13.140           29.864
  164 (vir)           30.028          -4.008          -7.549         -16.503           34.973
  165 (vir)           30.028          -4.006          -7.549         -16.503           34.976
  166 (vir)           30.034          -4.599          -9.605         -19.401           35.231
  167 (vir)           30.087          -4.706          -9.087         -18.859           35.152
  168 (vir)           30.087          -4.707          -9.088         -18.860           35.152
  169 (vir)           30.255          -4.932         -10.742         -21.099           35.680
  170 (vir)           30.259          -4.889          -9.378         -19.310           35.303
  171 (vir)           30.259          -4.888          -9.378         -19.310           35.304
  172 (vir)           30.337          -4.714          -9.830         -19.796           35.590
  173 (vir)           30.337          -4.714          -9.829         -19.796           35.589
  174 (vir)           30.606          -4.996         -10.950         -21.458           36.118
  175 (vir)           30.688          -4.601          -8.833         -18.408           35.662
  176 (vir)           30.688          -4.600          -8.833         -18.408           35.663
  177 (vir)           30.699          -4.835         -10.131         -20.275           36.008
  178 (vir)           30.856          -4.623          -8.604         -18.116           35.746
  179 (vir)           31.026          -4.758          -8.212         -17.773           35.830
  180 (vir)           31.026          -4.757          -8.212         -17.773           35.831
  181 (vir)           31.081          -4.879         -10.820         -21.310           36.693
  182 (vir)           31.713          -4.726          -9.832         -19.833           36.988
  183 (vir)           31.713          -4.725          -9.832         -19.833           36.988
  184 (vir)           32.199          -4.423          -7.851         -17.201           37.127
  185 (vir)           32.200          -4.584          -8.518         -18.116           37.214
  186 (vir)           32.200          -4.585          -8.518         -18.116           37.212
  187 (vir)           33.025          -3.321          -7.018         -15.749           38.435
  188 (vir)           33.631          -2.747          -5.811         -14.644           39.717
  189 (vir)           33.631          -2.746          -5.811         -14.644           39.717
  190 (vir)           33.643          -2.674          -5.219         -13.476           39.225
  191 (vir)           33.643          -2.676          -5.219         -13.476           39.222
  192 (vir)           34.411          -2.689          -4.849         -13.262           40.134
  193 (vir)           36.242          -2.006          -4.864         -13.610           42.982
  194 (vir)           36.242          -2.003          -4.863         -13.610           42.986
  195 (vir)           36.771          -2.787          -7.960         -17.453           43.477
  196 (vir)           36.774          -2.216          -5.050         -13.362           42.871
  197 (vir)           36.915          -1.917          -5.440         -14.094           43.652
  198 (vir)           36.915          -1.915          -5.439         -14.093           43.654
  199 (vir)           37.587          -0.296          -1.947         -10.658           46.002
  200 (vir)           38.297          -2.749          -5.455         -14.141           44.234
  201 (vir)           38.298          -2.748          -5.457         -14.144           44.237
  202 (vir)           38.550          -1.447          -3.495         -11.802           45.411
  203 (vir)           38.550          -1.446          -3.495         -11.802           45.411
  204 (vir)           38.722          -1.384          -1.469          -9.308           45.177
  205 (vir)           38.866          -1.524          -6.071         -14.975           46.246
  206 (vir)           39.219          -0.321          -1.718         -10.248           47.428
  207 (vir)           39.220          -1.946          -5.599         -14.457           46.133
  208 (vir)           40.672          -1.887          -4.852         -13.745           47.679
  209 (vir)           40.672          -1.888          -4.852         -13.745           47.677
  210 (vir)           40.803          -2.290          -5.411         -13.982           47.083
  211 (vir)           40.805          -2.288          -5.406         -13.974           47.086
  212 (vir)           41.569          -1.626          -3.897         -12.170           48.215
  213 (vir)           42.015          -1.744          -4.002         -12.521           48.791
  214 (vir)           42.018          -1.741          -4.004         -12.525           48.798
  215 (vir)           43.634          -1.396          -3.087         -11.839           50.990
  216 (vir)           43.635          -1.397          -3.088         -11.840           50.990
  217 (vir)           43.638          -1.085          -6.032         -15.581           52.101
  218 (vir)           43.638          -1.094          -6.032         -15.581           52.093
  219 (vir)           43.906          -0.961          -6.054         -15.725           52.615
  220 (vir)           44.855          -0.366          -3.924         -13.470           54.035
  221 (vir)           46.020          -1.836          -4.723         -13.728           53.190
  222 (vir)           46.138          -1.241          -5.116         -14.551           54.332
  223 (vir)           46.138          -1.243          -5.116         -14.551           54.329
  224 (vir)           46.363          -0.633          -2.254         -10.903           54.379
  225 (vir)           46.363          -0.633          -2.254         -10.903           54.379
  226 (vir)           46.438          -1.062          -1.945         -10.066           53.495
  227 (vir)           46.714          -1.645          -4.584         -13.883           54.369
  228 (vir)           46.714          -1.644          -4.583         -13.883           54.370
  229 (vir)           47.074          -0.235          -2.124         -11.713           56.427
  230 (vir)           47.100          -0.499          -2.377         -11.962           56.186
  231 (vir)           47.119          -0.214          -2.235         -11.787           56.456
  232 (vir)           47.119          -0.215          -2.235         -11.787           56.455
  233 (vir)           47.358          -0.274          -2.227         -11.483           56.340
  234 (vir)           47.359          -0.274          -2.227         -11.483           56.340
  235 (vir)           47.906          -0.400          -2.615         -12.176           57.068
  236 (vir)           47.906          -0.404          -2.615         -12.176           57.064
  237 (vir)           49.056          -1.182          -3.255         -12.714           57.332
  238 (vir)           49.056          -1.178          -3.255         -12.713           57.336
  239 (vir)           49.495          -1.786          -4.539         -14.098           57.268
  240 (vir)           50.557          -2.340          -4.224         -13.718           57.711
  241 (vir)           51.386          -2.173          -3.120         -12.458           58.551
  242 (vir)           53.064          -1.637          -2.410         -11.987           61.004
  243 (vir)           53.064          -1.632          -2.410         -11.987           61.009
  244 (vir)           54.402          -1.559          -3.098         -12.061           61.806
  245 (vir)           54.603          -1.828          -2.527         -11.893           62.141
  246 (vir)           54.603          -1.822          -2.527         -11.893           62.148
  247 (vir)           56.516          -0.627          -4.518         -14.832           66.203
  248 (vir)           56.516          -0.613          -4.518         -14.832           66.217
  249 (vir)           57.044          -0.662          -4.055         -14.125           66.451
  250 (vir)           59.126           4.024          -4.359         -14.447           73.238
  251 (vir)           61.629          -2.645          -1.482         -10.798           68.300
  252 (vir)           62.552           4.125          -6.241         -17.442           77.878
  253 (vir)           62.553           4.139          -6.241         -17.442           77.893
  254 (vir)           65.113           1.650          -5.831         -15.906           76.838
  255 (vir)           66.839           1.466          -2.865         -13.105           78.545
  256 (vir)           67.347           1.199          -1.973         -11.361           77.935
  257 (vir)           67.347           1.188          -1.973         -11.361           77.923
  258 (vir)           70.060           1.678          -2.574         -12.598           81.762
  259 (vir)           72.500           2.501          -2.637         -12.664           85.028
  260 (vir)           72.500           2.502          -2.637         -12.664           85.029
  261 (vir)           77.762          -0.608          -6.589         -18.246           88.811
  262 (vir)           77.764          -0.606          -6.590         -18.247           88.815
  263 (vir)           82.656          -3.009         -13.757         -29.876           95.767
  264 (vir)           82.656          -3.020         -13.757         -29.876           95.756
  265 (vir)           82.795          -3.127         -13.701         -29.794           95.761
  266 (vir)           82.795          -3.140         -13.701         -29.794           95.747
  267 (vir)           82.803          -3.329         -13.694         -29.782           95.562
  268 (vir)           82.961          -2.997         -13.661         -29.770           96.074
  269 (vir)           83.020          -2.808         -13.617         -29.683           96.277
  270 (vir)           84.510          -2.932         -13.124         -29.059           97.512
  271 (vir)           84.510          -2.927         -13.124         -29.059           97.518
  272 (vir)           84.652          -2.810         -13.151         -29.111           97.802
  273 (vir)           84.652          -2.812         -13.151         -29.111           97.800
  274 (vir)           84.918          -1.905         -13.129         -29.076           98.961
  275 (vir)           85.079          -2.654         -13.048         -29.017           98.395
  276 (vir)           85.106          -2.923         -13.055         -28.974           98.102
  277 (vir)           85.106          -2.921         -13.055         -28.974           98.103
  278 (vir)           85.949          -3.129         -12.591         -28.261           98.490
  279 (vir)           86.177          -2.499         -12.707         -28.534           99.505
  280 (vir)           86.177          -2.500         -12.707         -28.534           99.505
  281 (vir)           87.729          -2.085         -11.600         -26.780          100.824
  282 (vir)           92.150          -2.154         -10.229         -25.099          104.866
  283 (vir)           92.152          -2.155         -10.228         -25.097          104.866
  284 (vir)           96.416          -0.853          -7.565         -19.970          107.967
  285 (vir)          113.934          -0.283          -8.778         -22.746          127.619
  286 (vir)          113.934          -0.283          -8.778         -22.746          127.618
  287 (vir)          120.965          -0.509          -8.292         -22.228          134.391
  288 (vir)          121.899          -0.062          -8.447         -22.681          136.071
  289 (vir)          121.899          -0.063          -8.447         -22.681          136.070
  290 (vir)          139.848           1.286         -16.913         -34.926          159.146
  291 (vir)          139.848           1.291         -16.913         -34.926          159.152
  292 (vir)          140.345           1.042         -16.969         -35.001          159.419
  293 (vir)          140.585           1.269         -16.747         -34.772          159.879
  294 (vir)          140.585           1.274         -16.747         -34.772          159.884
  295 (vir)          143.084           1.306         -16.124         -34.222          162.488
  296 (vir)          143.287           0.618         -14.324         -32.596          162.177
  297 (vir)          144.069          -3.078         -14.546         -32.778          159.223
  298 (vir)          144.069          -3.130         -14.546         -32.778          159.171
  299 (vir)          145.053           0.627         -14.219         -32.472          163.933
  300 (vir)          145.053           0.639         -14.219         -32.472          163.945
  301 (vir)          145.056          -3.997         -14.490         -32.711          159.281
  302 (vir)          146.707           2.192         -14.862         -33.056          167.092
  303 (vir)          146.935           1.931         -15.082         -33.277          167.061
  304 (vir)          146.936           1.925         -15.082         -33.277          167.055
  305 (vir)          149.174           1.233         -14.041         -32.314          168.680
  306 (vir)          149.174           1.210         -14.041         -32.314          168.657
  307 (vir)          149.560           1.518         -14.012         -32.303          169.369
  308 (vir)          152.318          -1.590         -14.007         -32.267          168.989
  309 (vir)          152.318          -1.537         -14.007         -32.267          169.042
  310 (vir)          153.645           8.068         -14.516         -32.787          179.984
  311 (vir)          159.534           3.167         -14.749         -33.161          181.115
  312 (vir)          159.535           3.157         -14.749         -33.161          181.105
  313 (vir)          159.989           2.425         -14.991         -33.395          180.819
  314 (vir)          189.766           4.213         -16.133         -35.079          212.925
  315 (vir)          189.766           4.225         -16.133         -35.079          212.937
  316 (vir)          196.175           6.124         -16.063         -34.989          221.225
  317 (vir)          199.874           1.686         -13.358         -33.861          222.063
  318 (vir)          226.403           2.389         -13.513         -34.720          250.000
  319 (vir)          226.404           2.389         -13.513         -34.720          250.001
  320 (vir)          301.360          12.824         -16.917         -44.785          342.052
  321 (vir)          301.360          12.824         -16.917         -44.785          342.052
  322 (vir)          301.429          12.800         -16.914         -44.780          342.095
  323 (vir)          301.434          12.815         -16.914         -44.780          342.115
  324 (vir)          301.434          12.815         -16.914         -44.780          342.115
  325 (vir)          301.499          12.844         -16.909         -44.773          342.207
  326 (vir)          301.535          12.663         -16.907         -44.767          342.057
  327 (vir)          302.244          12.832         -16.866         -44.711          342.921
  328 (vir)          302.244          12.832         -16.866         -44.711          342.920
  329 (vir)          302.416          12.744         -16.858         -44.701          343.003
  330 (vir)          302.416          12.744         -16.858         -44.701          343.003
  331 (vir)          302.651          12.721         -16.843         -44.686          343.215
  332 (vir)          302.715          12.789         -16.844         -44.681          343.341
  333 (vir)          302.715          12.789         -16.844         -44.681          343.341
  334 (vir)          302.838          12.666         -16.846         -44.684          343.342
  335 (vir)          302.964          12.781         -16.829         -44.648          343.565
  336 (vir)          303.204          12.709         -16.819         -44.647          343.740
  337 (vir)          303.204          12.709         -16.819         -44.647          343.740
  338 (vir)          303.588          12.572         -16.788         -44.606          343.977
  339 (vir)          305.182          12.557         -16.686         -44.447          345.500
  340 (vir)          305.182          12.556         -16.686         -44.447          345.500
  341 (vir)          337.473           1.925         -14.053         -37.266          362.611
  342 (vir)          497.153           3.626         -32.556         -67.448          535.670
  343 (vir)          497.963           3.649         -32.525         -67.416          536.503
  344 (vir)          497.963           3.649         -32.525         -67.416          536.503
  345 (vir)          498.312           3.652         -32.512         -67.405          536.857
  346 (vir)          498.312           3.652         -32.512         -67.405          536.857
  347 (vir)          498.635           3.644         -32.502         -67.393          537.170
  348 (vir)          501.213           3.679         -32.408         -67.305          539.789
  349 (vir)          501.213           3.679         -32.408         -67.305          539.789
  350 (vir)          501.464           3.683         -32.396         -67.293          540.044
  351 (vir)          502.482           3.674         -32.378         -67.273          541.051
  352 (vir)          502.941           3.700         -32.353         -67.243          541.531
  353 (vir)          502.941           3.700         -32.353         -67.243          541.531
  354 (vir)          503.956           3.661         -32.323         -67.216          542.509
  355 (vir)          504.576           3.662         -32.292         -67.184          543.130
  356 (vir)          504.576           3.662         -32.292         -67.184          543.130
  357 (vir)          716.424           2.988         -31.284         -66.522          754.650
  358 (vir)          716.424           2.988         -31.284         -66.522          754.650
  359 (vir)          720.464           3.000         -31.199         -66.474          758.739
  360 (vir)         1236.386           2.050         -25.132         -69.876         1283.180
  361 (vir)         1273.668           2.431         -62.068        -118.837         1332.868
  362 (vir)         1273.668           2.431         -62.068        -118.837         1332.868
  363 (vir)         1274.125           2.435         -62.056        -118.831         1333.335
  364 (vir)         1274.779           2.437         -62.049        -118.824         1333.990
  365 (vir)         1274.779           2.437         -62.049        -118.824         1333.990
  366 (vir)         1279.557           2.445         -61.933        -118.764         1338.833
  367 (vir)         1286.916           2.481         -61.708        -118.668         1346.357
  368 (vir)         1286.916           2.481         -61.708        -118.668         1346.358
  369 (vir)         1288.548           2.487         -61.557        -118.499         1347.978
  370 (vir)         2388.511           1.906         -50.037        -114.388         2454.768
  371 (vir)         2388.511           1.906         -50.037        -114.388         2454.768
  372 (vir)         2392.331           1.914         -49.989        -114.354         2458.610
  373 (vir)         6886.843           1.044         -42.425        -160.953         7006.416
  374 (vir)         7148.298           2.269         -71.194        -180.149         7259.522
  375 (vir)         7148.298           2.269         -71.194        -180.149         7259.522
  376 (vir)         7151.809           2.283         -71.165        -180.130         7263.057
  377 (vir)        20483.229           1.123         -94.134        -273.883        20664.101
  378 (vir)        20483.229           1.123         -94.134        -273.883        20664.101
  379 (vir)        20486.355           1.127         -94.122        -273.874        20667.234
  380 (vir)        59250.690           0.022        -129.640        -435.104        59556.175
  381 (vir)        59250.690           0.022        -129.640        -435.104        59556.175
  382 (vir)        59253.687           0.022        -129.635        -435.101        59559.174
  383 (vir)       273846.824           0.002        -155.794        -840.907       274531.938
  384 (vir)       273846.824           0.002        -155.794        -840.907       274531.938
  385 (vir)       273852.143           0.002        -155.792        -840.908       274537.260
