 
  kpoint:     0.0000    0.0000    0.0000
 
    n          ϵ_nk^DFT (eV)     Σ^c_nk (eV)     Σ^x_nk (eV)     v_n^xc (eV)   ϵ_nk^G0W0 (eV)
 
    1 (occ)       -10094.001           3.041        -568.397        -351.023       -10308.334
    2 (occ)        -2738.570           5.231        -300.470        -187.110        -2846.699
    3 (occ)        -1233.742           2.852        -205.825        -126.183        -1310.532
    4 (occ)        -1093.428           4.848        -199.331        -133.555        -1154.356
    5 (occ)        -1093.428           4.848        -199.331        -133.555        -1154.356
    6 (occ)        -1093.365           4.951        -199.388        -133.573        -1154.229
    7 (occ)         -249.033           6.808         -97.745         -60.452         -279.518
    8 (occ)         -189.669           7.360         -89.919         -62.030         -210.198
    9 (occ)         -189.609           7.278         -89.983         -62.051         -210.264
   10 (occ)         -189.609           7.278         -89.983         -62.051         -210.264
   11 (occ)         -143.607           4.263         -85.711         -53.788         -171.267
   12 (occ)          -98.090          15.660         -77.177         -51.792         -107.816
   13 (occ)          -98.090          15.660         -77.177         -51.792         -107.816
   14 (occ)          -97.913           7.163         -77.309         -51.822         -116.237
   15 (occ)          -20.464           8.279         -47.238         -35.025          -24.398
   16 (occ)          -20.151           8.267         -57.212         -43.713          -25.384
   17 (occ)          -20.151           8.267         -57.212         -43.713          -25.384
   18 (occ)          -20.029           8.275         -57.225         -43.693          -25.286
   19 (occ)          -20.029           8.275         -57.225         -43.693          -25.286
   20 (occ)          -19.107           7.475         -37.480         -27.049          -22.063
   21 (occ)          -10.218           1.670         -18.828         -14.430          -12.946
   22 (occ)           -7.578           1.493         -19.829         -15.339          -10.576
   23 (occ)           -7.578           1.493         -19.829         -15.339          -10.576
   24 (occ)           -6.512          -0.087         -16.082         -13.125           -9.556
   25 (vir)           -2.420          -1.414          -4.373          -8.174           -0.034
   26 (vir)           -2.420          -1.414          -4.373          -8.174           -0.034
   27 (vir)           -0.287          -1.179          -3.665          -6.876            1.745
   28 (vir)            1.163          -0.940          -1.864          -4.601            2.960
   29 (vir)            2.241          -0.900          -1.440          -3.974            3.876
   30 (vir)            2.241          -0.900          -1.440          -3.974            3.876
   31 (vir)            2.875          -1.443          -3.647          -7.225            5.010
   32 (vir)            3.580          -1.182          -1.812          -4.877            5.464
   33 (vir)            4.038          -1.413          -1.980          -5.678            6.324
   34 (vir)            4.038          -1.413          -1.980          -5.678            6.324
   35 (vir)            4.831          -1.608          -3.018          -7.157            7.363
   36 (vir)            4.831          -1.608          -3.018          -7.157            7.363
   37 (vir)            5.651          -1.396          -2.430          -6.059            7.885
   38 (vir)            5.651          -1.396          -2.430          -6.059            7.885
   39 (vir)            7.997          -1.800          -2.466          -6.798           10.529
   40 (vir)            8.345          -2.751          -4.230          -9.961           11.324
   41 (vir)            8.345          -2.751          -4.230          -9.961           11.324
   42 (vir)            9.802          -2.482          -4.254          -9.465           12.531
   43 (vir)           11.068          -2.739          -3.495          -9.241           14.074
   44 (vir)           11.068          -2.739          -3.495          -9.241           14.074
   45 (vir)           14.045          -0.986          -0.547          -4.895           17.407
   46 (vir)           14.045          -0.986          -0.547          -4.895           17.407
   47 (vir)           14.587          -1.819          -3.709          -8.811           17.870
   48 (vir)           15.454          -1.893          -1.379          -6.592           18.775
   49 (vir)           15.454          -1.893          -1.379          -6.592           18.775
   50 (vir)           16.609          -2.037          -2.870          -8.104           19.807
   51 (vir)           17.377          -2.417          -4.137         -10.337           21.160
   52 (vir)           17.377          -2.417          -4.137         -10.337           21.160
   53 (vir)           17.721          -1.998          -3.923          -9.870           21.670
   54 (vir)           19.994          -1.653          -2.030          -7.454           23.764
   55 (vir)           19.994          -1.653          -2.030          -7.454           23.764
   56 (vir)           20.376          -1.431          -4.441         -10.581           25.085
   57 (vir)           20.376          -1.431          -4.441         -10.581           25.085
   58 (vir)           21.044          -2.562          -4.855         -11.746           25.373
   59 (vir)           21.044          -2.562          -4.855         -11.746           25.373
   60 (vir)           21.106          -2.554          -3.275          -9.716           24.994
   61 (vir)           26.045          -2.565          -5.180         -12.424           30.724
   62 (vir)           29.970          -2.816          -4.062         -11.598           34.690
   63 (vir)           29.970          -2.816          -4.062         -11.598           34.690
   64 (vir)           30.486          -4.622          -4.143         -13.332           35.053
   65 (vir)           30.486          -4.622          -4.143         -13.332           35.053
   66 (vir)           32.125          -3.728          -3.359         -11.830           36.868
   67 (vir)           32.170          -4.074          -3.413         -11.911           36.594
   68 (vir)           32.170          -4.074          -3.413         -11.911           36.594
   69 (vir)           34.410           1.917          -2.258         -10.440           44.508
   70 (vir)           34.410           1.917          -2.258         -10.440           44.508
   71 (vir)           35.554          -0.566          -2.273         -10.495           43.209
   72 (vir)           35.554          -0.566          -2.273         -10.495           43.209
   73 (vir)           38.476          -1.915          -3.493         -11.548           44.617
   74 (vir)           41.212          -2.279          -2.959         -11.803           47.777
   75 (vir)           41.212          -2.279          -2.959         -11.803           47.777
   76 (vir)           44.855          -8.703          -2.009          -9.791           43.935
   77 (vir)           44.855          -8.703          -2.009          -9.791           43.935
   78 (vir)           45.182          -1.315          -2.173         -10.249           51.943
   79 (vir)           45.182          -1.315          -2.173         -10.249           51.943
   80 (vir)           46.033          -0.796          -0.729          -7.713           52.221
   81 (vir)           46.033          -0.796          -0.729          -7.713           52.221
   82 (vir)           46.608          -0.178          -0.923          -8.300           53.807
   83 (vir)           46.608          -0.178          -0.923          -8.300           53.807
   84 (vir)           46.843          -2.351          -3.139         -11.872           53.226
   85 (vir)           49.811          -1.043          -2.147         -10.679           57.299
   86 (vir)           49.811          -1.043          -2.147         -10.679           57.299
   87 (vir)           52.189          -0.475          -1.210          -9.250           59.753
   88 (vir)           52.189          -0.475          -1.210          -9.250           59.753
   89 (vir)           52.198          -0.519          -3.553         -12.342           60.468
   90 (vir)           58.518          -1.005          -3.634         -12.874           66.753
   91 (vir)           59.058          -2.278          -6.419         -16.747           67.108
   92 (vir)           59.354           0.047          -2.971         -11.878           68.308
   93 (vir)           59.354           0.047          -2.971         -11.878           68.308
   94 (vir)           70.102          -0.866         -10.482         -22.982           81.735
   95 (vir)           70.102          -0.866         -10.482         -22.982           81.735
   96 (vir)           74.711          -0.807          -8.859         -21.202           86.247
   97 (vir)           74.711          -0.807          -8.859         -21.202           86.247
   98 (vir)           79.176          -0.324          -9.230         -21.951           91.573
   99 (vir)           85.766          -3.211          -5.597         -18.728           95.686
  100 (vir)           85.766          -3.211          -5.597         -18.728           95.686
  101 (vir)           89.643          -2.438          -5.387         -18.438          100.255
  102 (vir)           89.643          -2.438          -5.387         -18.438          100.255
  103 (vir)           90.485          -0.387          -6.253         -19.302          103.148
  104 (vir)           95.523           1.185          -2.125         -14.289          108.873
  105 (vir)           95.523           1.185          -2.125         -14.289          108.873
  106 (vir)           95.739           1.161          -2.134         -14.319          109.085
  107 (vir)           95.739           1.161          -2.134         -14.319          109.085
  108 (vir)           96.285          -0.475          -7.569         -20.718          108.961
  109 (vir)           97.855           1.154          -2.260         -14.626          111.375
  110 (vir)           97.855           1.154          -2.260         -14.626          111.375
  111 (vir)          100.916           1.208          -2.717         -15.519          114.926
  112 (vir)          100.916           1.208          -2.717         -15.519          114.926
  113 (vir)          103.578          -0.849          -9.162         -23.674          117.241
  114 (vir)          103.578          -0.849          -9.162         -23.674          117.241
  115 (vir)          103.733          -0.003          -6.097         -19.753          117.387
  116 (vir)          104.330           0.555          -2.968         -16.534          118.451
  117 (vir)          104.330           0.555          -2.968         -16.534          118.451
  118 (vir)          107.892           0.403          -2.746         -16.125          121.673
  119 (vir)          107.892           0.403          -2.746         -16.125          121.673
  120 (vir)          111.777          -0.660          -8.150         -22.558          125.526
  121 (vir)          117.618           6.956          -3.084         -16.320          137.810
  122 (vir)          117.618           6.956          -3.084         -16.320          137.810
  123 (vir)          125.213           0.071          -6.008         -20.497          139.773
  124 (vir)          157.239          -1.635         -21.752         -43.099          176.952
  125 (vir)          157.239          -1.635         -21.752         -43.099          176.952
  126 (vir)          181.004          -1.378         -18.714         -39.586          200.499
  127 (vir)          223.760          -0.193         -12.727         -30.940          241.781
  128 (vir)          285.182          -0.406         -14.980         -37.652          307.447
  129 (vir)          285.182          -0.406         -14.980         -37.652          307.447
  130 (vir)          287.932          -0.125         -14.847         -37.505          310.465
  131 (vir)          287.932          -0.125         -14.847         -37.505          310.465
  132 (vir)          291.342          -0.218         -14.712         -37.371          313.782
  133 (vir)          417.740           0.739         -22.030         -49.880          446.328
  134 (vir)          770.660          -0.574         -21.040         -55.452          804.499
  135 (vir)         1125.533          -3.008         -37.593         -90.528         1175.461
  136 (vir)         1125.533          -3.008         -37.593         -90.528         1175.461
  137 (vir)         1126.825          -3.949         -37.398         -90.292         1175.771
  138 (vir)         1456.840          -1.340         -34.297         -83.627         1504.830
  139 (vir)         2656.391          -0.751         -35.517        -100.804         2720.927
  140 (vir)         4824.799          -0.804         -41.164        -126.682         4909.513
  141 (vir)         4824.799          -0.804         -41.164        -126.682         4909.513
  142 (vir)         4872.989          -0.685         -41.993        -128.250         4958.561
  143 (vir)         4951.098          -1.297         -59.260        -151.854         5042.396
  144 (vir)        14256.034          -1.728         -55.473        -224.074        14422.907
  145 (vir)        30602.161          -1.690        -114.956        -372.330        30857.845
