 
  kpoint:     0.0000    0.0000    0.0000
 
    n          ϵ_nk^DFT (eV)     Σ^c_nk (eV)     Σ^x_nk (eV)     v_n^xc (eV)   ϵ_nk^G0W0 (eV)
 
    1 (occ)        -1259.191          -3.735        -205.979        -129.131        -1339.775
    2 (occ)         -658.008          -3.057        -150.668         -94.981         -716.753
    3 (occ)         -658.008          -3.057        -150.668         -94.981         -716.753
    4 (occ)          -80.756           8.353         -61.145         -38.368          -95.180
    5 (occ)          -47.967           5.398         -52.517         -37.067          -58.018
    6 (occ)          -47.967           5.398         -52.517         -37.067          -58.018
    7 (occ)          -47.712           5.811         -52.801         -37.104          -57.599
    8 (occ)          -26.967           9.212         -39.494         -25.464          -31.784
    9 (occ)          -26.828           9.218         -39.751         -25.731          -31.630
   10 (occ)           -9.280           3.971         -29.429         -21.622          -13.116
   11 (occ)           -8.737           3.925         -30.816         -22.975          -12.653
   12 (occ)           -8.355           3.856         -29.547         -21.699          -12.347
   13 (occ)           -8.355           3.856         -29.547         -21.699          -12.347
   14 (occ)           -8.287           3.906         -30.004         -22.099          -12.285
   15 (occ)           -8.287           3.906         -30.004         -22.099          -12.285
   16 (vir)           -2.580          -0.804          -3.244          -6.483           -0.145
   17 (vir)           -0.476          -0.528          -2.121          -4.458            1.333
   18 (vir)           -0.476          -0.528          -2.121          -4.458            1.333
   19 (vir)            0.659          -0.330          -0.707          -2.509            2.131
   20 (vir)            1.412          -0.400          -1.395          -3.251            2.868
   21 (vir)            2.063          -0.347          -0.189          -2.007            3.535
   22 (vir)            2.063          -0.347          -0.189          -2.007            3.535
   23 (vir)            2.243          -0.473          -1.155          -3.124            3.739
   24 (vir)            2.243          -0.473          -1.155          -3.124            3.739
   25 (vir)            2.849          -0.315          -1.250          -3.314            4.599
   26 (vir)            2.849          -0.315          -1.250          -3.314            4.599
   27 (vir)            3.552          -0.415          -0.938          -3.116            5.315
   28 (vir)            4.661          -0.700          -1.836          -4.802            6.928
   29 (vir)            8.619          -1.011          -2.461          -6.074           11.221
   30 (vir)           10.013          -1.077          -2.374          -6.175           12.737
   31 (vir)           10.351          -1.012          -1.669          -5.303           12.974
   32 (vir)           10.351          -1.012          -1.669          -5.303           12.974
   33 (vir)           10.635          -1.174          -0.761          -4.688           13.388
   34 (vir)           10.635          -1.174          -0.761          -4.688           13.388
   35 (vir)           11.134          -0.962          -2.603          -6.664           14.233
   36 (vir)           11.134          -0.962          -2.603          -6.664           14.233
   37 (vir)           11.216          -1.555          -3.371          -8.453           14.743
   38 (vir)           11.216          -1.555          -3.371          -8.453           14.743
   39 (vir)           12.535          -0.770          -0.908          -4.916           15.774
   40 (vir)           12.535          -0.770          -0.908          -4.916           15.774
   41 (vir)           13.046          -1.026          -1.781          -5.671           15.909
   42 (vir)           13.202          -1.482          -3.831          -8.977           16.866
   43 (vir)           13.301          -0.495          -0.151          -3.164           15.818
   44 (vir)           13.301          -0.495          -0.151          -3.164           15.818
   45 (vir)           14.381          -1.006          -1.850          -6.151           17.677
   46 (vir)           14.381          -1.006          -1.850          -6.151           17.677
   47 (vir)           19.834          -1.934          -4.821         -11.294           24.373
   48 (vir)           19.849          -0.877          -1.678          -6.282           23.575
   49 (vir)           19.849          -0.877          -1.678          -6.282           23.575
   50 (vir)           23.745          -1.135          -2.627          -7.473           27.456
   51 (vir)           28.088          -2.327          -4.789         -11.775           32.747
   52 (vir)           29.097          -2.261          -4.880         -11.783           33.740
   53 (vir)           35.986          -2.476          -4.982         -12.712           41.241
   54 (vir)           35.986          -2.476          -4.982         -12.712           41.241
   55 (vir)           37.020          -2.188          -4.638         -12.690           42.883
   56 (vir)           37.020          -2.188          -4.638         -12.690           42.883
   57 (vir)           37.869          -3.438          -4.351         -11.641           41.721
   58 (vir)           39.294          -2.371          -3.669         -10.753           44.007
   59 (vir)           40.540           0.128          -3.543         -11.393           48.517
   60 (vir)           40.540           0.128          -3.543         -11.393           48.517
   61 (vir)           40.828          -2.598          -3.595         -11.324           45.959
   62 (vir)           40.828          -2.598          -3.595         -11.324           45.959
   63 (vir)           41.162          -2.329          -4.421         -12.391           46.803
   64 (vir)           41.162          -2.329          -4.421         -12.391           46.803
   65 (vir)           45.900          -3.455          -4.996         -13.983           51.431
   66 (vir)           45.900          -3.455          -4.996         -13.983           51.431
   67 (vir)           46.343          -1.375          -4.546         -13.074           53.495
   68 (vir)           46.343          -1.375          -4.546         -13.074           53.495
   69 (vir)           47.846          -3.013          -4.877         -13.706           53.663
   70 (vir)           48.649          -3.761          -5.295         -15.003           54.595
   71 (vir)           48.649          -3.761          -5.295         -15.003           54.595
   72 (vir)           50.538          -2.338          -4.508         -13.151           56.842
   73 (vir)           50.538          -2.338          -4.508         -13.151           56.842
   74 (vir)           53.978          -3.050          -4.379         -13.234           59.783
   75 (vir)           58.055          -3.223          -5.834         -15.174           64.172
   76 (vir)           60.009          -3.206          -5.647         -16.609           67.764
   77 (vir)           75.105          -2.791          -5.417         -16.550           83.448
   78 (vir)          104.590          -4.954          -8.004         -21.476          113.108
   79 (vir)          108.492          -6.627          -7.740         -21.250          115.375
   80 (vir)          111.246           0.853          -3.383         -16.290          125.005
   81 (vir)          111.246           0.853          -3.383         -16.290          125.005
   82 (vir)          111.246           1.113          -3.333         -16.191          125.217
   83 (vir)          111.246           1.113          -3.333         -16.191          125.217
   84 (vir)          111.316          -2.574          -3.297         -16.114          121.559
   85 (vir)          111.316          -2.574          -3.297         -16.114          121.559
   86 (vir)          111.540          -4.034          -3.289         -16.107          120.324
   87 (vir)          111.540          -4.034          -3.289         -16.107          120.324
   88 (vir)          111.541          -0.946          -3.358         -16.224          123.461
   89 (vir)          111.541          -0.946          -3.358         -16.224          123.461
   90 (vir)          112.815          -3.170          -3.610         -16.639          122.674
   91 (vir)          112.815          -3.170          -3.610         -16.639          122.674
   92 (vir)          119.179          -1.196          -4.054         -17.363          131.291
   93 (vir)          119.304          -0.953          -4.648         -18.227          131.930
   94 (vir)          132.993          -5.855          -6.996         -22.326          142.468
   95 (vir)          132.993          -5.855          -6.996         -22.326          142.468
   96 (vir)          135.587          -7.934          -6.825         -22.134          142.963
   97 (vir)          135.587          -7.934          -6.825         -22.134          142.963
   98 (vir)          139.864         -10.141          -6.574         -21.962          145.111
   99 (vir)          139.864         -10.141          -6.574         -21.962          145.111
  100 (vir)          142.010         -10.236          -6.520         -21.901          147.155
  101 (vir)          142.010         -10.236          -6.520         -21.901          147.155
  102 (vir)          145.378          -9.453          -6.309         -21.817          151.433
  103 (vir)          147.852          -9.149          -6.976         -23.029          154.755
  104 (vir)          167.149          10.252          -9.585         -29.118          196.933
  105 (vir)          167.149          10.252          -9.585         -29.118          196.933
  106 (vir)          167.940          10.452          -9.594         -29.132          197.930
  107 (vir)          167.940          10.452          -9.594         -29.132          197.930
  108 (vir)          177.121           9.001          -9.273         -29.007          205.856
  109 (vir)          184.548           8.388          -9.322         -28.892          212.506
  110 (vir)          213.143          -0.085         -14.052         -34.492          233.498
  111 (vir)          213.143          -0.085         -14.052         -34.492          233.498
  112 (vir)          215.102          -1.716         -13.902         -34.352          233.837
  113 (vir)          215.102          -1.716         -13.902         -34.352          233.837
  114 (vir)          228.291          -3.044         -12.613         -32.820          245.454
  115 (vir)          246.129          -0.432         -11.665         -31.849          265.880
  116 (vir)          307.000           3.634          -2.992         -22.021          329.663
  117 (vir)          307.000           3.634          -2.992         -22.021          329.663
  118 (vir)          307.053           3.735          -2.987         -22.008          329.810
  119 (vir)          307.053           3.735          -2.987         -22.008          329.810
  120 (vir)          307.077           3.735          -2.986         -22.009          329.834
  121 (vir)          307.077           3.735          -2.986         -22.008          329.834
  122 (vir)          307.301           3.802          -2.977         -21.985          330.112
  123 (vir)          307.301           3.802          -2.977         -21.985          330.112
  124 (vir)          307.314           3.802          -2.976         -21.985          330.125
  125 (vir)          307.314           3.802          -2.976         -21.985          330.125
  126 (vir)          307.435           3.640          -2.997         -22.037          330.116
  127 (vir)          307.435           3.640          -2.997         -22.037          330.116
  128 (vir)          307.496           3.581          -2.996         -22.034          330.115
  129 (vir)          307.588           3.779          -2.962         -21.950          330.355
  130 (vir)          307.588           3.780          -2.962         -21.950          330.355
  131 (vir)          307.588           3.780          -2.962         -21.950          330.355
  132 (vir)          307.588           3.780          -2.962         -21.950          330.355
  133 (vir)          309.881           3.707          -3.167         -22.311          332.733
  134 (vir)          392.409           4.390          -4.525         -27.530          419.804
  135 (vir)          392.409           4.390          -4.525         -27.530          419.804
  136 (vir)          392.463           4.592          -4.514         -27.521          420.062
  137 (vir)          392.463           4.592          -4.514         -27.521          420.062
  138 (vir)          392.517           4.424          -4.523         -27.527          419.945
  139 (vir)          392.517           4.424          -4.523         -27.527          419.945
  140 (vir)          392.530           4.784          -4.512         -27.523          420.325
  141 (vir)          392.530           4.784          -4.512         -27.523          420.325
  142 (vir)          392.655           4.654          -4.512         -27.518          420.315
  143 (vir)          392.655           4.654          -4.512         -27.518          420.315
  144 (vir)          393.722           4.918          -4.500         -27.515          421.655
  145 (vir)          393.722           4.918          -4.500         -27.515          421.655
  146 (vir)          396.359           5.464          -4.631         -27.686          424.878
  147 (vir)          398.579           3.975          -7.390         -31.038          426.201
  148 (vir)          402.878           3.440          -9.855         -34.010          430.473
  149 (vir)          404.841           3.241         -12.463         -37.165          432.784
  150 (vir)          424.684           3.168          -5.768         -30.599          452.683
  151 (vir)          424.684           3.168          -5.768         -30.599          452.683
  152 (vir)          426.475           3.310          -5.733         -30.549          454.601
  153 (vir)          426.475           3.310          -5.733         -30.549          454.601
  154 (vir)          429.652           3.169          -5.640         -30.437          457.617
  155 (vir)          429.652           3.169          -5.640         -30.437          457.617
  156 (vir)          431.609           3.233          -5.613         -30.396          459.625
  157 (vir)          431.609           3.233          -5.613         -30.396          459.625
  158 (vir)          433.709           3.235          -5.686         -30.478          461.735
  159 (vir)          440.662           3.172          -5.506         -30.204          468.531
  160 (vir)          932.805           1.128         -22.182         -61.284          973.036
  161 (vir)         1457.757           1.251         -20.319         -67.479         1506.168
  162 (vir)         1461.025           1.254         -20.286         -67.455         1509.447
  163 (vir)         5307.299           0.418         -39.236        -143.880         5412.362
  164 (vir)         7725.331           0.223         -24.298        -138.440         7839.695
  165 (vir)         7729.383           0.223         -24.286        -138.432         7843.752
