 
  kpoint:     0.0000    0.0000    0.0000
 
    n          ϵ_nk^DFT (eV)     Σ^c_nk (eV)     Σ^x_nk (eV)     v_n^xc (eV)   ϵ_nk^G0W0 (eV)
 
    1 (occ)         -382.496           2.816        -114.617         -72.596         -421.701
    2 (occ)         -381.368           2.753        -114.613         -72.598         -420.630
    3 (occ)         -380.703           2.768        -114.633         -72.585         -419.982
    4 (occ)         -380.480           2.772        -114.640         -72.589         -419.760
    5 (occ)         -380.364           2.772        -114.637         -72.589         -419.640
    6 (occ)         -271.355           3.614         -96.874         -61.534         -303.081
    7 (occ)         -271.083           3.431         -96.884         -61.540         -302.997
    8 (occ)         -270.956           3.604         -96.889         -61.542         -302.699
    9 (occ)         -270.582           3.451         -96.879         -61.535         -302.476
   10 (occ)         -269.871           3.591         -96.894         -61.549         -301.626
   11 (occ)          -25.953           7.828         -29.415         -18.688          -28.851
   12 (occ)          -24.420           7.515         -29.153         -18.701          -27.358
   13 (occ)          -23.357           7.152         -29.048         -18.883          -26.369
   14 (occ)          -22.158           6.732         -28.992         -19.242          -25.176
   15 (occ)          -21.330           6.707         -29.042         -19.463          -24.202
   16 (occ)          -18.945           5.589         -26.534         -17.949          -21.941
   17 (occ)          -16.554           4.161         -24.937         -17.640          -19.689
   18 (occ)          -16.114           4.134         -24.830         -17.604          -19.206
   19 (occ)          -15.617           3.826         -24.603         -17.659          -18.735
   20 (occ)          -14.429           3.364         -23.627         -17.251          -17.441
   21 (occ)          -13.685           3.012         -23.403         -17.308          -16.769
   22 (occ)          -12.709           2.648         -23.030         -17.146          -15.945
   23 (occ)          -12.330           2.651         -23.814         -18.188          -15.305
   24 (occ)          -11.534           3.366         -20.248         -14.722          -13.693
   25 (occ)          -11.230           2.402         -22.613         -17.180          -14.261
   26 (occ)          -10.786           2.155         -22.750         -17.463          -13.918
   27 (occ)          -10.159           2.202         -22.020         -16.713          -13.264
   28 (occ)           -9.946           2.659         -20.096         -15.157          -12.225
   29 (occ)           -8.819           2.117         -19.675         -15.254          -11.124
   30 (occ)           -7.535           2.855         -23.004         -17.337          -10.347
   31 (occ)           -7.267           1.475         -20.334         -16.355           -9.771
   32 (occ)           -6.688           2.398         -22.654         -17.419           -9.525
   33 (occ)           -6.650           0.627         -18.620         -15.581           -9.062
   34 (occ)           -5.826           2.131         -22.391         -17.433           -8.653
   35 (occ)           -5.499           0.173         -18.301         -15.673           -7.955
   36 (vir)           -1.665          -2.815          -9.902         -14.838            0.456
   37 (vir)           -0.974          -3.143          -9.915         -15.188            1.156
   38 (vir)           -0.254          -2.059          -4.367          -8.288            1.608
   39 (vir)           -0.244          -2.979          -7.427         -12.419            1.768
   40 (vir)            0.107          -1.517          -2.631          -5.922            1.882
   41 (vir)            0.981          -1.535          -2.320          -5.611            2.738
   42 (vir)            1.169          -1.467          -2.278          -5.533            2.957
   43 (vir)            1.343          -1.474          -2.003          -5.185            3.051
   44 (vir)            1.796          -1.650          -2.239          -5.672            3.579
   45 (vir)            2.410          -1.468          -1.457          -4.550            4.035
   46 (vir)            2.424          -1.546          -2.201          -5.528            4.204
   47 (vir)            2.659          -1.588          -2.161          -5.498            4.408
   48 (vir)            2.814          -1.944          -3.043          -6.767            4.594
   49 (vir)            2.892          -4.211          -6.407         -12.347            4.622
   50 (vir)            3.450          -1.834          -2.497          -6.094            5.213
   51 (vir)            3.488          -2.111          -2.458          -6.225            5.145
   52 (vir)            3.725          -2.063          -3.096          -7.227            5.792
   53 (vir)            4.136          -1.753          -1.906          -5.352            5.828
   54 (vir)            4.258          -2.523          -4.416          -9.104            6.423
   55 (vir)            4.783          -2.282          -3.839          -8.167            6.829
   56 (vir)            4.995          -1.636          -1.375          -4.648            6.632
   57 (vir)            5.081          -2.146          -3.383          -7.558            7.110
   58 (vir)            5.415          -2.731          -5.058          -9.933            7.558
   59 (vir)            5.689          -1.969          -2.235          -6.000            7.485
   60 (vir)            5.724          -1.811          -2.208          -5.844            7.550
   61 (vir)            5.949          -2.968          -5.241         -10.381            8.120
   62 (vir)            6.142          -2.674          -4.646          -9.336            8.158
   63 (vir)            6.273          -2.484          -4.140          -8.654            8.303
   64 (vir)            6.569          -1.857          -2.223          -6.073            8.561
   65 (vir)            6.681          -2.304          -3.124          -7.502            8.755
   66 (vir)            6.826          -3.437          -6.059         -11.705            9.035
   67 (vir)            7.269          -2.171          -3.179          -7.378            9.297
   68 (vir)            7.415          -2.566          -3.782          -8.371            9.438
   69 (vir)            7.702          -1.986          -1.729          -5.562            9.550
   70 (vir)            7.959          -2.747          -3.732          -8.603           10.083
   71 (vir)            8.136          -3.078          -4.022          -9.228           10.264
   72 (vir)            8.410          -2.208          -2.266          -6.379           10.314
   73 (vir)            8.533          -2.050          -2.142          -6.120           10.461
   74 (vir)            8.651          -2.519          -3.414          -7.973           10.692
   75 (vir)            8.828          -3.994          -1.921          -6.025            8.938
   76 (vir)            8.908          -2.834          -4.116          -9.040           10.998
   77 (vir)            9.119          -3.234          -4.487         -10.013           11.411
   78 (vir)            9.450          -2.656          -3.332          -8.080           11.542
   79 (vir)            9.797          -3.308          -4.424          -9.960           12.025
   80 (vir)            9.930          -2.415          -2.719          -7.175           11.971
   81 (vir)           10.013          -2.410          -2.411          -6.922           12.113
   82 (vir)           10.264          -2.956          -3.637          -8.662           12.334
   83 (vir)           10.892          -2.204          -2.045          -6.323           12.966
   84 (vir)           11.145          -3.067          -3.629          -8.899           13.348
   85 (vir)           11.216          -2.301          -2.513          -6.780           13.182
   86 (vir)           11.443          -2.348          -1.922          -6.178           13.351
   87 (vir)           11.775          -2.851          -3.283          -8.204           13.845
   88 (vir)           12.254          -2.172          -2.237          -6.347           14.192
   89 (vir)           12.442          -3.282          -3.990          -9.424           14.594
   90 (vir)           12.662          -2.565          -2.611          -7.224           14.709
   91 (vir)           12.776          -2.826          -2.568          -7.720           15.101
   92 (vir)           13.096          -3.182          -3.605          -8.925           15.234
   93 (vir)           13.385          -2.944          -2.993          -8.020           15.467
   94 (vir)           13.602          -2.894          -2.905          -7.989           15.791
   95 (vir)           14.398          -4.281          -4.653         -11.174           16.637
   96 (vir)           14.636          -3.301          -3.247          -8.697           16.785
   97 (vir)           14.901          -3.020          -2.690          -8.266           17.457
   98 (vir)           15.139          -3.227          -3.208          -8.681           17.385
   99 (vir)           15.329          -3.930          -3.764          -9.948           17.584
  100 (vir)           15.953          -3.281          -2.815          -8.501           18.358
  101 (vir)           16.089          -2.710          -2.402          -7.346           18.323
  102 (vir)           16.247          -2.537          -2.066          -6.624           18.269
  103 (vir)           16.438          -3.084          -2.358          -7.954           18.949
  104 (vir)           16.635          -4.900          -5.145         -12.360           18.951
  105 (vir)           16.784          -3.307          -2.927          -8.413           18.963
  106 (vir)           16.871          -3.504          -2.721          -8.437           19.084
  107 (vir)           17.915          -3.139          -2.375          -7.765           20.165
  108 (vir)           18.198          -3.880          -2.923          -9.110           20.505
  109 (vir)           18.402          -4.076          -3.371          -9.693           20.648
  110 (vir)           18.481          -3.511          -2.351          -8.156           20.775
  111 (vir)           18.663          -3.220          -2.269          -7.734           20.909
  112 (vir)           19.112          -3.561          -2.502          -8.378           21.428
  113 (vir)           19.236          -2.947          -2.157          -7.312           21.444
  114 (vir)           19.573          -3.764          -2.399          -8.377           21.787
  115 (vir)           19.768          -3.707          -2.911          -8.913           22.062
  116 (vir)           19.996          -3.280          -2.313          -7.864           22.267
  117 (vir)           20.196          -3.560          -2.377          -8.092           22.351
  118 (vir)           20.307          -3.900          -2.328          -8.252           22.331
  119 (vir)           20.803          -3.426          -2.163          -8.161           23.375
  120 (vir)           20.979          -3.823          -2.362          -8.281           23.075
  121 (vir)           21.067          -3.707          -2.297          -8.093           23.156
  122 (vir)           21.591          -3.824          -2.443          -8.405           23.729
  123 (vir)           21.783          -3.287          -1.766          -7.309           24.039
  124 (vir)           21.994          -3.821          -2.259          -8.310           24.224
  125 (vir)           22.220          -3.768          -2.709          -8.726           24.469
  126 (vir)           22.840          -3.495          -2.089          -7.824           25.081
  127 (vir)           22.884          -3.760          -2.171          -8.197           25.150
  128 (vir)           23.097          -3.808          -2.470          -8.481           25.301
  129 (vir)           23.939          -3.687          -2.436          -8.364           26.180
  130 (vir)           24.353          -3.830          -2.115          -8.337           26.744
  131 (vir)           24.527          -3.685          -2.541          -8.523           26.825
  132 (vir)           24.733          -3.381          -2.232          -7.952           27.072
  133 (vir)           25.168          -3.703          -2.396          -8.450           27.519
  134 (vir)           25.255          -3.629          -2.476          -8.585           27.735
  135 (vir)           25.801          -3.614          -2.504          -8.809           28.492
  136 (vir)           25.912          -3.704          -2.482          -8.783           28.509
  137 (vir)           26.027          -3.698          -2.199          -8.274           28.405
  138 (vir)           26.423          -3.881          -2.379          -8.684           28.848
  139 (vir)           26.628          -3.422          -2.068          -7.844           28.982
  140 (vir)           26.857          -4.137          -2.666          -9.304           29.359
  141 (vir)           27.138          -3.763          -2.273          -8.454           29.556
  142 (vir)           27.297          -3.825          -2.369          -8.791           29.894
  143 (vir)           27.502          -3.754          -2.514          -8.978           30.211
  144 (vir)           27.891          -4.337          -2.937          -9.730           30.347
  145 (vir)           28.275          -3.556          -2.360          -8.665           31.023
  146 (vir)           28.392          -3.739          -2.555          -9.183           31.281
  147 (vir)           28.949          -3.945          -2.540          -9.232           31.696
  148 (vir)           29.028          -3.777          -2.302          -8.745           31.695
  149 (vir)           29.157          -3.270          -1.988          -7.791           31.691
  150 (vir)           29.530          -3.651          -2.795          -9.827           32.911
  151 (vir)           29.758          -3.563          -2.316          -8.650           32.529
  152 (vir)           29.872          -3.897          -2.597          -9.470           32.848
  153 (vir)           30.473          -3.805          -2.502          -9.459           33.625
  154 (vir)           30.834          -3.921          -2.394          -9.066           33.586
  155 (vir)           31.234          -3.588          -2.107          -8.392           33.931
  156 (vir)           31.616          -4.030          -2.582          -9.576           34.580
  157 (vir)           31.703          -3.800          -2.209          -8.709           34.403
  158 (vir)           32.037          -3.742          -2.469          -9.578           35.405
  159 (vir)           32.409          -3.621          -2.661          -9.680           35.807
  160 (vir)           33.007          -4.058          -2.663          -9.706           35.993
  161 (vir)           33.227          -3.211          -2.598          -9.630           37.049
  162 (vir)           33.481          -3.461          -2.278          -8.973           36.715
  163 (vir)           33.824          -3.906          -2.539          -9.320           36.699
  164 (vir)           34.052          -3.792          -2.635          -9.999           37.624
  165 (vir)           34.527          -3.816          -2.279          -9.242           37.674
  166 (vir)           34.989          -3.774          -2.507          -9.554           38.261
  167 (vir)           35.259          -4.182          -2.676          -9.978           38.379
  168 (vir)           35.650          -3.595          -2.479          -9.637           39.213
  169 (vir)           35.751          -3.660          -2.496          -9.728           39.323
  170 (vir)           36.281          -3.977          -2.605         -10.054           39.752
  171 (vir)           36.515          -3.635          -2.529          -9.679           40.030
  172 (vir)           36.813          -3.810          -2.359          -9.521           40.164
  173 (vir)           37.096          -4.003          -2.512          -9.712           40.293
  174 (vir)           37.973          -3.644          -2.567          -9.837           41.599
  175 (vir)           38.308          -2.846          -2.412          -9.449           42.499
  176 (vir)           38.776          -2.729          -2.488         -10.065           43.625
  177 (vir)           39.304          -3.652          -2.770         -10.380           43.262
  178 (vir)           39.416          -3.485          -2.313          -9.688           43.304
  179 (vir)           39.739          -3.240          -2.611         -10.007           43.894
  180 (vir)           40.071          -3.392          -2.554          -9.913           44.037
  181 (vir)           41.459          -3.509          -2.460          -9.927           45.416
  182 (vir)           41.769          -3.812          -3.087         -11.084           45.955
  183 (vir)           42.080          -3.540          -2.361         -10.121           46.301
  184 (vir)           42.402          -3.764          -2.228          -9.320           45.731
  185 (vir)           43.051          -3.568          -2.428         -10.114           47.168
  186 (vir)           43.555          -3.590          -3.077         -11.523           48.411
  187 (vir)           44.182          -3.136          -2.374         -10.117           48.789
  188 (vir)           44.604          -3.625          -2.477         -10.381           48.883
  189 (vir)           45.031          -3.390          -2.471         -10.800           49.971
  190 (vir)           45.215          -3.241          -2.314         -10.204           49.865
  191 (vir)           45.328          -2.699          -2.101          -9.738           50.266
  192 (vir)           46.308          -3.037          -2.161         -10.104           51.214
  193 (vir)           46.599          -3.442          -2.527         -10.851           51.481
  194 (vir)           46.931          -3.123          -2.473         -10.967           52.302
  195 (vir)           46.972          -4.006          -2.795         -11.476           51.646
  196 (vir)           47.228          -3.538          -2.786         -11.049           51.952
  197 (vir)           47.784          -2.827          -2.666         -11.254           53.546
  198 (vir)           48.362          -2.937          -2.385         -10.363           53.403
  199 (vir)           48.602          -3.199          -2.308         -10.392           53.486
  200 (vir)           48.797          -2.712          -2.362         -10.720           54.443
  201 (vir)           49.159          -2.765          -2.785         -11.310           54.918
  202 (vir)           49.831          -2.337          -2.405         -10.565           55.654
  203 (vir)           49.910          -2.780          -2.470         -10.687           55.348
  204 (vir)           50.026          -2.596          -2.337         -10.614           55.708
  205 (vir)           50.277          -2.513          -2.338         -10.762           56.189
  206 (vir)           50.791          -2.306          -2.365         -11.208           57.328
  207 (vir)           51.099          -3.009          -2.583         -11.247           56.754
  208 (vir)           51.488          -2.892          -2.533         -11.216           57.279
  209 (vir)           51.665          -2.717          -2.309         -10.693           57.333
  210 (vir)           52.045          -2.947          -2.613         -11.404           57.889
  211 (vir)           52.308          -2.629          -2.226         -10.572           58.024
  212 (vir)           52.646          -2.091          -2.531         -11.249           59.273
  213 (vir)           52.839          -2.695          -2.466         -10.940           58.618
  214 (vir)           53.137          -2.585          -2.503         -11.107           59.157
  215 (vir)           53.298          -1.889          -2.269         -11.017           60.156
  216 (vir)           53.685          -2.509          -2.434         -11.270           60.011
  217 (vir)           54.043          -2.796          -2.415         -11.188           60.020
  218 (vir)           54.537          -2.410          -2.561         -11.571           61.137
  219 (vir)           54.891          -2.206          -2.192         -10.620           61.113
  220 (vir)           55.122          -2.471          -2.379         -11.069           61.341
  221 (vir)           55.380          -2.594          -2.234         -10.990           61.542
  222 (vir)           55.795          -2.349          -1.838         -10.250           61.858
  223 (vir)           56.162          -1.969          -2.232         -10.727           62.688
  224 (vir)           56.455          -2.509          -2.165         -10.839           62.619
  225 (vir)           56.739          -2.386          -2.137         -10.630           62.846
  226 (vir)           57.007          -2.420          -2.213         -10.869           63.243
  227 (vir)           57.406          -2.367          -2.461         -11.268           63.846
  228 (vir)           57.609          -2.174          -2.406         -11.146           64.175
  229 (vir)           57.845          -2.130          -2.242         -11.102           64.574
  230 (vir)           57.945          -2.346          -2.247         -11.101           64.453
  231 (vir)           58.088          -2.121          -2.588         -11.767           65.145
  232 (vir)           58.524          -2.494          -2.225         -11.083           64.889
  233 (vir)           58.869          -2.399          -2.351         -11.322           65.441
  234 (vir)           59.281          -2.261          -2.236         -11.113           65.898
  235 (vir)           59.577          -2.000          -2.237         -10.992           66.332
  236 (vir)           60.008          -1.992          -1.798         -10.192           66.410
  237 (vir)           60.306          -2.087          -2.234         -11.021           67.005
  238 (vir)           60.740          -1.784          -1.684         -10.133           67.406
  239 (vir)           60.797          -2.072          -2.271         -11.184           67.637
  240 (vir)           61.054          -1.625          -2.550         -11.631           68.509
  241 (vir)           61.555          -2.139          -2.263         -11.259           68.412
  242 (vir)           61.841          -1.735          -2.276         -11.185           69.016
  243 (vir)           62.518          -1.918          -2.395         -11.490           69.695
  244 (vir)           62.680          -1.980          -2.324         -11.505           69.882
  245 (vir)           63.071          -1.979          -2.503         -11.564           70.152
  246 (vir)           63.633          -1.700          -2.459         -11.616           71.090
  247 (vir)           63.732          -1.603          -2.301         -11.378           71.206
  248 (vir)           64.079          -2.255          -2.436         -11.418           70.807
  249 (vir)           64.334          -1.638          -2.287         -11.441           71.850
  250 (vir)           64.683          -1.707          -2.376         -11.817           72.417
  251 (vir)           64.954          -2.156          -2.168         -11.129           71.759
  252 (vir)           65.149          -1.348          -2.077         -11.012           72.736
  253 (vir)           65.485          -1.434          -1.898         -10.726           72.879
  254 (vir)           66.143          -1.337          -2.225         -11.100           73.681
  255 (vir)           66.221          -1.502          -2.102         -11.203           73.819
  256 (vir)           66.838          -1.599          -2.447         -11.868           74.660
  257 (vir)           67.034          -1.102          -2.255         -11.397           75.074
  258 (vir)           67.207          -1.472          -2.231         -11.467           74.971
  259 (vir)           67.371          -1.442          -2.381         -11.715           75.263
  260 (vir)           67.680          -1.295          -2.360         -11.658           75.684
  261 (vir)           67.871          -1.186          -2.498         -12.128           76.315
  262 (vir)           68.071          -1.347          -2.333         -11.623           76.014
  263 (vir)           68.192          -1.303          -2.345         -11.608           76.151
  264 (vir)           69.035          -1.366          -2.116         -11.024           76.576
  265 (vir)           69.317          -1.343          -2.291         -11.634           77.317
  266 (vir)           70.085          -0.993          -2.722         -12.344           78.713
  267 (vir)           70.345          -1.472          -1.930         -10.695           77.638
  268 (vir)           70.581          -0.974          -2.136         -11.163           78.634
  269 (vir)           70.792          -1.442          -2.593         -12.319           79.075
  270 (vir)           71.250          -1.395          -2.389         -11.724           79.190
  271 (vir)           71.266          -1.368          -2.335         -11.847           79.411
  272 (vir)           71.855          -1.084          -3.008         -13.004           80.767
  273 (vir)           72.348          -1.453          -2.737         -12.683           80.841
  274 (vir)           72.523          -1.237          -2.033         -11.263           80.515
  275 (vir)           72.931          -1.088          -2.638         -12.383           81.587
  276 (vir)           73.087          -1.225          -2.401         -11.891           81.352
  277 (vir)           73.268          -1.029          -2.262         -11.516           81.494
  278 (vir)           73.991          -1.061          -2.492         -12.113           82.551
  279 (vir)           74.169          -1.007          -2.343         -11.954           82.773
  280 (vir)           74.330          -1.128          -2.378         -12.024           82.849
  281 (vir)           74.735          -1.246          -2.541         -12.251           83.199
  282 (vir)           74.857          -1.198          -2.246         -11.785           83.198
  283 (vir)           75.791          -0.981          -2.522         -12.287           84.575
  284 (vir)           76.087          -1.082          -2.786         -12.787           85.007
  285 (vir)           76.228          -1.044          -2.671         -12.999           85.512
  286 (vir)           76.470          -1.270          -2.454         -11.838           84.584
  287 (vir)           76.995          -1.292          -2.627         -13.101           86.176
  288 (vir)           77.436          -0.987          -2.816         -13.082           86.716
  289 (vir)           78.081          -1.515          -2.426         -12.116           86.256
  290 (vir)           78.363          -0.991          -2.555         -12.341           87.158
  291 (vir)           78.742          -1.150          -2.722         -12.842           87.712
  292 (vir)           79.162          -1.202          -3.086         -13.586           88.460
  293 (vir)           79.682          -1.394          -2.511         -12.726           88.504
  294 (vir)           80.062          -1.355          -2.893         -13.839           89.653
  295 (vir)           80.337          -1.285          -2.510         -12.638           89.180
  296 (vir)           81.264          -1.623          -3.084         -13.895           90.452
  297 (vir)           81.515          -1.341          -2.766         -13.366           90.774
  298 (vir)           81.659          -1.308          -3.199         -14.226           91.379
  299 (vir)           81.776          -1.320          -2.787         -13.305           90.974
  300 (vir)           82.180          -1.333          -2.982         -13.936           91.801
  301 (vir)           82.729          -1.632          -2.906         -13.874           92.065
  302 (vir)           82.954          -1.261          -2.858         -13.590           92.426
  303 (vir)           83.869          -1.196          -2.718         -13.297           93.252
  304 (vir)           84.103          -1.140          -2.783         -13.348           93.529
  305 (vir)           84.214          -1.346          -3.093         -13.991           93.766
  306 (vir)           84.354          -1.358          -2.983         -14.023           94.036
  307 (vir)           84.663          -0.871          -2.615         -13.681           94.858
  308 (vir)           85.167          -1.168          -2.998         -14.114           95.115
  309 (vir)           86.567          -1.063          -2.574         -13.203           96.133
  310 (vir)           86.912          -1.083          -2.351         -12.976           96.455
  311 (vir)           87.072          -1.266          -2.650         -13.548           96.705
  312 (vir)           87.468          -0.877          -2.438         -12.745           96.897
  313 (vir)           88.169          -0.784          -2.557         -13.282           98.110
  314 (vir)           88.363          -1.161          -2.527         -13.114           97.789
  315 (vir)           88.665          -0.868          -2.493         -13.281           98.585
  316 (vir)           88.744          -0.985          -2.703         -13.592           98.648
  317 (vir)           88.952          -1.194          -2.569         -13.311           98.500
  318 (vir)           89.451          -0.939          -2.612         -13.402           99.302
  319 (vir)           90.313          -1.061          -2.666         -13.602          100.187
  320 (vir)           90.930          -1.154          -2.808         -13.953          100.921
  321 (vir)           91.777          -1.077          -2.810         -13.913          101.803
  322 (vir)           92.176          -0.515          -2.780         -13.814          102.695
  323 (vir)           92.260          -0.916          -2.574         -13.428          102.199
  324 (vir)           92.834          -1.105          -2.689         -13.736          102.776
  325 (vir)           92.983          -1.250          -2.717         -13.920          102.937
  326 (vir)           93.717          -0.876          -2.732         -13.955          104.064
  327 (vir)           93.872          -0.985          -2.632         -13.941          104.197
  328 (vir)           94.035          -0.756          -2.444         -13.536          104.371
  329 (vir)           94.168          -0.732          -2.382         -13.431          104.485
  330 (vir)           94.811          -0.884          -2.901         -14.491          105.517
  331 (vir)           94.907          -1.033          -2.931         -14.537          105.480
  332 (vir)           96.007          -1.061          -2.841         -14.128          106.234
  333 (vir)           96.514          -0.747          -2.760         -13.826          106.834
  334 (vir)           97.227          -1.028          -2.617         -13.712          107.294
  335 (vir)           97.414          -1.127          -2.843         -14.177          107.621
  336 (vir)           97.862          -1.028          -3.154         -15.115          108.794
  337 (vir)           98.151          -0.746          -2.488         -14.060          108.977
  338 (vir)           98.897          -0.833          -2.406         -13.852          109.511
  339 (vir)           99.509          -0.985          -2.901         -14.422          110.044
  340 (vir)           99.737          -1.025          -2.738         -13.950          109.925
  341 (vir)          100.066          -0.731          -2.326         -13.138          110.147
  342 (vir)          100.916          -1.013          -2.675         -14.287          111.516
  343 (vir)          101.124          -0.972          -2.727         -14.464          111.890
  344 (vir)          101.695          -0.707          -2.580         -14.329          112.736
  345 (vir)          102.188          -0.660          -2.774         -14.600          113.353
  346 (vir)          102.627          -0.524          -2.884         -14.469          113.688
  347 (vir)          103.106          -0.742          -2.523         -14.231          114.072
  348 (vir)          103.365          -0.636          -3.175         -14.933          114.487
  349 (vir)          103.541          -0.795          -3.421         -15.526          114.851
  350 (vir)          103.686          -1.159          -3.101         -15.018          114.443
  351 (vir)          104.332          -0.718          -3.115         -15.054          115.553
  352 (vir)          104.596          -0.812          -2.759         -14.216          115.241
  353 (vir)          104.894          -0.793          -3.123         -15.187          116.165
  354 (vir)          105.596          -0.904          -3.160         -15.300          116.832
  355 (vir)          106.434          -0.647          -3.095         -15.264          117.956
  356 (vir)          107.279          -0.980          -2.728         -14.440          118.011
  357 (vir)          107.459          -0.982          -2.983         -15.002          118.495
  358 (vir)          108.538          -0.853          -3.535         -16.198          120.349
  359 (vir)          108.781          -0.607          -3.216         -15.660          120.617
  360 (vir)          109.414          -0.733          -3.031         -15.529          121.178
  361 (vir)          110.316          -0.809          -2.991         -15.242          121.758
  362 (vir)          110.620          -0.744          -2.834         -15.224          122.266
  363 (vir)          110.934          -0.407          -2.911         -15.379          122.995
  364 (vir)          111.126          -0.655          -2.720         -15.145          122.895
  365 (vir)          112.254          -0.737          -3.095         -15.515          123.937
  366 (vir)          112.869          -0.690          -2.893         -15.177          124.463
  367 (vir)          113.661          -0.645          -2.604         -14.723          125.135
  368 (vir)          114.471          -0.857          -5.041         -19.896          128.468
  369 (vir)          114.802          -0.618          -3.443         -16.235          126.976
  370 (vir)          115.691          -0.708          -2.804         -15.096          127.274
  371 (vir)          116.899          -0.266          -3.042         -15.525          129.115
  372 (vir)          117.428          -0.779          -4.154         -18.082          130.576
  373 (vir)          118.168          -0.144          -3.272         -16.270          131.021
  374 (vir)          118.882          -0.410          -3.178         -16.005          131.300
  375 (vir)          119.295          -0.685          -3.962         -17.766          132.414
  376 (vir)          120.911          -0.472          -3.398         -16.751          133.793
  377 (vir)          121.293          -0.709          -4.087         -17.960          134.457
  378 (vir)          122.429          -0.591          -3.220         -16.198          134.815
  379 (vir)          122.569          -0.802          -3.047         -15.673          134.394
  380 (vir)          124.013          -0.564          -3.484         -17.001          136.966
  381 (vir)          125.521          -0.569          -2.916         -15.765          137.801
  382 (vir)          126.292          -0.267          -2.628         -15.156          138.553
  383 (vir)          128.347          -0.619          -2.757         -15.640          140.611
  384 (vir)          129.316          -0.415          -2.455         -15.106          141.552
  385 (vir)          129.417          -0.408          -2.727         -15.642          141.924
  386 (vir)          130.949          -0.108          -2.179         -14.981          143.643
  387 (vir)          131.583          -0.240          -2.534         -15.522          144.331
  388 (vir)          132.081          -0.438          -2.687         -15.760          144.717
  389 (vir)          132.290          -0.464          -2.694         -15.721          144.853
  390 (vir)          133.547          -0.548          -3.068         -16.444          146.374
  391 (vir)          135.148          -0.467          -2.759         -15.771          147.694
  392 (vir)          136.371          -0.065          -2.560         -15.711          149.457
  393 (vir)          136.803          -0.409          -2.217         -15.148          149.325
  394 (vir)          137.261          -0.208          -2.450         -15.531          150.135
  395 (vir)          137.540          -0.190          -2.819         -16.220          150.751
  396 (vir)          139.038          -0.143          -2.714         -16.114          152.295
  397 (vir)          139.831          -0.262          -2.343         -15.323          152.549
  398 (vir)          140.127          -0.165          -2.637         -15.877          153.203
  399 (vir)          141.050          -0.049          -2.691         -16.115          154.426
  400 (vir)          141.933          -0.084          -1.865         -14.574          154.558
  401 (vir)          142.343          -0.139          -1.832         -14.454          154.827
  402 (vir)          142.723          -0.148          -1.979         -14.900          155.497
  403 (vir)          142.887          -0.151          -2.322         -15.354          155.767
  404 (vir)          143.131           0.194          -3.171         -17.163          157.316
  405 (vir)          143.470          -0.096          -2.121         -15.144          156.396
  406 (vir)          143.571           0.070          -2.461         -15.795          156.975
  407 (vir)          143.862          -0.089          -1.878         -14.535          156.431
  408 (vir)          144.299          -0.048          -2.407         -15.562          157.406
  409 (vir)          145.139          -0.026          -2.624         -16.165          158.654
  410 (vir)          145.305          -0.003          -2.040         -15.011          158.273
  411 (vir)          145.742           0.030          -2.614         -16.080          159.239
  412 (vir)          146.098          -0.144          -2.293         -15.607          159.269
  413 (vir)          146.239          -0.188          -2.548         -16.095          159.598
  414 (vir)          146.998          -0.029          -2.884         -16.677          160.761
  415 (vir)          147.450          -0.222          -1.950         -14.944          160.222
  416 (vir)          147.821          -0.111          -2.113         -15.242          160.839
  417 (vir)          148.274          -0.099          -2.613         -16.231          161.794
  418 (vir)          148.488          -0.199          -1.999         -15.081          161.371
  419 (vir)          148.570          -0.138          -2.669         -16.379          162.142
  420 (vir)          149.866          -0.127          -2.321         -15.639          163.056
  421 (vir)          150.458          -0.217          -1.980         -15.033          163.294
  422 (vir)          150.868          -0.047          -2.652         -16.444          164.614
  423 (vir)          151.588          -0.119          -1.888         -15.023          164.603
  424 (vir)          152.348          -0.443          -1.797         -14.665          164.773
  425 (vir)          153.224          -0.130          -2.509         -16.035          166.619
  426 (vir)          153.665          -0.151          -1.967         -14.867          166.414
  427 (vir)          153.859          -0.060          -2.158         -15.406          167.047
  428 (vir)          154.731          -0.201          -1.709         -14.387          167.207
  429 (vir)          155.424          -0.041          -1.983         -14.956          168.355
  430 (vir)          155.847           0.005          -1.868         -14.344          168.329
  431 (vir)          156.454           0.197          -1.832         -14.102          168.922
  432 (vir)          157.000           0.194          -1.611         -13.606          169.190
  433 (vir)          157.632          -0.273          -3.202         -17.652          171.810
  434 (vir)          157.884          -0.250          -1.763         -14.713          170.584
  435 (vir)          158.349          -0.274          -1.781         -14.771          171.066
  436 (vir)          158.781           0.063          -1.954         -14.766          171.656
  437 (vir)          158.945          -0.105          -2.825         -16.808          172.823
  438 (vir)          159.149          -0.419          -2.087         -15.633          172.276
  439 (vir)          159.658          -0.075          -1.855         -14.524          172.252
  440 (vir)          160.021          -0.053          -1.850         -14.725          172.843
  441 (vir)          160.760          -0.307          -2.133         -15.359          173.680
  442 (vir)          161.062          -0.337          -1.888         -15.033          173.870
  443 (vir)          161.180           0.021          -2.211         -15.482          174.473
  444 (vir)          161.606          -0.083          -1.668         -14.310          174.165
  445 (vir)          161.797          -0.303          -1.810         -14.963          174.647
  446 (vir)          162.500          -0.098          -1.738         -14.626          175.290
  447 (vir)          162.651          -0.161          -2.244         -15.632          175.878
  448 (vir)          163.212          -0.257          -1.960         -15.284          176.278
  449 (vir)          163.574          -0.258          -1.909         -15.143          176.549
  450 (vir)          163.822          -0.086          -1.979         -15.150          176.908
  451 (vir)          164.335          -0.296          -1.700         -14.675          177.014
  452 (vir)          164.536          -0.007          -1.975         -15.109          177.663
  453 (vir)          165.389           0.003          -1.722         -14.478          178.148
  454 (vir)          166.019          -0.153          -1.757         -14.740          178.848
  455 (vir)          166.364          -0.118          -1.949         -15.294          179.592
  456 (vir)          166.664          -0.444          -1.864         -14.878          179.232
  457 (vir)          166.910          -0.105          -1.876         -15.052          179.982
  458 (vir)          167.623          -0.083          -1.982         -15.343          180.901
  459 (vir)          168.033          -0.055          -1.820         -14.976          181.134
  460 (vir)          168.199          -0.111          -1.848         -15.123          181.363
  461 (vir)          168.281          -0.126          -2.040         -15.321          181.437
  462 (vir)          169.287          -0.264          -1.830         -15.123          182.317
  463 (vir)          169.527          -0.126          -1.923         -15.395          182.872
  464 (vir)          169.724          -0.181          -2.013         -15.668          183.198
  465 (vir)          170.043          -0.199          -1.858         -15.189          183.176
  466 (vir)          170.682          -0.123          -1.847         -15.190          183.901
  467 (vir)          170.990          -0.309          -1.974         -15.678          184.384
  468 (vir)          171.466          -0.187          -2.002         -15.658          184.935
  469 (vir)          172.637          -0.185          -2.084         -15.817          186.185
  470 (vir)          172.806          -0.330          -1.892         -15.559          186.143
  471 (vir)          172.937          -0.284          -1.960         -15.554          186.247
  472 (vir)          173.094          -0.232          -2.098         -15.755          186.519
  473 (vir)          174.283          -0.117          -2.200         -15.957          187.923
  474 (vir)          174.419          -0.119          -2.019         -15.577          187.857
  475 (vir)          175.311          -0.222          -2.017         -15.861          188.932
  476 (vir)          175.707          -0.256          -1.968         -15.734          189.216
  477 (vir)          176.001          -0.138          -1.923         -15.625          189.566
  478 (vir)          176.204          -0.005          -2.223         -16.264          190.241
  479 (vir)          176.736          -0.127          -2.135         -15.950          190.423
  480 (vir)          178.003          -0.216          -1.945         -15.721          191.563
  481 (vir)          178.793          -0.160          -2.214         -16.272          192.691
  482 (vir)          178.871          -0.166          -2.140         -16.229          192.795
  483 (vir)          179.076          -0.154          -2.154         -16.254          193.021
  484 (vir)          179.109          -0.300          -2.164         -16.453          193.098
  485 (vir)          179.563          -0.183          -2.015         -16.009          193.373
  486 (vir)          179.708          -0.361          -2.026         -16.208          193.529
  487 (vir)          179.976          -0.149          -2.063         -15.915          193.679
  488 (vir)          181.122          -0.162          -2.004         -16.031          194.987
  489 (vir)          182.338          -0.237          -2.338         -16.900          196.663
  490 (vir)          182.597          -0.155          -2.223         -16.507          196.725
  491 (vir)          183.179          -0.165          -2.023         -16.075          197.066
  492 (vir)          183.501          -0.260          -2.094         -16.173          197.319
  493 (vir)          184.205          -0.322          -2.021         -16.195          198.057
  494 (vir)          184.432          -0.021          -2.351         -16.540          198.600
  495 (vir)          184.970           0.305          -2.237         -16.236          199.274
  496 (vir)          185.806          -0.201          -1.893         -15.835          199.547
  497 (vir)          186.101          -0.185          -2.059         -16.282          200.138
  498 (vir)          186.510          -0.138          -1.829         -15.665          200.209
  499 (vir)          186.989           0.201          -1.998         -15.879          201.070
  500 (vir)          188.034          -0.281          -1.872         -15.911          201.792
  501 (vir)          188.051          -0.270          -1.756         -15.450          201.476
  502 (vir)          189.377           0.064          -2.579         -16.650          203.513
  503 (vir)          189.664          -0.155          -1.702         -15.257          203.063
  504 (vir)          189.895          -0.154          -1.589         -14.714          202.866
  505 (vir)          190.399           0.295          -2.124         -16.122          204.691
  506 (vir)          191.369          -0.031          -1.777         -15.316          204.878
  507 (vir)          191.796          -1.149          -2.227         -16.132          204.552
  508 (vir)          192.271          -0.254          -2.131         -16.111          205.996
  509 (vir)          192.985           0.559          -2.176         -16.213          207.580
  510 (vir)          193.634           0.050          -1.575         -14.803          206.913
  511 (vir)          194.253          -0.564          -2.342         -16.849          208.195
  512 (vir)          194.551          -0.006          -1.408         -14.087          207.224
  513 (vir)          194.758          -0.027          -1.582         -14.745          207.893
  514 (vir)          195.733          -0.046          -2.257         -15.928          209.358
  515 (vir)          196.374           0.460          -2.301         -15.930          210.463
  516 (vir)          196.856          -0.275          -1.734         -15.220          210.067
  517 (vir)          197.601          -0.470          -2.171         -16.100          211.060
  518 (vir)          198.147          -0.699          -2.409         -16.439          211.478
  519 (vir)          198.807          -0.664          -1.857         -15.562          211.848
  520 (vir)          199.293          -0.004          -2.076         -15.786          213.000
  521 (vir)          199.826           0.266          -1.995         -15.398          213.495
  522 (vir)          200.626           0.822          -1.644         -14.776          214.579
  523 (vir)          200.994           0.291          -1.826         -15.316          214.776
  524 (vir)          201.220          -0.328          -1.666         -14.848          214.073
  525 (vir)          201.717          -0.663          -2.047         -15.717          214.724
  526 (vir)          202.306           0.282          -1.748         -15.045          215.884
  527 (vir)          202.715          -0.221          -1.295         -14.260          215.458
  528 (vir)          203.137          -0.316          -1.877         -15.178          216.122
  529 (vir)          203.447          -0.726          -2.261         -16.420          216.880
  530 (vir)          204.191           0.267          -1.157         -13.807          217.107
  531 (vir)          205.485           0.265          -1.562         -14.505          218.693
  532 (vir)          205.838          -1.548          -2.073         -15.585          217.803
  533 (vir)          206.483           0.238          -1.788         -15.162          220.095
  534 (vir)          206.565           0.001          -1.657         -15.534          220.443
  535 (vir)          207.013           0.518          -1.835         -15.450          221.146
  536 (vir)          207.829          -0.294          -1.934         -15.920          221.521
  537 (vir)          207.975           0.252          -1.877         -15.916          222.266
  538 (vir)          208.056          -0.201          -1.588         -15.145          221.412
  539 (vir)          208.468          -0.384          -2.086         -15.964          221.962
  540 (vir)          209.475          -0.160          -1.382         -14.180          222.112
  541 (vir)          209.790          -0.190          -1.950         -16.124          223.774
  542 (vir)          210.059          -0.229          -1.673         -15.125          223.282
  543 (vir)          210.263          -0.345          -1.958         -16.071          224.031
  544 (vir)          210.778          -0.398          -2.386         -17.140          225.134
  545 (vir)          211.227          -0.976          -2.317         -16.537          224.471
  546 (vir)          211.445          -0.100          -1.535         -15.351          225.161
  547 (vir)          212.192          -0.233          -1.716         -15.157          225.400
  548 (vir)          212.584          -0.200          -1.791         -15.542          226.134
  549 (vir)          212.967          -0.146          -1.865         -15.623          226.579
  550 (vir)          213.083          -0.141          -1.822         -15.665          226.785
  551 (vir)          214.075           0.145          -1.972         -16.237          228.484
  552 (vir)          214.326          -0.453          -2.533         -17.426          228.766
  553 (vir)          214.615          -0.154          -1.702         -15.733          228.492
  554 (vir)          215.019           0.102          -1.801         -15.668          228.987
  555 (vir)          215.506           0.013          -2.077         -16.635          230.077
  556 (vir)          215.757          -0.169          -1.603         -15.521          229.506
  557 (vir)          216.057          -0.510          -2.650         -17.716          230.613
  558 (vir)          216.272           0.002          -2.448         -17.283          231.109
  559 (vir)          216.866          -0.216          -1.875         -16.138          230.914
  560 (vir)          217.447          -0.053          -1.759         -15.930          231.564
  561 (vir)          217.851          -0.379          -2.141         -16.696          232.026
  562 (vir)          218.073          -0.159          -1.974         -16.325          232.264
  563 (vir)          219.092          -0.323          -1.800         -16.206          233.175
  564 (vir)          219.573          -0.173          -1.875         -16.215          233.740
  565 (vir)          219.711          -0.442          -1.942         -16.811          234.137
  566 (vir)          220.044          -0.111          -2.084         -16.780          234.629
  567 (vir)          220.361          -0.102          -1.639         -15.197          233.817
  568 (vir)          221.159          -0.267          -1.786         -16.220          235.326
  569 (vir)          221.594          -0.276          -2.102         -17.001          236.217
  570 (vir)          222.231          -0.281          -1.918         -16.267          236.299
  571 (vir)          222.621          -0.311          -1.805         -16.287          236.793
  572 (vir)          222.935          -0.243          -1.835         -16.246          237.104
  573 (vir)          223.179           0.350          -1.491         -15.112          237.151
  574 (vir)          223.270          -0.243          -1.675         -16.107          237.458
  575 (vir)          223.955          -0.137          -1.730         -16.105          238.192
  576 (vir)          224.186          -0.352          -1.757         -15.786          237.863
  577 (vir)          224.886          -0.153          -1.880         -16.345          239.198
  578 (vir)          225.578          -0.418          -2.029         -17.109          240.240
  579 (vir)          225.685          -0.482          -2.338         -17.249          240.114
  580 (vir)          226.126          -0.058          -1.828         -16.094          240.334
  581 (vir)          226.652          -0.360          -1.941         -17.097          241.449
  582 (vir)          227.627          -0.256          -1.811         -16.601          242.161
  583 (vir)          227.801          -0.239          -2.389         -17.796          242.969
  584 (vir)          228.194          -0.260          -1.555         -15.609          241.987
  585 (vir)          228.501          -0.244          -1.712         -16.057          242.601
  586 (vir)          228.863          -0.233          -2.024         -16.651          243.257
  587 (vir)          228.956          -0.296          -2.268         -17.272          243.664
  588 (vir)          229.521          -0.244          -2.270         -17.386          244.394
  589 (vir)          229.672          -0.341          -2.439         -17.565          244.458
  590 (vir)          231.023          -0.604          -2.272         -17.523          245.670
  591 (vir)          231.503          -0.320          -1.816         -16.407          245.774
  592 (vir)          232.015          -0.287          -1.774         -16.454          246.408
  593 (vir)          233.369          -0.392          -1.891         -16.583          247.669
  594 (vir)          233.611          -0.487          -2.622         -18.262          248.763
  595 (vir)          233.817          -0.346          -2.281         -17.320          248.509
  596 (vir)          234.526          -0.230          -1.540         -15.694          248.451
  597 (vir)          234.815          -0.507          -2.226         -17.739          249.820
  598 (vir)          235.140          -0.516          -2.477         -18.148          250.296
  599 (vir)          235.695          -0.393          -2.176         -17.266          250.392
  600 (vir)          236.989          -0.369          -2.278         -17.758          252.101
  601 (vir)          237.218          -0.336          -2.087         -17.074          251.869
  602 (vir)          237.568          -0.638          -2.348         -18.690          253.273
  603 (vir)          238.521          -0.246          -2.068         -17.114          253.322
  604 (vir)          239.252          -0.286          -1.944         -16.825          253.847
  605 (vir)          240.028          -0.596          -2.042         -17.738          255.127
  606 (vir)          241.642           0.111          -2.656         -18.368          257.465
  607 (vir)          242.790          -0.864          -2.157         -18.155          257.924
  608 (vir)          243.149          -1.355          -2.267         -18.578          258.105
  609 (vir)          243.704          -0.798          -1.945         -17.329          258.291
  610 (vir)          244.120          -0.458          -1.989         -17.567          259.239
  611 (vir)          244.691          -0.836          -2.061         -17.747          259.540
  612 (vir)          244.943          -0.978          -2.156         -17.946          259.755
  613 (vir)          245.154          -1.158          -2.114         -18.161          260.043
  614 (vir)          245.974          -0.634          -2.213         -18.320          261.447
  615 (vir)          246.316          -0.829          -2.302         -18.620          261.805
  616 (vir)          246.936          -0.737          -2.260         -18.182          262.120
  617 (vir)          247.145          -0.695          -2.363         -18.480          262.567
  618 (vir)          247.643          -0.723          -2.305         -18.473          263.087
  619 (vir)          248.088          -0.805          -2.216         -18.314          263.381
  620 (vir)          248.332          -1.115          -2.186         -18.424          263.454
  621 (vir)          248.622          -1.139          -2.219         -18.481          263.745
  622 (vir)          248.825          -0.949          -2.170         -18.463          264.169
  623 (vir)          249.412          -0.657          -2.013         -17.789          264.531
  624 (vir)          249.756          -0.921          -2.083         -18.216          264.967
  625 (vir)          249.951          -0.806          -2.430         -18.549          265.263
  626 (vir)          250.938          -0.586          -2.281         -18.262          266.334
  627 (vir)          251.283          -0.690          -2.244         -18.330          266.679
  628 (vir)          251.875          -0.949          -2.244         -18.799          267.482
  629 (vir)          252.752          -0.374          -2.111         -17.680          267.946
  630 (vir)          254.298          -0.355          -2.289         -18.166          269.820
  631 (vir)          254.949          -0.713          -2.062         -18.088          270.262
  632 (vir)          255.517          -1.064          -2.679         -19.115          270.889
  633 (vir)          256.748          -0.280          -2.460         -18.659          272.667
  634 (vir)          257.530          -0.551          -2.444         -18.719          273.254
  635 (vir)          258.206          -0.632          -2.379         -18.832          274.027
  636 (vir)          258.784          -0.544          -2.469         -18.901          274.672
  637 (vir)          259.698          -0.830          -2.292         -18.659          275.234
  638 (vir)          261.416          -1.840          -2.351         -18.365          275.589
  639 (vir)          262.645          -0.448          -2.174         -18.167          278.190
  640 (vir)          263.188          -0.543          -2.467         -18.963          279.140
  641 (vir)          264.114          -0.211          -1.627         -16.562          278.839
  642 (vir)          264.307          -0.468          -2.529         -19.074          280.383
  643 (vir)          265.017          -0.204          -1.516         -16.280          279.577
  644 (vir)          265.596          -0.530          -1.966         -17.744          280.843
  645 (vir)          265.979          -0.407          -1.634         -16.784          280.722
  646 (vir)          266.911          -0.359          -2.316         -18.552          282.789
  647 (vir)          268.183          -0.485          -2.137         -18.019          283.580
  648 (vir)          268.397          -0.612          -2.082         -18.294          283.997
  649 (vir)          269.319          -0.535          -2.701         -19.445          285.528
  650 (vir)          269.921          -0.931          -2.614         -19.829          286.205
  651 (vir)          271.223          -0.595          -2.393         -19.169          287.404
  652 (vir)          271.406          -0.259          -2.429         -18.962          287.680
  653 (vir)          271.692          -0.845          -2.620         -19.850          288.078
  654 (vir)          273.311          -0.416          -2.913         -19.925          289.907
  655 (vir)          273.589          -0.912          -2.712         -20.150          290.115
  656 (vir)          274.746          -0.426          -2.545         -19.431          291.206
  657 (vir)          275.308          -0.753          -2.848         -19.638          291.344
  658 (vir)          276.834          -0.788          -2.764         -20.310          293.592
  659 (vir)          278.511          -0.801          -2.601         -20.195          295.303
  660 (vir)          278.680          -0.490          -3.693         -21.077          295.575
  661 (vir)          280.247          -0.003          -2.830         -19.658          297.071
  662 (vir)          281.764          -0.812          -3.314         -20.611          298.248
  663 (vir)          282.541          -0.362          -2.507         -18.883          298.555
  664 (vir)          283.780          -0.744          -2.524         -20.160          300.672
  665 (vir)          284.502          -0.752          -2.450         -19.982          301.282
  666 (vir)          285.576          -0.728          -3.330         -20.524          302.042
  667 (vir)          286.791           0.097          -2.394         -18.849          303.343
  668 (vir)          287.234          -0.709          -2.432         -20.006          304.099
  669 (vir)          287.761          -0.077          -3.151         -19.817          304.350
  670 (vir)          290.392          -0.529          -2.587         -19.771          307.048
  671 (vir)          293.226          -0.666          -3.259         -20.656          309.957
  672 (vir)          294.293          -0.330          -3.206         -20.401          311.158
  673 (vir)          297.997          -0.609          -3.412         -21.027          315.003
  674 (vir)          300.628          -0.373          -3.904         -21.808          318.159
  675 (vir)          306.088          -0.319          -3.642         -21.789          323.916
  676 (vir)          308.173          -0.044          -2.367         -19.500          325.261
  677 (vir)          309.319          -0.397          -3.500         -21.664          327.086
  678 (vir)          310.158          -0.470          -3.515         -21.281          327.454
  679 (vir)          311.314          -0.610          -2.890         -20.291          328.104
  680 (vir)          311.633          -0.557          -3.280         -21.178          328.974
  681 (vir)          312.964          -0.388          -1.748         -17.853          328.680
  682 (vir)          313.182          -0.498          -5.157         -23.954          331.480
  683 (vir)          314.073          -0.527          -2.582         -20.032          330.996
  684 (vir)          314.481          -0.414          -1.800         -17.940          330.207
  685 (vir)          315.772          -0.553          -3.828         -22.408          333.798
  686 (vir)          318.663          -0.535          -4.646         -23.617          337.099
  687 (vir)          321.120          -0.420          -3.388         -21.959          339.271
  688 (vir)          322.135          -0.081          -2.497         -19.648          339.204
  689 (vir)          322.227          -0.561          -3.777         -22.400          340.290
  690 (vir)          323.975          -0.694          -4.471         -23.737          342.546
  691 (vir)          326.751          -0.537          -3.672         -22.314          344.856
  692 (vir)          327.098          -0.683          -4.245         -23.217          345.387
  693 (vir)          329.220          -0.803          -3.719         -22.494          347.193
  694 (vir)          333.600          -0.059          -2.155         -19.136          350.522
  695 (vir)          336.276          -0.169          -2.144         -19.379          353.341
  696 (vir)          340.232           0.142          -2.432         -18.829          356.771
  697 (vir)          342.906           0.227          -2.521         -19.046          359.658
  698 (vir)          392.816          -0.336          -2.474         -19.811          409.816
  699 (vir)          402.384          -0.362          -3.346         -21.431          420.107
  700 (vir)          407.554          -0.569          -3.672         -22.022          425.335
  701 (vir)          755.724          -1.034         -13.013         -46.324          788.001
  702 (vir)          768.486          -1.037         -12.811         -46.124          800.762
  703 (vir)          771.364          -1.020         -12.732         -45.963          803.575
  704 (vir)          775.650          -1.021         -12.663         -45.909          807.874
  705 (vir)          779.126          -1.038         -12.659         -46.003          811.432
  706 (vir)         1017.610          -1.220         -15.402         -54.176         1055.165
  707 (vir)         1018.143          -1.219         -15.397         -54.173         1055.700
  708 (vir)         1019.732          -1.217         -15.380         -54.164         1057.300
  709 (vir)         1028.594          -1.237         -15.200         -54.023         1066.179
  710 (vir)         1034.925          -1.224         -15.103         -53.901         1072.499
  711 (vir)         3986.746          -1.811         -14.780         -94.566         4064.722
  712 (vir)         3999.112          -1.805         -14.726         -94.516         4077.096
  713 (vir)         4001.403          -1.801         -14.721         -94.510         4079.392
  714 (vir)         4005.879          -1.800         -14.699         -94.491         4083.871
  715 (vir)         4009.544          -1.801         -14.683         -94.479         4087.540
  716 (vir)         5341.992          -1.836         -17.623        -110.446         5432.980
  717 (vir)         5342.763          -1.836         -17.620        -110.444         5433.752
  718 (vir)         5344.440          -1.835         -17.616        -110.442         5435.432
  719 (vir)         5353.942          -1.842         -17.543        -110.374         5444.932
  720 (vir)         5360.104          -1.839         -17.517        -110.350         5451.098
