 
  kpoint:     0.0000    0.0000    0.0000
 
    n          ϵ_nk^DFT (eV)     Σ^c_nk (eV)     Σ^x_nk (eV)     v_n^xc (eV)   ϵ_nk^G0W0 (eV)
 
    1 (occ)        -1032.448           2.641        -187.396        -117.677        -1099.526
    2 (occ)        -1032.448           2.641        -187.396        -117.677        -1099.526
    3 (occ)        -1032.448           2.641        -187.396        -117.677        -1099.526
    4 (occ)        -1032.448           2.641        -187.396        -117.677        -1099.526
    5 (occ)        -1032.448           2.641        -187.396        -117.677        -1099.526
    6 (occ)        -1032.373           2.661        -187.404        -117.678        -1099.438
    7 (occ)          -55.937           7.760         -53.927         -34.025          -68.079
    8 (occ)          -55.936           7.756         -53.929         -34.026          -68.083
    9 (occ)          -55.936           7.756         -53.929         -34.026          -68.083
   10 (occ)          -55.936           7.753         -53.930         -34.028          -68.085
   11 (occ)          -55.936           7.753         -53.930         -34.028          -68.085
   12 (occ)          -55.925           7.820         -53.910         -34.022          -67.992
   13 (occ)          -28.110           5.735         -44.989         -32.003          -35.362
   14 (occ)          -28.107           5.662         -45.000         -32.007          -35.437
   15 (occ)          -28.107           5.662         -45.000         -32.007          -35.438
   16 (occ)          -28.102           5.640         -45.026         -32.047          -35.441
   17 (occ)          -28.101           5.657         -45.030         -32.049          -35.426
   18 (occ)          -28.101           5.657         -45.030         -32.049          -35.426
   19 (occ)          -28.100           5.606         -45.036         -32.059          -35.471
   20 (occ)          -28.100           5.606         -45.036         -32.059          -35.471
   21 (occ)          -28.093           5.615         -45.052         -32.058          -35.473
   22 (occ)          -28.093           5.615         -45.052         -32.058          -35.473
   23 (occ)          -28.086           5.781         -45.065         -32.078          -35.292
   24 (occ)          -28.085           5.613         -45.054         -32.056          -35.470
   25 (occ)          -28.085           5.613         -45.054         -32.056          -35.470
   26 (occ)          -28.076           5.662         -45.086         -32.086          -35.414
   27 (occ)          -28.076           5.662         -45.086         -32.086          -35.414
   28 (occ)          -28.071           5.640         -45.107         -32.106          -35.432
   29 (occ)          -28.061           5.865         -45.121         -32.107          -35.210
   30 (occ)          -28.061           5.865         -45.121         -32.107          -35.210
   31 (occ)           -4.111           0.975          -7.884          -5.982           -5.038
   32 (occ)           -2.990          -0.342          -6.321          -5.435           -4.219
   33 (occ)           -2.990          -0.342          -6.321          -5.435           -4.219
   34 (vir)           -1.899          -1.508          -1.844          -4.278           -0.973
   35 (vir)           -1.720          -1.355          -2.346          -4.573           -0.847
   36 (vir)           -1.720          -1.355          -2.346          -4.573           -0.847
   37 (vir)           -1.394          -1.481          -1.567          -3.882           -0.561
   38 (vir)           -0.876          -1.672          -1.296          -3.609           -0.235
   39 (vir)           -0.876          -1.672          -1.296          -3.609           -0.235
   40 (vir)           -0.484          -2.114          -1.191          -3.619           -0.171
   41 (vir)           -0.484          -2.114          -1.191          -3.619           -0.171
   42 (vir)           -0.459          -1.457          -1.067          -3.042            0.058
   43 (vir)           -0.459          -1.457          -1.067          -3.042            0.058
   44 (vir)           -0.186          -1.159          -0.557          -2.256            0.354
   45 (vir)            0.232          -1.422          -0.507          -2.333            0.636
   46 (vir)            0.232          -1.422          -0.507          -2.333            0.636
   47 (vir)            0.258          -0.724          -0.330          -1.536            0.739
   48 (vir)            0.408          -0.768          -0.448          -1.688            0.880
   49 (vir)            0.408          -0.768          -0.448          -1.688            0.880
   50 (vir)            0.448          -0.984          -0.474          -1.969            0.960
   51 (vir)            0.571          -0.887          -0.418          -1.773            1.040
   52 (vir)            0.571          -0.887          -0.418          -1.773            1.040
   53 (vir)            0.704          -1.391          -0.382          -2.058            0.988
   54 (vir)            0.704          -1.391          -0.382          -2.058            0.988
   55 (vir)            0.855          -0.777          -0.332          -1.647            1.393
   56 (vir)            0.855          -0.777          -0.332          -1.647            1.393
   57 (vir)            0.893          -0.863          -0.292          -1.629            1.367
   58 (vir)            1.053          -1.069          -0.613          -2.235            1.606
   59 (vir)            1.053          -1.069          -0.613          -2.235            1.606
   60 (vir)            1.136          -0.890          -0.528          -1.914            1.633
   61 (vir)            1.136          -0.890          -0.528          -1.914            1.633
   62 (vir)            1.298          -0.994          -0.461          -1.886            1.729
   63 (vir)            1.563          -0.493          -0.081          -1.026            2.015
   64 (vir)            1.579          -0.501          -0.171          -1.183            2.090
   65 (vir)            1.579          -0.501          -0.171          -1.183            2.090
   66 (vir)            1.669          -1.237          -0.600          -2.413            2.245
   67 (vir)            1.669          -1.237          -0.600          -2.413            2.245
   68 (vir)            1.703          -1.047          -0.462          -2.030            2.225
   69 (vir)            1.727          -0.532          -0.192          -1.228            2.230
   70 (vir)            1.727          -0.532          -0.192          -1.228            2.230
   71 (vir)            2.046          -1.046          -0.604          -2.556            2.953
   72 (vir)            2.046          -1.046          -0.604          -2.556            2.953
   73 (vir)            2.251          -1.429          -0.863          -3.399            3.357
   74 (vir)            2.251          -1.429          -0.863          -3.399            3.357
   75 (vir)            2.351          -1.685          -0.645          -3.220            3.242
   76 (vir)            2.651          -1.731          -0.565          -2.912            3.268
   77 (vir)            2.651          -1.730          -0.565          -2.912            3.268
   78 (vir)            2.811          -2.255          -0.549          -3.713            3.721
   79 (vir)            2.811          -2.254          -0.549          -3.713            3.721
   80 (vir)            3.106          -1.187          -0.523          -2.732            4.128
   81 (vir)            3.498          -1.556          -0.605          -3.151            4.489
   82 (vir)            3.498          -1.553          -0.605          -3.151            4.492
   83 (vir)            3.605          -1.311          -0.669          -2.916            4.541
   84 (vir)            3.752          -1.732          -0.534          -3.343            4.829
   85 (vir)            4.166          -1.503          -0.629          -3.343            5.377
   86 (vir)            4.166          -1.503          -0.629          -3.343            5.377
   87 (vir)            4.432          -1.208          -0.647          -3.335            5.912
   88 (vir)            4.472          -1.388          -0.729          -3.765            6.120
   89 (vir)            4.472          -1.387          -0.729          -3.765            6.121
   90 (vir)            4.609          -1.101          -1.083          -3.661            6.086
   91 (vir)            4.609          -1.101          -1.083          -3.661            6.086
   92 (vir)            4.940          -1.041          -0.479          -3.318            6.738
   93 (vir)            4.940          -1.041          -0.479          -3.318            6.738
   94 (vir)            5.015          -1.163          -0.978          -3.842            6.717
   95 (vir)            5.300          -0.909          -0.705          -3.556            7.242
   96 (vir)            5.300          -0.909          -0.705          -3.556            7.242
   97 (vir)            5.531          -1.324          -0.788          -4.195            7.614
   98 (vir)            5.531          -1.324          -0.788          -4.195            7.614
   99 (vir)            5.782          -1.124          -0.706          -3.751            7.703
  100 (vir)            5.782          -1.124          -0.706          -3.751            7.703
  101 (vir)            6.309          -1.408          -0.910          -3.896            7.887
  102 (vir)            6.534          -0.923          -0.851          -4.016            8.776
  103 (vir)            6.534          -0.923          -0.851          -4.016            8.776
  104 (vir)            6.635          -1.034          -1.028          -4.113            8.685
  105 (vir)            6.635          -1.034          -1.028          -4.113            8.685
  106 (vir)            6.730          -1.054          -0.779          -3.968            8.865
  107 (vir)            6.833          -0.820          -0.719          -3.698            8.992
  108 (vir)            6.833          -0.820          -0.719          -3.698            8.992
  109 (vir)            6.849          -0.795          -0.640          -3.627            9.041
  110 (vir)            6.849          -0.795          -0.640          -3.627            9.041
  111 (vir)            6.859          -0.189          -0.280          -3.433            9.823
  112 (vir)            6.997          -0.790          -0.971          -3.703            8.939
  113 (vir)            7.052          -1.103          -0.946          -4.111            9.114
  114 (vir)            7.180          -0.808          -0.955          -3.989            9.405
  115 (vir)            7.180          -0.808          -0.955          -3.989            9.405
  116 (vir)            7.267          -0.756          -0.917          -4.103            9.698
  117 (vir)            7.267          -0.756          -0.917          -4.103            9.698
  118 (vir)            8.251          -0.234          -0.489          -3.794           11.323
  119 (vir)            8.251          -0.234          -0.489          -3.794           11.322
  120 (vir)            8.701          -0.900          -0.627          -3.920           11.095
  121 (vir)            8.811          -0.518          -0.499          -3.640           11.434
  122 (vir)            8.811          -0.518          -0.499          -3.640           11.434
  123 (vir)            8.916          -0.469          -0.590          -3.963           11.819
  124 (vir)            8.916          -0.468          -0.590          -3.963           11.820
  125 (vir)            9.119          -1.060          -1.061          -4.751           11.749
  126 (vir)            9.197          -0.218          -0.669          -4.189           12.500
  127 (vir)            9.197          -0.217          -0.669          -4.189           12.501
  128 (vir)            9.372          -0.519          -0.785          -4.411           12.479
  129 (vir)            9.372          -0.519          -0.785          -4.411           12.479
  130 (vir)           11.316          -0.056          -0.542          -4.631           15.350
  131 (vir)           11.316          -0.056          -0.542          -4.631           15.350
  132 (vir)           11.420          -0.176          -1.042          -4.865           15.067
  133 (vir)           11.436          -0.472          -1.131          -5.233           15.065
  134 (vir)           11.436          -0.470          -1.131          -5.233           15.067
  135 (vir)           11.538          -0.199          -0.618          -4.551           15.272
  136 (vir)           12.490           0.063          -0.502          -4.386           16.437
  137 (vir)           12.490           0.065          -0.502          -4.386           16.439
  138 (vir)           12.511          -0.176          -0.743          -4.947           16.538
  139 (vir)           12.511          -0.175          -0.743          -4.947           16.539
  140 (vir)           12.984           0.132          -0.402          -4.327           17.040
  141 (vir)           12.984           0.135          -0.402          -4.327           17.043
  142 (vir)           12.994           0.064          -0.371          -4.202           16.889
  143 (vir)           12.994           0.066          -0.371          -4.202           16.891
  144 (vir)           13.807          -0.159          -0.716          -4.770           17.703
  145 (vir)           13.807          -0.153          -0.716          -4.770           17.710
  146 (vir)           14.139          -0.283          -0.831          -5.241           18.266
  147 (vir)           14.641           0.041          -0.729          -5.234           19.188
  148 (vir)           14.641           0.040          -0.729          -5.234           19.186
  149 (vir)           15.128          -0.065          -0.618          -4.691           19.135
  150 (vir)           15.544          -0.515          -1.104          -5.308           19.233
  151 (vir)           15.544          -0.515          -1.104          -5.308           19.233
  152 (vir)           15.915          -0.073          -0.876          -5.269           20.235
  153 (vir)           15.963           0.277          -0.773          -5.070           20.537
  154 (vir)           15.963           0.278          -0.773          -5.070           20.538
  155 (vir)           16.723          -0.025          -0.876          -4.854           20.676
  156 (vir)           16.733          -0.195          -1.114          -5.527           20.952
  157 (vir)           16.733          -0.195          -1.113          -5.527           20.952
  158 (vir)           16.937          -0.082          -0.951          -5.739           21.643
  159 (vir)           16.937          -0.084          -0.951          -5.739           21.641
  160 (vir)           17.003          -0.323          -0.906          -5.260           21.035
  161 (vir)           17.003          -0.322          -0.906          -5.260           21.035
  162 (vir)           17.170          -0.191          -0.989          -5.272           21.262
  163 (vir)           17.240           0.256          -0.710          -5.153           21.939
  164 (vir)           17.240           0.257          -0.710          -5.153           21.940
  165 (vir)           17.561          -0.412          -0.898          -5.279           21.530
  166 (vir)           17.561          -0.412          -0.898          -5.279           21.530
  167 (vir)           17.660           0.284          -1.046          -5.928           22.826
  168 (vir)           17.970          -0.280          -0.785          -5.089           21.994
  169 (vir)           17.970          -0.281          -0.785          -5.089           21.993
  170 (vir)           18.271           0.483          -0.592          -4.794           22.955
  171 (vir)           18.271           0.478          -0.592          -4.794           22.951
  172 (vir)           18.399           0.297          -0.803          -5.265           23.158
  173 (vir)           18.399           0.296          -0.803          -5.265           23.158
  174 (vir)           18.534           0.076          -0.675          -4.961           22.896
  175 (vir)           18.534           0.076          -0.675          -4.961           22.897
  176 (vir)           18.947          -0.016          -1.104          -5.964           23.790
  177 (vir)           18.947          -0.015          -1.104          -5.964           23.791
  178 (vir)           19.046          -0.037          -1.062          -5.697           23.644
  179 (vir)           19.046          -0.036          -1.062          -5.697           23.645
  180 (vir)           19.049          -0.182          -0.986          -5.340           23.220
  181 (vir)           19.341          -0.133          -0.959          -5.551           23.800
  182 (vir)           19.961           0.350          -1.302          -6.390           25.399
  183 (vir)           20.019           0.225          -0.808          -5.467           24.902
  184 (vir)           20.019           0.224          -0.808          -5.467           24.902
  185 (vir)           20.141          -0.076          -1.380          -6.356           25.041
  186 (vir)           20.237           0.894          -0.254          -4.223           25.099
  187 (vir)           20.490          -0.107          -1.409          -6.369           25.343
  188 (vir)           20.490          -0.107          -1.409          -6.369           25.343
  189 (vir)           20.634          -0.002          -1.082          -5.639           25.188
  190 (vir)           20.634          -0.003          -1.082          -5.639           25.189
  191 (vir)           21.545           0.237          -0.903          -5.385           26.265
  192 (vir)           21.545           0.237          -0.903          -5.385           26.265
  193 (vir)           22.018           0.005          -1.543          -6.722           27.202
  194 (vir)           22.018           0.005          -1.543          -6.722           27.202
  195 (vir)           22.048           0.064          -1.157          -6.072           27.027
  196 (vir)           22.604           0.513          -0.500          -4.872           27.489
  197 (vir)           22.632           0.243          -0.946          -5.748           27.676
  198 (vir)           22.632           0.243          -0.946          -5.748           27.676
  199 (vir)           22.951          -0.031          -1.466          -6.403           27.857
  200 (vir)           22.951          -0.031          -1.466          -6.403           27.857
  201 (vir)           23.081          -0.073          -1.670          -6.908           28.247
  202 (vir)           23.082          -0.073          -1.670          -6.908           28.246
  203 (vir)           25.219           0.152          -1.164          -6.259           30.466
  204 (vir)           25.219           0.152          -1.164          -6.260           30.466
  205 (vir)           25.601          -0.567          -4.528         -11.413           31.919
  206 (vir)           26.730          -0.801          -4.688         -11.651           32.892
  207 (vir)           26.730          -0.801          -4.688         -11.651           32.892
  208 (vir)           26.759          -0.858          -4.718         -11.680           32.864
  209 (vir)           27.063          -0.455          -3.929         -10.536           33.216
  210 (vir)           27.063          -0.455          -3.929         -10.536           33.216
  211 (vir)           27.269          -0.489          -4.067         -10.849           33.562
  212 (vir)           27.269          -0.489          -4.067         -10.849           33.562
  213 (vir)           27.927          -0.557          -4.261         -11.095           34.204
  214 (vir)           28.142          -0.407          -3.961         -10.823           34.597
  215 (vir)           28.142          -0.407          -3.961         -10.823           34.597
  216 (vir)           29.532          -0.469          -4.331         -11.596           36.328
  217 (vir)           29.532          -0.469          -4.331         -11.596           36.328
  218 (vir)           30.261          -0.361          -3.553         -10.138           36.485
  219 (vir)           30.262          -0.361          -3.553         -10.138           36.485
  220 (vir)           32.004          -0.873          -5.146         -12.775           38.759
  221 (vir)           35.178          -0.460          -3.981         -11.174           41.912
  222 (vir)           35.178          -0.460          -3.981         -11.174           41.912
  223 (vir)           35.553          -0.307          -3.875         -10.994           42.365
  224 (vir)           41.432          -0.541          -4.394         -11.933           48.431
  225 (vir)           41.432          -0.541          -4.394         -11.933           48.431
  226 (vir)           43.935          -0.595          -4.628         -12.354           51.067
  227 (vir)           43.935          -0.595          -4.627         -12.354           51.067
  228 (vir)           46.665          -0.531          -4.636         -12.477           53.975
  229 (vir)          147.763          -0.914         -10.286         -26.124          162.686
  230 (vir)          151.575          -0.995         -10.365         -26.330          166.546
  231 (vir)          151.575          -0.995         -10.365         -26.330          166.546
  232 (vir)          154.789          -1.609         -11.872         -28.689          169.997
  233 (vir)          154.789          -1.609         -11.872         -28.689          169.997
  234 (vir)          155.072          -1.935         -13.208         -30.726          170.655
  235 (vir)          155.167          -1.894         -13.564         -31.263          170.972
  236 (vir)          155.167          -1.894         -13.564         -31.263          170.972
  237 (vir)          155.224          -1.930         -13.592         -31.311          171.013
  238 (vir)          155.224          -1.930         -13.592         -31.311          171.013
  239 (vir)          155.279          -1.959         -13.586         -31.306          171.040
  240 (vir)          155.321          -1.947         -13.494         -31.171          171.051
  241 (vir)          155.343          -1.958         -13.559         -31.276          171.103
  242 (vir)          155.343          -1.958         -13.559         -31.276          171.102
  243 (vir)          155.352          -1.973         -13.553         -31.266          171.094
  244 (vir)          155.353          -1.973         -13.553         -31.266          171.094
  245 (vir)          155.434          -1.941         -13.560         -31.285          171.217
  246 (vir)          155.434          -1.941         -13.560         -31.285          171.217
  247 (vir)          155.449          -1.981         -13.471         -31.148          171.145
  248 (vir)          155.709          -2.023         -13.531         -31.261          171.415
  249 (vir)          155.709          -2.023         -13.531         -31.261          171.415
  250 (vir)          155.742          -1.966         -13.274         -30.881          171.383
  251 (vir)          155.742          -1.966         -13.274         -30.881          171.383
  252 (vir)          155.761          -2.049         -13.408         -31.080          171.383
  253 (vir)          155.827          -2.051         -13.510         -31.258          171.525
  254 (vir)          155.837          -2.037         -13.480         -31.207          171.527
  255 (vir)          155.837          -2.037         -13.480         -31.207          171.527
  256 (vir)          155.964          -2.003         -13.499         -31.238          171.700
  257 (vir)          155.964          -2.003         -13.499         -31.238          171.700
  258 (vir)          155.976          -2.002         -13.468         -31.197          171.704
  259 (vir)          155.976          -2.002         -13.468         -31.197          171.704
  260 (vir)          156.631          -2.125         -13.238         -30.907          172.174
  261 (vir)          156.631          -2.125         -13.238         -30.907          172.174
  262 (vir)          157.225          -1.761         -11.885         -28.872          172.451
  263 (vir)          157.225          -1.761         -11.885         -28.872          172.451
  264 (vir)          160.749          -1.172         -10.347         -26.631          175.862
  265 (vir)          563.103          -1.127         -17.720         -48.361          592.617
  266 (vir)          566.886          -1.118         -17.664         -48.325          596.429
  267 (vir)          566.886          -1.118         -17.664         -48.324          596.429
  268 (vir)          570.555          -1.113         -17.602         -48.284          600.124
  269 (vir)          570.555          -1.113         -17.602         -48.284          600.124
  270 (vir)          574.250          -1.128         -17.537         -48.246          603.832
  271 (vir)         3413.008          -1.323         -36.852        -122.188         3497.020
  272 (vir)         3419.679          -1.321         -36.828        -122.214         3503.744
  273 (vir)         3419.679          -1.321         -36.828        -122.214         3503.744
  274 (vir)         3425.883          -1.320         -36.803        -122.238         3509.997
  275 (vir)         3425.883          -1.320         -36.803        -122.238         3509.997
  276 (vir)         3432.208          -1.327         -36.773        -122.260         3516.368
