 
  kpoint:     0.0000    0.0000    0.0000
 
    n          ϵ_nk^DFT (eV)     Σ^c_nk (eV)     Σ^x_nk (eV)     v_n^xc (eV)   ϵ_nk^G0W0 (eV)
 
    1 (occ)         -268.843           2.969         -96.854         -61.535         -301.194
    2 (occ)         -268.533           2.958         -96.870         -61.542         -300.902
    3 (occ)         -268.532           3.030         -96.870         -61.542         -300.830
    4 (occ)          -19.266           5.544         -25.256         -16.129          -22.849
    5 (occ)          -16.704           4.399         -24.274         -15.992          -20.587
    6 (occ)          -14.260           3.272         -22.899         -15.558          -18.329
    7 (occ)          -11.111           1.599         -19.661         -13.942          -15.231
    8 (occ)          -10.561           1.430         -19.735         -14.290          -14.576
    9 (occ)           -9.648           1.194         -19.810         -14.709          -13.555
   10 (occ)           -9.152           1.048         -19.508         -14.366          -13.247
   11 (occ)           -8.058           0.786         -19.330         -14.701          -11.902
   12 (occ)           -7.987           0.759         -19.733         -15.218          -11.744
   13 (occ)           -7.752           0.705         -19.053         -14.289          -11.812
   14 (vir)            0.162          -1.124          -2.046          -5.185            2.176
   15 (vir)            0.939          -0.987          -1.732          -4.628            2.849
   16 (vir)            1.044          -0.988          -1.627          -4.517            2.947
   17 (vir)            1.254          -1.083          -1.844          -4.924            3.251
   18 (vir)            1.776          -1.117          -1.926          -5.117            3.850
   19 (vir)            2.229          -1.051          -1.738          -4.781            4.221
   20 (vir)            2.473          -1.084          -1.794          -4.918            4.513
   21 (vir)            2.629          -1.182          -1.872          -5.167            4.742
   22 (vir)            2.961          -1.227          -2.086          -5.518            5.166
   23 (vir)            3.570          -1.049          -1.459          -4.572            5.634
   24 (vir)            3.698          -1.044          -1.487          -4.583            5.750
   25 (vir)            3.803          -1.094          -1.533          -4.732            5.908
   26 (vir)            4.443          -1.481          -2.517          -6.320            6.766
   27 (vir)            4.616          -1.058          -1.498          -4.694            6.754
   28 (vir)            5.160          -1.660          -2.948          -6.980            7.533
   29 (vir)            5.437          -1.499          -2.298          -6.053            7.693
   30 (vir)            6.039          -1.453          -2.057          -5.828            8.358
   31 (vir)            7.246          -1.915          -3.175          -7.412            9.568
   32 (vir)            7.312          -1.693          -2.585          -6.520            9.554
   33 (vir)            7.913          -2.159          -3.595          -8.174           10.333
   34 (vir)            8.132          -2.654          -4.500          -9.672           10.650
   35 (vir)            8.452          -2.019          -3.028          -7.434           10.839
   36 (vir)            8.487          -2.024          -2.828          -7.217           10.853
   37 (vir)            8.538          -1.769          -2.829          -7.112           11.052
   38 (vir)            8.569          -2.206          -3.085          -7.807           11.085
   39 (vir)            8.770          -2.014          -2.988          -7.365           11.133
   40 (vir)            9.210          -2.642          -3.899          -9.223           11.891
   41 (vir)           10.743          -1.988          -2.169          -6.794           13.381
   42 (vir)           12.039          -2.974          -2.538          -7.728           14.255
   43 (vir)           12.685          -2.691          -1.997          -7.048           15.045
   44 (vir)           13.034          -1.803          -1.476          -5.869           15.623
   45 (vir)           13.398          -0.634          -1.756          -6.389           17.398
   46 (vir)           13.607          -2.568          -2.132          -7.271           16.178
   47 (vir)           14.973          -2.719          -2.717          -8.143           17.680
   48 (vir)           14.982          -2.504          -2.664          -7.842           17.657
   49 (vir)           15.322          -2.672          -2.197          -7.346           17.799
   50 (vir)           16.291          -2.385          -2.493          -7.619           19.032
   51 (vir)           16.332          -2.233          -2.490          -7.883           19.492
   52 (vir)           16.364          -2.442          -2.107          -7.262           19.076
   53 (vir)           17.784          -5.815          -1.755          -7.116           17.330
   54 (vir)           17.799          -2.364          -2.084          -7.048           20.398
   55 (vir)           18.523          -2.654          -1.373          -6.551           21.048
   56 (vir)           18.610          -1.992          -1.919          -7.326           22.025
   57 (vir)           19.382          -3.629          -2.678          -8.885           21.960
   58 (vir)           19.718          -1.701          -1.322          -6.677           23.372
   59 (vir)           20.308          -2.878          -1.581          -6.962           22.811
   60 (vir)           20.959          -2.922          -2.324          -8.453           24.165
   61 (vir)           21.155          -2.994          -1.761          -7.359           23.759
   62 (vir)           21.450          -3.321          -1.976          -7.633           23.785
   63 (vir)           22.111          -3.530          -2.231          -8.060           24.410
   64 (vir)           22.235          -2.421          -1.947          -7.429           25.297
   65 (vir)           22.286          -3.029          -2.478          -8.719           25.497
   66 (vir)           22.476          -3.318          -1.920          -7.369           24.606
   67 (vir)           22.770          -3.341          -2.193          -8.092           25.328
   68 (vir)           23.577          -2.750          -1.091          -6.325           26.061
   69 (vir)           23.809          -3.955          -2.360          -8.603           26.097
   70 (vir)           24.152          -2.562          -1.101          -6.495           26.984
   71 (vir)           24.537          -3.209          -2.258          -7.783           26.853
   72 (vir)           24.962          -2.826          -1.257          -6.389           27.268
   73 (vir)           25.632          -3.499          -1.386          -7.072           27.821
   74 (vir)           25.889          -3.631          -1.797          -7.440           27.902
   75 (vir)           25.999          -2.803          -2.089          -8.281           29.389
   76 (vir)           26.940          -2.742          -1.192          -6.488           29.493
   77 (vir)           26.950          -3.102          -0.784          -5.885           28.948
   78 (vir)           27.403          -2.835          -1.282          -6.659           29.945
   79 (vir)           28.663          -2.443          -0.909          -6.262           31.573
   80 (vir)           28.987          -1.755          -2.646          -9.498           34.084
   81 (vir)           30.458          -2.334          -1.784          -7.920           34.260
   82 (vir)           31.438          -3.301          -0.923          -6.473           33.688
   83 (vir)           31.599          -2.880          -1.908          -8.351           35.162
   84 (vir)           31.698          -2.661          -1.563          -7.392           34.867
   85 (vir)           32.952          -3.804          -1.115          -6.658           34.691
   86 (vir)           33.110          -4.450          -1.340          -7.438           34.758
   87 (vir)           33.541          -2.852          -1.517          -7.769           36.941
   88 (vir)           33.897          -2.525          -1.108          -6.858           37.122
   89 (vir)           35.457          -0.150          -1.153          -6.793           40.947
   90 (vir)           35.542          -3.647          -0.894          -6.249           37.250
   91 (vir)           36.815          -2.950          -1.183          -7.282           39.964
   92 (vir)           37.878          -3.131          -1.443          -7.674           40.978
   93 (vir)           38.207          -1.698          -1.451          -7.687           42.746
   94 (vir)           38.382           1.639          -1.550          -7.850           46.320
   95 (vir)           38.701          -2.029          -1.516          -7.733           42.889
   96 (vir)           38.727          -2.511          -1.602          -8.202           42.816
   97 (vir)           40.973          -5.862          -2.235          -9.906           42.782
   98 (vir)           41.024          -5.067          -1.721          -8.736           42.972
   99 (vir)           41.174          -1.680          -1.205          -7.061           45.350
  100 (vir)           45.889           3.225          -3.183         -12.105           58.035
  101 (vir)           46.412          -6.495          -2.220         -10.512           48.209
  102 (vir)           46.493          -6.996          -2.961         -11.701           48.237
  103 (vir)           47.687           0.549          -2.020         -10.170           56.386
  104 (vir)           47.784          -0.581          -2.064         -10.129           55.269
  105 (vir)           49.260         -10.710          -2.665         -11.274           47.159
  106 (vir)           50.169          -0.833          -2.410         -11.041           57.967
  107 (vir)           50.445          -4.054          -2.414         -10.899           54.876
  108 (vir)           50.793           0.897          -2.027         -10.366           60.030
  109 (vir)           50.934          -6.212          -2.346         -10.703           53.078
  110 (vir)           51.089          -3.230          -2.443         -10.815           56.231
  111 (vir)           51.727          -3.870          -2.105         -10.387           56.140
  112 (vir)           52.670           0.124          -2.311         -10.718           61.201
  113 (vir)           52.911          -3.684          -2.185         -10.573           57.614
  114 (vir)           53.530          -7.150          -2.889         -12.233           55.725
  115 (vir)           53.547          -5.350          -2.100         -10.428           56.525
  116 (vir)           53.855          -3.059          -1.854         -10.016           58.958
  117 (vir)           53.917          -7.071          -2.599         -11.890           56.138
  118 (vir)           54.111          -4.009          -1.811         -10.161           58.452
  119 (vir)           54.200          -7.221          -2.624         -11.667           56.022
  120 (vir)           54.333          -7.222          -2.149         -10.753           55.715
  121 (vir)           55.930          -2.286          -2.157         -11.012           62.499
  122 (vir)           56.141          -3.496          -2.264         -10.858           61.239
  123 (vir)           56.685          -3.540          -1.864         -10.287           61.568
  124 (vir)           57.158          -4.037          -1.988         -10.624           61.758
  125 (vir)           57.431          -4.068          -2.358         -11.269           62.274
  126 (vir)           57.457          -5.277          -2.266         -10.798           60.712
  127 (vir)           57.462           1.732          -1.576          -9.865           67.483
  128 (vir)           58.163          -5.531          -1.823         -10.276           61.085
  129 (vir)           58.812          -3.168          -1.206          -9.161           63.598
  130 (vir)           59.506           4.520          -1.211          -9.095           71.908
  131 (vir)           60.134          -4.313          -2.574         -11.464           64.712
  132 (vir)           61.524          -7.972          -1.802         -10.395           62.145
  133 (vir)           62.181          -0.183          -1.397          -9.609           70.211
  134 (vir)           62.247           3.234          -1.478          -9.892           73.895
  135 (vir)           62.507          -4.091          -1.266          -9.306           66.456
  136 (vir)           63.885           3.431          -1.684         -10.126           75.759
  137 (vir)           64.542          -3.539          -1.900         -10.631           69.734
  138 (vir)           65.379          -4.051          -1.264          -9.330           69.394
  139 (vir)           65.395          -4.140          -1.916         -10.549           69.887
  140 (vir)           65.803          -7.279          -1.078          -9.068           66.513
  141 (vir)           67.197          -7.953          -1.416          -9.828           67.656
  142 (vir)           67.249          -2.749          -1.665         -10.333           73.168
  143 (vir)           67.314          -1.452          -1.412          -9.923           74.372
  144 (vir)           68.208           4.996          -1.458          -9.826           81.572
  145 (vir)           69.903          -2.851          -1.187          -9.302           75.168
  146 (vir)           70.163          -2.992          -1.952         -11.170           76.389
  147 (vir)           70.947          -3.081          -1.552         -10.107           76.422
  148 (vir)           71.257           0.497          -1.848         -10.478           80.384
  149 (vir)           71.357          -7.213          -1.274          -9.565           72.435
  150 (vir)           72.036           1.143          -1.648         -10.597           82.128
  151 (vir)           72.515           0.914          -1.403         -10.033           82.059
  152 (vir)           73.268           3.023          -1.668         -10.522           85.144
  153 (vir)           73.826           1.037          -1.601         -10.355           83.617
  154 (vir)           74.026          -2.179          -1.613         -10.414           80.649
  155 (vir)           74.841          -3.119          -1.214          -9.739           80.247
  156 (vir)           75.663          -1.646          -1.244          -9.529           82.302
  157 (vir)           76.019          -2.151          -1.056          -9.264           82.076
  158 (vir)           76.129          -3.877          -1.281          -9.935           80.905
  159 (vir)           76.298           0.757          -0.898          -8.997           85.154
  160 (vir)           76.560           0.151          -1.969         -11.345           86.087
  161 (vir)           76.851           1.962          -1.178          -9.651           87.287
  162 (vir)           77.846           1.085          -1.782         -11.008           88.157
  163 (vir)           78.250          -3.275          -1.236          -9.744           83.483
  164 (vir)           78.757          -5.645          -1.373         -10.202           81.941
  165 (vir)           79.104          -0.245          -1.289          -9.931           87.501
  166 (vir)           79.705           2.715          -1.431         -10.337           91.326
  167 (vir)           80.810          -4.070          -1.609         -10.866           85.997
  168 (vir)           81.479           3.238          -1.246          -9.964           93.434
  169 (vir)           81.921           1.259          -0.975          -9.328           91.533
  170 (vir)           82.387          -3.826          -1.216          -9.818           87.162
  171 (vir)           83.101           3.454          -1.113          -9.767           95.209
  172 (vir)           84.148          -5.234          -1.410         -10.458           87.962
  173 (vir)           84.909          -5.661          -1.616         -10.866           88.497
  174 (vir)           85.639           2.435          -1.086          -9.493           96.480
  175 (vir)           86.656          -7.801          -1.745         -11.335           88.444
  176 (vir)           87.481          -4.178          -1.623         -10.972           92.651
  177 (vir)           87.710           1.541          -1.638         -11.151           98.764
  178 (vir)           88.128           2.569          -1.232         -10.033           99.497
  179 (vir)           88.318          -4.617          -1.865         -11.730           93.566
  180 (vir)           88.692          -2.461          -1.235         -10.106           95.103
  181 (vir)           89.198          -3.193          -1.577         -10.796           95.224
  182 (vir)           90.628         -10.190          -2.084         -12.291           90.644
  183 (vir)           91.736          -4.602          -2.071         -11.913           96.976
  184 (vir)           92.614           3.192          -1.962         -12.287          106.131
  185 (vir)           92.675           2.241          -1.914         -11.971          104.973
  186 (vir)           94.408           3.827          -2.279         -12.803          108.760
  187 (vir)           94.805          -2.674          -2.654         -13.310          102.786
  188 (vir)           94.910           3.056          -1.269         -10.739          107.437
  189 (vir)           96.060           0.880          -2.176         -12.063          106.828
  190 (vir)           98.163           2.394          -2.083         -12.200          110.674
  191 (vir)           99.529          -5.846          -2.278         -13.100          104.505
  192 (vir)          100.103           2.299          -2.284         -13.114          113.232
  193 (vir)          100.290          -3.185          -2.245         -13.223          108.082
  194 (vir)          100.413          -3.000          -1.576         -11.351          107.187
  195 (vir)          103.531          -6.091          -2.128         -13.157          108.470
  196 (vir)          103.943         -13.335          -1.516         -11.590          100.682
  197 (vir)          104.142          -5.622          -1.534         -11.682          108.669
  198 (vir)          104.404           2.203          -1.377         -11.390          116.621
  199 (vir)          105.201           2.234          -1.711         -12.003          117.727
  200 (vir)          105.450           2.230          -1.601         -11.832          117.911
  201 (vir)          105.834          -0.987          -1.709         -12.278          115.415
  202 (vir)          106.059          -3.330          -1.800         -12.739          113.668
  203 (vir)          107.451           1.076          -1.430         -11.746          118.843
  204 (vir)          107.574          -5.122          -1.934         -12.822          113.341
  205 (vir)          110.613          -2.441          -2.103         -13.847          119.916
  206 (vir)          112.326           1.799          -1.771         -13.015          125.369
  207 (vir)          114.768          -0.720          -1.778         -13.102          125.372
  208 (vir)          114.914          -6.596          -2.358         -14.304          120.264
  209 (vir)          115.839           0.590          -1.692         -12.819          127.556
  210 (vir)          124.533           2.024          -3.217         -16.578          139.919
  211 (vir)          124.597           2.604          -3.369         -17.172          141.005
  212 (vir)          133.320           1.851          -1.983         -14.674          147.862
  213 (vir)          136.899           0.354          -1.643         -13.981          149.591
  214 (vir)          136.963           0.685          -1.685         -14.090          150.055
  215 (vir)          138.762          -1.114          -1.913         -14.676          150.410
  216 (vir)          142.195           0.480          -1.993         -14.908          155.589
  217 (vir)          142.783           2.095          -2.201         -15.464          158.141
  218 (vir)          144.878          -0.685          -1.675         -14.106          156.624
  219 (vir)          145.677           0.178          -1.515         -13.744          158.083
  220 (vir)          146.136          -1.149          -1.629         -14.023          157.381
  221 (vir)          147.054          -0.352          -1.669         -14.111          159.145
  222 (vir)          147.835           0.872          -1.457         -13.503          160.753
  223 (vir)          148.326           4.161          -1.642         -14.152          164.997
  224 (vir)          148.339          -1.217          -1.603         -13.976          159.495
  225 (vir)          151.518          -1.004          -1.729         -14.660          163.444
  226 (vir)          151.608           4.716          -1.441         -13.464          168.347
  227 (vir)          153.095           1.037          -1.368         -13.346          166.110
  228 (vir)          154.812           0.830          -1.770         -14.661          168.533
  229 (vir)          155.065           0.113          -1.940         -15.262          168.500
  230 (vir)          155.119          -8.487          -1.555         -14.162          159.239
  231 (vir)          155.861           0.858          -1.395         -13.388          168.711
  232 (vir)          156.213           3.936          -1.415         -13.488          172.223
  233 (vir)          156.570           0.876          -1.575         -14.112          169.984
  234 (vir)          156.891          -4.329          -1.351         -13.457          164.668
  235 (vir)          158.417           0.224          -1.399         -13.538          170.780
  236 (vir)          158.560           0.978          -1.312         -13.128          171.355
  237 (vir)          158.580           2.182          -1.602         -13.973          173.133
  238 (vir)          159.534          -4.806          -1.715         -14.568          167.581
  239 (vir)          160.224           0.970          -0.861         -11.720          172.052
  240 (vir)          160.733           0.890          -1.552         -14.006          174.077
  241 (vir)          160.753           0.885          -0.905         -11.829          172.562
  242 (vir)          161.144           2.770          -1.565         -14.068          176.417
  243 (vir)          161.967           0.749          -1.432         -13.462          174.746
  244 (vir)          162.427           0.490          -1.487         -14.071          175.502
  245 (vir)          162.639          -1.591          -1.552         -14.143          173.639
  246 (vir)          163.072          -6.372          -0.948         -12.126          167.879
  247 (vir)          164.142           0.435          -1.705         -14.622          177.495
  248 (vir)          164.694           1.382          -1.452         -14.057          178.682
  249 (vir)          164.959          -0.059          -1.458         -13.873          177.314
  250 (vir)          165.682           0.950          -1.113         -12.798          178.317
  251 (vir)          166.753           0.585          -1.232         -12.974          179.080
  252 (vir)          166.851           2.794          -1.355         -13.707          181.997
  253 (vir)          166.950           1.404          -1.354         -13.487          180.487
  254 (vir)          167.312           2.889          -1.309         -13.608          182.500
  255 (vir)          168.949           2.970          -1.323         -13.592          184.188
  256 (vir)          168.970          -7.221          -1.282         -13.413          173.881
  257 (vir)          169.008           1.005          -1.192         -13.108          181.929
  258 (vir)          169.497           4.113          -1.390         -13.521          185.741
  259 (vir)          170.344           0.985          -1.249         -13.185          183.266
  260 (vir)          170.426           3.287          -1.527         -14.090          186.276
  261 (vir)          171.475           2.396          -1.331         -13.707          186.248
  262 (vir)          172.632          -1.281          -1.434         -14.160          184.077
  263 (vir)          172.750           1.263          -1.559         -13.561          186.016
  264 (vir)          174.104           2.979          -1.290         -13.374          189.167
  265 (vir)          174.435           0.338          -1.479         -14.395          187.691
  266 (vir)          174.584           0.931          -1.485         -14.086          188.116
  267 (vir)          174.978           0.627          -1.260         -13.392          187.738
  268 (vir)          175.248           1.087          -1.443         -14.242          189.134
  269 (vir)          176.056           1.473          -1.310         -13.688          189.907
  270 (vir)          177.540           0.865          -1.799         -15.189          191.795
  271 (vir)          178.319          -0.577          -1.771         -15.322          191.292
  272 (vir)          178.752          -7.883          -1.326         -13.495          183.037
  273 (vir)          179.832           0.648          -1.407         -14.289          193.361
  274 (vir)          180.719           0.855          -1.728         -15.170          195.015
  275 (vir)          180.798           2.909          -1.327         -14.064          196.444
  276 (vir)          182.058           0.586          -1.359         -13.956          195.242
  277 (vir)          182.714          -0.439          -1.736         -15.257          195.796
  278 (vir)          183.049           0.378          -2.165         -15.816          197.078
  279 (vir)          184.189           0.841          -2.045         -15.706          198.691
  280 (vir)          185.722          -0.603          -1.425         -14.403          198.096
  281 (vir)          185.967           0.810          -1.155         -13.545          199.167
  282 (vir)          186.740           0.882          -1.417         -14.451          200.655
  283 (vir)          187.598           0.779          -1.338         -13.812          200.851
  284 (vir)          187.720          -0.331          -2.629         -16.381          201.142
  285 (vir)          188.246          -2.472          -2.806         -16.628          199.595
  286 (vir)          189.574           0.924          -1.036         -13.177          202.639
  287 (vir)          190.691          -1.887          -2.179         -15.478          202.103
  288 (vir)          190.745          -0.274          -2.195         -15.584          203.860
  289 (vir)          192.472           0.576          -1.682         -14.877          206.244
  290 (vir)          195.103          -2.576          -1.351         -14.299          205.475
  291 (vir)          195.663          -2.103          -1.602         -14.716          206.674
  292 (vir)          195.915           0.375          -1.866         -15.084          209.507
  293 (vir)          198.278           1.720          -1.076         -13.625          212.547
  294 (vir)          199.305          -1.525          -2.054         -14.888          210.613
  295 (vir)          199.479          -0.326          -1.104         -13.698          211.746
  296 (vir)          199.818          -0.524          -1.240         -14.027          212.082
  297 (vir)          200.626           0.772          -1.150         -13.786          214.034
  298 (vir)          201.540           0.403          -1.108         -13.633          214.469
  299 (vir)          201.951           0.237          -1.213         -14.051          215.026
  300 (vir)          202.406          -0.093          -1.068         -13.705          214.949
  301 (vir)          202.679          -1.671          -1.241         -14.161          213.929
  302 (vir)          202.798           2.272          -1.573         -14.495          217.992
  303 (vir)          203.229          -2.141          -0.967         -13.143          213.264
  304 (vir)          204.301           0.991          -1.303         -14.184          218.173
  305 (vir)          204.604           0.533          -1.286         -14.276          218.127
  306 (vir)          204.829           0.389          -1.194         -13.989          218.013
  307 (vir)          205.473           0.599          -1.061         -13.045          218.057
  308 (vir)          206.566           0.780          -0.862         -12.700          219.185
  309 (vir)          206.973          -1.714          -0.971         -13.110          217.399
  310 (vir)          207.160          -2.549          -1.245         -13.963          217.328
  311 (vir)          207.783         -11.828          -0.975         -13.120          208.099
  312 (vir)          207.972          -0.540          -1.158         -13.742          220.015
  313 (vir)          209.006          -0.162          -1.065         -13.475          221.253
  314 (vir)          209.276          -1.633          -0.929         -13.090          219.804
  315 (vir)          209.473          -4.718          -1.046         -13.073          216.782
  316 (vir)          211.072           0.380          -1.345         -14.181          224.288
  317 (vir)          211.084          -0.705          -0.902         -12.995          222.471
  318 (vir)          211.103          -1.521          -1.161         -14.049          222.470
  319 (vir)          212.380          -0.721          -0.928         -13.049          223.780
  320 (vir)          212.597          -1.473          -0.837         -12.644          222.932
  321 (vir)          213.271          -0.702          -0.868         -12.545          224.246
  322 (vir)          213.821          -0.639          -1.016         -13.316          225.481
  323 (vir)          214.504          -1.078          -1.188         -13.845          226.082
  324 (vir)          215.238          -3.957          -0.945         -13.240          223.576
  325 (vir)          215.340           3.186          -1.042         -13.128          230.611
  326 (vir)          217.211          -0.065          -2.209         -15.692          230.629
  327 (vir)          217.398          -1.969          -2.284         -16.034          229.179
  328 (vir)          217.869           0.609          -0.956         -13.202          230.724
  329 (vir)          219.041           0.063          -0.722         -12.221          230.603
  330 (vir)          220.350           3.871          -1.610         -14.857          237.468
  331 (vir)          221.164          -8.307          -1.151         -13.608          225.314
  332 (vir)          224.524           1.337          -1.844         -16.071          240.089
  333 (vir)          224.545           1.577          -1.038         -13.846          238.931
  334 (vir)          224.843          -3.855          -1.541         -15.328          234.775
  335 (vir)          225.112          -0.220          -1.405         -14.945          238.431
  336 (vir)          225.678           1.351          -1.323         -14.506          240.213
  337 (vir)          225.940           1.147          -0.910         -13.181          239.358
  338 (vir)          226.278           0.484          -1.031         -13.795          239.526
  339 (vir)          226.845          -1.420          -0.917         -13.400          237.908
  340 (vir)          226.861          -2.329          -0.809         -12.913          236.636
  341 (vir)          227.010          -0.402          -1.033         -13.671          239.245
  342 (vir)          227.034          -0.658          -1.152         -14.135          239.358
  343 (vir)          227.692          -0.349          -1.360         -13.939          239.922
  344 (vir)          228.136          -1.837          -0.976         -13.648          238.971
  345 (vir)          229.483          -0.618          -1.507         -14.294          241.651
  346 (vir)          229.503          -1.892          -1.177         -14.646          241.080
  347 (vir)          229.705          -0.481          -1.061         -13.927          242.090
  348 (vir)          229.895          -2.155          -1.371         -14.270          240.638
  349 (vir)          230.876           0.016          -1.259         -14.552          244.186
  350 (vir)          232.041          -2.317          -1.229         -14.168          242.663
  351 (vir)          232.169          -3.931          -1.486         -14.243          240.995
  352 (vir)          232.222           1.201          -1.039         -13.964          246.347
  353 (vir)          234.232          -4.915          -1.194         -14.258          242.380
  354 (vir)          234.975           1.274          -1.124         -13.818          248.943
  355 (vir)          235.347           0.248          -1.145         -14.640          249.091
  356 (vir)          236.297           0.294          -1.227         -14.315          249.680
  357 (vir)          237.926           0.930          -0.928         -13.412          251.340
  358 (vir)          238.241          -0.348          -1.317         -14.851          251.428
  359 (vir)          239.516           0.829          -0.912         -13.514          252.946
  360 (vir)          241.334           0.443          -1.132         -14.430          255.075
  361 (vir)          241.638           1.434          -1.155         -14.473          256.390
  362 (vir)          242.646          -2.263          -1.427         -15.080          254.035
  363 (vir)          242.796          -1.074          -0.848         -13.240          254.114
  364 (vir)          242.886          -4.560          -0.893         -13.584          251.016
  365 (vir)          243.319          -0.045          -0.921         -13.639          255.991
  366 (vir)          243.989           0.585          -1.074         -14.287          257.788
  367 (vir)          244.928          -0.016          -1.102         -14.029          257.839
  368 (vir)          246.194          -4.785          -1.359         -14.622          254.672
  369 (vir)          246.805           0.621          -0.929         -13.806          260.303
  370 (vir)          249.200          -3.969          -0.973         -14.122          258.380
  371 (vir)          250.619           2.718          -2.001         -16.301          267.638
  372 (vir)          252.874           0.327          -2.795         -18.298          268.703
  373 (vir)          255.664          -6.351          -2.636         -17.354          264.032
  374 (vir)          257.263           0.636          -1.781         -16.732          272.849
  375 (vir)          261.027           1.044          -1.664         -16.386          276.792
  376 (vir)          261.683           1.289          -1.687         -16.416          277.701
  377 (vir)          261.872           0.706          -1.753         -16.590          277.415
  378 (vir)          262.327           1.693          -1.766         -16.735          278.990
  379 (vir)          264.659          -1.876          -1.253         -15.186          276.716
  380 (vir)          264.710         -11.530          -1.340         -15.195          267.035
  381 (vir)          267.296          -0.124          -0.926         -14.273          280.520
  382 (vir)          267.388           4.399          -0.909         -14.216          285.093
  383 (vir)          267.820          -1.336          -0.967         -14.447          279.963
  384 (vir)          268.008           0.228          -1.055         -14.913          282.094
  385 (vir)          268.569           0.055          -0.929         -14.333          282.028
  386 (vir)          269.351           0.101          -1.235         -15.733          283.951
  387 (vir)          272.753           1.362          -1.228         -15.760          288.647
  388 (vir)          272.997          -0.439          -1.503         -16.150          287.205
  389 (vir)          274.433           1.259          -1.018         -14.962          289.636
  390 (vir)          277.709          -2.176          -1.280         -15.674          289.927
  391 (vir)          278.799           0.368          -1.098         -15.381          293.450
  392 (vir)          280.522          -0.407          -1.138         -15.372          294.349
  393 (vir)          281.072          -1.793          -1.107         -15.146          293.319
  394 (vir)          281.277          -0.343          -1.140         -15.399          295.193
  395 (vir)          281.800          -3.064          -1.094         -15.175          292.818
  396 (vir)          287.369           1.074          -1.065         -15.309          302.687
  397 (vir)          287.658           0.345          -1.040         -15.287          302.250
  398 (vir)          320.350          -0.774          -1.345         -16.191          334.423
  399 (vir)          320.577          -0.860          -1.339         -16.194          334.573
  400 (vir)          324.486          -0.749          -1.380         -16.381          338.738
  401 (vir)          326.100          -0.824          -1.373         -16.333          340.236
  402 (vir)          327.913           0.236          -1.447         -16.590          343.292
  403 (vir)          351.078          -0.571          -2.644         -19.147          367.011
  404 (vir)          358.060          -1.168          -2.779         -19.473          373.587
  405 (vir)          358.591          -0.777          -2.875         -19.678          374.617
  406 (vir)          784.514          -2.066         -12.534         -45.731          815.645
  407 (vir)          785.069          -2.755         -12.494         -45.628          815.448
  408 (vir)          788.428          -0.928         -12.453         -45.619          820.666
  409 (vir)         4016.068          -2.487         -14.653         -94.435         4093.362
  410 (vir)         4017.295          -6.821         -14.652         -94.436         4090.258
  411 (vir)         4019.856          -1.626         -14.643         -94.431         4098.017
