 
  kpoint:     0.0000    0.0000    0.0000
 
    n          ϵ_nk^DFT (eV)     Σ^c_nk (eV)     Σ^x_nk (eV)     v_n^xc (eV)   ϵ_nk^G0W0 (eV)
 
    1 (occ)        -2076.688           4.241        -262.502        -163.834        -2171.115
    2 (occ)        -2076.688           4.241        -262.502        -163.834        -2171.115
    3 (occ)         -172.129           6.720         -83.084         -51.561         -196.932
    4 (occ)         -172.118           6.709         -83.087         -51.573         -196.922
    5 (occ)         -123.602           8.259         -74.946         -52.124         -138.164
    6 (occ)         -123.602           8.259         -74.946         -52.124         -138.164
    7 (occ)         -123.596           6.956         -74.952         -52.132         -139.460
    8 (occ)         -123.596           6.956         -74.952         -52.132         -139.460
    9 (occ)         -123.485           8.409         -75.141         -52.155         -138.063
   10 (occ)         -123.426           7.197         -75.209         -52.228         -139.209
   11 (occ)          -16.897           5.946         -22.642         -15.352          -18.240
   12 (occ)          -11.516           2.365         -18.593         -13.941          -13.803
   13 (occ)           -7.182           0.238         -16.862         -13.461          -10.345
   14 (occ)           -7.113          -0.428         -14.591         -11.933          -10.199
   15 (occ)           -7.113          -0.428         -14.591         -11.933          -10.199
   16 (vir)           -3.403          -1.705          -6.961         -11.340           -0.730
   17 (vir)           -3.403          -1.705          -6.961         -11.340           -0.730
   18 (vir)            0.393          -1.517          -3.397          -6.990            2.469
   19 (vir)            1.872          -1.668          -2.964          -6.954            4.195
   20 (vir)            2.710          -1.409          -2.276          -5.772            4.797
   21 (vir)            2.710          -1.409          -2.276          -5.772            4.797
   22 (vir)            3.209          -1.365          -1.974          -5.092            4.962
   23 (vir)            3.261          -2.112          -2.960          -7.689            5.878
   24 (vir)            3.261          -2.112          -2.960          -7.689            5.878
   25 (vir)            3.357          -2.151          -3.714          -7.964            5.455
   26 (vir)            4.715          -1.494          -1.652          -4.956            6.526
   27 (vir)            4.715          -1.494          -1.652          -4.956            6.526
   28 (vir)            4.824          -2.152          -3.114          -8.330            7.888
   29 (vir)            4.824          -2.152          -3.114          -8.330            7.888
   30 (vir)            6.795          -3.840          -2.073          -7.525            8.406
   31 (vir)            6.795          -3.840          -2.073          -7.525            8.406
   32 (vir)            8.065          -1.713          -1.839          -5.383            9.897
   33 (vir)            9.830          -3.292          -2.503          -7.793           11.827
   34 (vir)           11.489          -3.587          -1.886          -7.288           13.304
   35 (vir)           11.489          -3.587          -1.886          -7.288           13.304
   36 (vir)           14.226          -3.139          -3.041          -8.134           16.180
   37 (vir)           16.930          -3.168          -2.698          -9.229           20.294
   38 (vir)           16.930          -3.168          -2.698          -9.229           20.294
   39 (vir)           17.563          -3.398          -2.479          -8.734           20.420
   40 (vir)           18.106          -6.635          -2.545          -9.387           18.313
   41 (vir)           18.106          -6.635          -2.545          -9.387           18.314
   42 (vir)           19.893          -2.986          -1.399          -7.720           23.229
   43 (vir)           19.893          -2.986          -1.399          -7.720           23.229
   44 (vir)           20.548          -2.303          -2.565          -9.978           25.658
   45 (vir)           20.548          -2.303          -2.565          -9.978           25.658
   46 (vir)           21.078          -1.826          -1.864          -9.030           26.418
   47 (vir)           21.078          -1.826          -1.864          -9.030           26.418
   48 (vir)           22.820          -3.487          -2.996          -9.963           26.300
   49 (vir)           22.849          -3.839          -3.575         -10.521           25.957
   50 (vir)           22.849          -3.839          -3.575         -10.521           25.957
   51 (vir)           23.127          -2.658          -2.724         -10.175           27.920
   52 (vir)           23.127          -2.658          -2.724         -10.175           27.920
   53 (vir)           24.274           0.901          -1.112          -7.630           31.693
   54 (vir)           24.274           0.901          -1.112          -7.630           31.693
   55 (vir)           24.686          -4.011          -3.486         -10.683           27.873
   56 (vir)           24.686          -4.011          -3.486         -10.683           27.873
   57 (vir)           25.836          -1.276          -3.027         -10.963           32.496
   58 (vir)           28.939          -2.764          -3.191          -9.245           32.229
   59 (vir)           29.322          -2.719          -4.257         -11.277           33.623
   60 (vir)           29.599           0.197          -1.671          -9.165           37.289
   61 (vir)           29.599           0.197          -1.671          -9.165           37.289
   62 (vir)           30.760           0.915          -1.073          -7.928           38.530
   63 (vir)           30.760           0.915          -1.073          -7.928           38.530
   64 (vir)           33.307          -2.125          -4.193         -12.690           39.679
   65 (vir)           38.759           0.172          -1.500          -8.766           46.197
   66 (vir)           38.759           0.172          -1.500          -8.766           46.197
   67 (vir)           42.850           0.150          -2.860         -11.223           51.364
   68 (vir)           48.479          -1.230          -3.682         -12.765           56.332
   69 (vir)           54.605           0.085          -3.905         -14.308           65.094
   70 (vir)           54.605           0.085          -3.905         -14.308           65.094
   71 (vir)           55.751          -1.656          -3.653         -13.961           64.403
   72 (vir)           55.751          -1.656          -3.653         -13.961           64.403
   73 (vir)           56.958          -0.179          -3.763         -14.033           67.048
   74 (vir)           56.958          -0.179          -3.763         -14.033           67.048
   75 (vir)           57.089           0.550          -2.796         -12.861           67.704
   76 (vir)           61.169           0.481          -1.989         -11.997           71.659
   77 (vir)           61.169           0.481          -1.989         -11.997           71.659
   78 (vir)           62.198           0.313          -2.816         -13.553           73.247
   79 (vir)           62.198           0.313          -2.816         -13.553           73.247
   80 (vir)           62.783           0.752          -3.367         -13.738           73.906
   81 (vir)           62.783           0.752          -3.367         -13.738           73.906
   82 (vir)           62.896           0.780          -1.491         -11.275           73.459
   83 (vir)           62.896           0.780          -1.491         -11.275           73.459
   84 (vir)           66.711           0.700          -1.224         -10.827           77.014
   85 (vir)           66.711           0.700          -1.224         -10.827           77.014
   86 (vir)           67.819           0.632          -1.686         -12.050           78.815
   87 (vir)           67.819           0.632          -1.686         -12.050           78.815
   88 (vir)           69.205           0.721          -1.162         -10.836           79.600
   89 (vir)           69.205           0.721          -1.162         -10.836           79.600
   90 (vir)           69.475           0.618          -1.649         -11.989           80.433
   91 (vir)           69.475           0.618          -1.649         -11.989           80.433
   92 (vir)           70.252           0.254          -2.648         -13.482           81.339
   93 (vir)           70.372           0.036          -3.609         -13.343           80.143
   94 (vir)           72.032           0.582          -1.546         -12.016           83.083
   95 (vir)           72.032           0.582          -1.546         -12.016           83.083
   96 (vir)           73.047           0.525          -1.752         -12.331           84.151
   97 (vir)           73.048           0.525          -1.752         -12.331           84.151
   98 (vir)           75.765           0.611          -1.211         -11.275           86.440
   99 (vir)           75.765           0.611          -1.211         -11.275           86.440
  100 (vir)           77.253           0.421          -1.848         -12.363           88.190
  101 (vir)           77.253           0.421          -1.848         -12.363           88.190
  102 (vir)           78.892           0.346          -2.635         -13.429           90.031
  103 (vir)           84.418           0.304          -3.143         -14.415           95.994
  104 (vir)           84.418           0.304          -3.143         -14.415           95.994
  105 (vir)           87.439           0.357          -3.081         -14.403           99.119
  106 (vir)           89.318          -0.166          -6.426         -18.824          101.550
  107 (vir)           89.318          -0.166          -6.426         -18.824          101.550
  108 (vir)           89.865           0.497          -1.245         -11.786          100.903
  109 (vir)           89.865           0.497          -1.245         -11.786          100.903
  110 (vir)           90.890          -0.133          -6.130         -18.654          103.282
  111 (vir)           90.890          -0.133          -6.130         -18.654          103.282
  112 (vir)           93.887          -0.252          -6.977         -19.556          106.214
  113 (vir)           96.884           0.009          -5.432         -18.281          109.743
  114 (vir)          112.285           0.416          -2.770         -14.898          124.829
  115 (vir)          112.285           0.416          -2.770         -14.898          124.829
  116 (vir)          145.132          -0.134          -5.941         -19.920          158.977
  117 (vir)          148.965          -0.524          -9.839         -24.715          163.318
  118 (vir)          157.344          -0.417          -9.664         -25.093          172.356
  119 (vir)          186.993          -0.724         -11.732         -29.930          204.466
  120 (vir)          186.993          -0.724         -11.732         -29.930          204.466
  121 (vir)          188.468          -0.485         -11.642         -29.812          206.154
  122 (vir)          188.468          -0.485         -11.642         -29.812          206.154
  123 (vir)          189.490          -0.499         -11.657         -29.918          207.252
  124 (vir)          189.490          -0.499         -11.657         -29.918          207.252
  125 (vir)          193.916          -0.495         -11.417         -29.596          211.601
  126 (vir)          193.916          -0.495         -11.417         -29.596          211.601
  127 (vir)          200.603          -0.506         -11.326         -29.728          218.499
  128 (vir)          203.569          -0.335         -10.619         -28.533          221.148
  129 (vir)          465.267          -1.295         -22.995         -56.125          497.101
  130 (vir)          465.267          -1.295         -22.995         -56.125          497.101
  131 (vir)          469.531          -1.313         -22.919         -56.075          501.374
  132 (vir)          469.531          -1.313         -22.919         -56.075          501.374
  133 (vir)          474.045          -1.294         -23.009         -56.274          506.016
  134 (vir)          507.953          -1.493         -22.521         -55.966          539.905
  135 (vir)          533.440          -1.390         -17.707         -46.613          560.956
  136 (vir)          544.104          -1.437         -17.532         -46.537          571.672
  137 (vir)         1895.804          -2.007         -30.402         -85.626         1949.022
  138 (vir)         1905.050          -1.997         -30.310         -85.559         1958.303
  139 (vir)        10333.170          -2.050         -48.965        -193.088        10475.244
  140 (vir)        10348.283          -2.048         -48.929        -193.106        10490.413
