 
  kpoint:     0.0000    0.0000    0.0000
 
    n          ϵ_nk^DFT (eV)     Σ^c_nk (eV)     Σ^x_nk (eV)     v_n^xc (eV)   ϵ_nk^G0W0 (eV)
 
    1 (occ)        -1032.676           2.538        -187.379        -117.677        -1099.840
    2 (occ)        -1032.676           2.538        -187.379        -117.677        -1099.840
    3 (occ)          -56.141           8.338         -53.924         -34.024          -67.703
    4 (occ)          -56.137           8.344         -53.933         -34.033          -67.694
    5 (occ)          -28.323           6.381         -44.978         -31.986          -34.933
    6 (occ)          -28.298           5.474         -45.034         -32.050          -35.809
    7 (occ)          -28.298           5.474         -45.034         -32.050          -35.809
    8 (occ)          -28.292           5.462         -45.053         -32.071          -35.813
    9 (occ)          -28.292           5.462         -45.053         -32.071          -35.813
   10 (occ)          -28.268           5.561         -45.132         -32.133          -35.706
   11 (occ)           -3.128          -0.358          -6.554          -5.228           -4.812
   12 (vir)           -1.787          -1.041          -1.681          -3.955           -0.554
   13 (vir)           -0.961          -0.961          -1.084          -3.176            0.169
   14 (vir)           -0.961          -0.961          -1.084          -3.176            0.169
   15 (vir)           -0.508          -1.440          -0.988          -2.925           -0.010
   16 (vir)            0.053          -1.069          -0.352          -1.954            0.586
   17 (vir)            0.053          -1.069          -0.352          -1.954            0.586
   18 (vir)            0.303          -0.489          -0.321          -1.611            1.104
   19 (vir)            0.423          -0.438          -0.334          -1.354            1.004
   20 (vir)            0.903          -0.686          -0.499          -1.905            1.622
   21 (vir)            0.903          -0.686          -0.499          -1.905            1.622
   22 (vir)            1.077          -0.550          -0.671          -2.153            2.010
   23 (vir)            1.165          -0.427          -0.113          -1.029            1.653
   24 (vir)            1.612          -0.549          -0.517          -2.201            2.748
   25 (vir)            1.612          -0.549          -0.517          -2.201            2.748
   26 (vir)            2.490          -0.476          -0.503          -2.565            4.076
   27 (vir)            2.705          -1.575          -0.425          -3.383            4.089
   28 (vir)            2.705          -1.575          -0.425          -3.383            4.089
   29 (vir)            3.257          -0.995          -0.912          -3.276            4.625
   30 (vir)            3.336          -0.724          -0.416          -3.352            5.548
   31 (vir)            3.336          -0.724          -0.416          -3.352            5.548
   32 (vir)            4.201          -0.833          -0.920          -3.096            5.544
   33 (vir)            4.288          -0.914          -0.265          -3.116            6.226
   34 (vir)            4.288          -0.838          -0.265          -3.116            6.301
   35 (vir)            5.132          -0.734          -1.159          -4.252            7.491
   36 (vir)            6.309          -1.211          -1.169          -4.275            8.204
   37 (vir)            6.309          -1.211          -1.169          -4.275            8.204
   38 (vir)            6.430           0.031          -0.206          -2.872            9.127
   39 (vir)            6.430           0.031          -0.206          -2.872            9.127
   40 (vir)            6.688          -0.540          -0.755          -3.416            8.810
   41 (vir)            6.864           0.071          -0.433          -3.258            9.760
   42 (vir)            6.973          -0.446          -1.284          -4.562            9.805
   43 (vir)            6.973          -0.446          -1.284          -4.562            9.805
   44 (vir)           10.807          -0.466          -0.316          -4.072           14.097
   45 (vir)           10.807          -0.466          -0.316          -4.072           14.097
   46 (vir)           11.048          -0.487          -0.257          -3.876           14.181
   47 (vir)           11.048          -0.487          -0.257          -3.876           14.181
   48 (vir)           11.193          -0.401          -1.261          -5.019           14.549
   49 (vir)           12.551          -0.373          -0.583          -4.752           16.347
   50 (vir)           12.551          -0.373          -0.583          -4.752           16.347
   51 (vir)           12.718           0.497          -0.208          -3.786           16.792
   52 (vir)           12.718           0.497          -0.208          -3.786           16.792
   53 (vir)           13.656          -0.490          -0.795          -5.172           17.543
   54 (vir)           15.499           0.304          -0.262          -4.074           19.616
   55 (vir)           15.499           0.304          -0.262          -4.074           19.616
   56 (vir)           16.133          -0.498          -1.013          -5.766           20.389
   57 (vir)           16.133          -0.498          -1.013          -5.766           20.389
   58 (vir)           16.269          -0.179          -0.786          -4.489           19.793
   59 (vir)           16.799          -0.318          -0.962          -5.577           21.096
   60 (vir)           16.799          -0.318          -0.962          -5.577           21.096
   61 (vir)           17.193          -0.449          -0.711          -4.755           20.788
   62 (vir)           17.193          -0.449          -0.711          -4.755           20.788
   63 (vir)           17.512          -0.281          -0.792          -5.320           21.758
   64 (vir)           17.512          -0.281          -0.792          -5.320           21.758
   65 (vir)           18.102          -0.236          -1.086          -5.338           22.119
   66 (vir)           19.678           0.016          -1.128          -5.830           24.397
   67 (vir)           19.678           0.016          -1.128          -5.830           24.397
   68 (vir)           23.040          -0.210          -2.375          -8.242           28.697
   69 (vir)           25.161          -0.969          -4.616         -11.551           31.128
   70 (vir)           25.161          -0.969          -4.616         -11.551           31.128
   71 (vir)           26.519          -0.969          -4.688         -11.593           32.455
   72 (vir)           26.522          -1.118          -4.696         -11.539           32.247
   73 (vir)           26.836          -0.728          -4.067         -10.762           32.803
   74 (vir)           26.836          -0.728          -4.067         -10.762           32.803
   75 (vir)           33.306          -1.117          -4.923         -12.419           39.685
   76 (vir)           41.597          -0.527          -4.111         -11.239           48.198
   77 (vir)          148.032          -1.241         -10.237         -26.066          162.620
   78 (vir)          151.000          -1.546         -10.572         -26.611          165.493
   79 (vir)          154.768          -2.753         -13.619         -31.333          169.729
   80 (vir)          154.768          -2.753         -13.619         -31.333          169.729
   81 (vir)          154.824          -2.136         -13.614         -31.330          170.405
   82 (vir)          154.824          -2.136         -13.614         -31.330          170.405
   83 (vir)          154.878          -3.408         -13.606         -31.322          169.185
   84 (vir)          154.878          -3.408         -13.606         -31.321          169.185
   85 (vir)          154.899          -2.301         -13.588         -31.297          170.307
   86 (vir)          155.231          -1.850         -13.563         -31.292          171.109
   87 (vir)          155.231          -1.850         -13.563         -31.292          171.109
   88 (vir)          157.954          -1.993         -12.858         -30.418          173.521
   89 (vir)          563.297          -0.945         -17.717         -48.352          592.987
   90 (vir)          567.015          -0.923         -17.664         -48.317          596.745
   91 (vir)         3413.552          -1.320         -36.850        -122.190         3497.571
   92 (vir)         3420.353          -1.320         -36.825        -122.215         3504.424
