 
  kpoint:     0.0000    0.0000    0.0000
 
    n          ϵ_nk^DFT (eV)     Σ^c_nk (eV)     Σ^x_nk (eV)     v_n^xc (eV)   ϵ_nk^G0W0 (eV)
 
    1 (occ)        -2400.231           4.315        -281.418        -175.440        -2501.894
    2 (occ)         -511.886           4.137        -132.615         -83.744         -556.620
    3 (occ)         -511.886           3.413        -132.616         -83.744         -557.345
    4 (occ)         -212.775           6.875         -90.419         -56.022         -240.297
    5 (occ)         -158.957           7.284         -82.343         -57.068         -176.948
    6 (occ)         -158.869           7.110         -82.497         -57.110         -177.145
    7 (occ)         -158.765           7.496         -82.589         -57.142         -176.716
    8 (occ)          -28.930           7.094         -33.194         -21.483          -33.547
    9 (occ)          -26.479           7.504         -34.109         -22.597          -30.487
   10 (occ)          -15.701           4.564         -27.215         -19.543          -18.809
   11 (occ)          -12.390           2.755         -22.313         -16.910          -15.038
   12 (occ)          -12.112           3.354         -24.416         -17.908          -15.265
   13 (occ)          -12.086           3.259         -27.593         -20.614          -15.806
   14 (occ)           -9.424           1.226         -24.067         -19.353          -12.912
   15 (occ)           -8.747           2.213         -25.768         -19.833          -12.469
   16 (occ)           -8.028           1.359         -23.775         -18.624          -11.820
   17 (vir)           -4.360          -1.676         -12.049         -17.080           -1.005
   18 (vir)           -0.147          -2.239          -7.396         -12.769            2.987
   19 (vir)            0.686          -1.739          -6.323         -10.981            3.606
   20 (vir)            2.685          -1.203          -2.441          -5.880            4.921
   21 (vir)            2.990          -1.070          -1.666          -4.936            5.189
   22 (vir)            3.817          -1.519          -3.291          -7.364            6.370
   23 (vir)            4.319          -1.724          -3.895          -8.193            6.893
   24 (vir)            5.697          -2.706          -4.359         -10.339            8.971
   25 (vir)            6.041          -1.738          -3.266          -7.881            8.918
   26 (vir)            6.480          -1.235          -1.995          -5.751            9.001
   27 (vir)            7.020          -1.816          -2.667          -7.144            9.681
   28 (vir)            7.103          -2.239          -5.150         -10.454           10.167
   29 (vir)            8.281          -2.730          -4.025         -10.210           11.737
   30 (vir)            8.618          -1.699          -2.448          -7.022           11.493
   31 (vir)            8.863          -1.445          -1.611          -5.544           11.351
   32 (vir)            9.632          -1.253          -1.979          -5.904           12.304
   33 (vir)           13.547          -3.263          -4.731         -11.222           16.776
   34 (vir)           15.497          -2.033          -3.936         -10.185           19.714
   35 (vir)           17.346          -2.046          -3.178          -8.243           20.364
   36 (vir)           18.484          -2.339          -3.291          -8.466           21.320
   37 (vir)           21.471          -3.460          -3.693         -11.194           25.513
   38 (vir)           22.110          -3.712          -3.980         -11.649           26.066
   39 (vir)           22.639          -3.005          -2.761          -9.561           26.433
   40 (vir)           22.647           5.458          -3.699         -10.701           35.107
   41 (vir)           23.042          -2.900          -3.513         -10.835           27.464
   42 (vir)           23.194          -3.728          -6.397         -14.363           27.432
   43 (vir)           23.426          -3.855          -3.454         -10.861           26.978
   44 (vir)           23.660          -3.150          -3.572         -11.256           28.193
   45 (vir)           25.120          -5.096          -3.175         -10.239           27.087
   46 (vir)           25.597          -3.129          -3.666         -11.298           30.100
   47 (vir)           27.114          -2.930          -3.217         -10.390           31.357
   48 (vir)           28.738          -2.590          -2.524         -10.049           33.671
   49 (vir)           30.473          -3.111          -3.370         -11.431           35.422
   50 (vir)           31.184          -2.941          -3.362         -10.376           35.258
   51 (vir)           32.086          -2.373          -2.691         -10.339           37.361
   52 (vir)           32.751          -1.931          -4.456         -12.642           39.005
   53 (vir)           33.888          -3.355          -3.307         -11.364           38.590
   54 (vir)           34.611          -4.545          -3.877         -12.369           38.557
   55 (vir)           34.879          -3.885          -4.062         -12.234           39.167
   56 (vir)           35.364          -3.717          -3.672         -11.786           39.761
   57 (vir)           36.555          -4.212          -4.446         -13.246           41.144
   58 (vir)           38.190          -4.685          -4.209         -13.392           42.688
   59 (vir)           38.457          -3.670          -2.633         -10.731           42.886
   60 (vir)           39.002          -3.217          -3.652         -12.120           44.252
   61 (vir)           40.844          -0.914          -2.531          -9.943           47.342
   62 (vir)           46.625          -2.262          -2.648         -11.167           52.883
   63 (vir)           46.961          -3.147          -2.602         -10.966           52.179
   64 (vir)           50.153          -2.073          -3.315         -12.303           57.068
   65 (vir)           50.352          -2.003          -1.891          -9.813           56.271
   66 (vir)           52.937          -1.914          -4.034         -13.890           60.879
   67 (vir)           54.506          -1.729          -3.078         -11.287           60.985
   68 (vir)           55.161          -1.857          -3.587         -11.462           61.179
   69 (vir)           66.651          -1.764          -4.314         -15.620           76.193
   70 (vir)           67.481          -1.792          -4.301         -15.707           77.094
   71 (vir)           68.075          -1.381          -3.926         -15.039           77.808
   72 (vir)           68.878          -1.188          -3.682         -14.850           78.859
   73 (vir)           71.069          -1.775          -3.696         -14.945           80.542
   74 (vir)           72.237          -0.125          -2.376         -13.147           82.884
   75 (vir)           72.532          -0.558          -3.396         -14.656           83.234
   76 (vir)           72.739          -0.054          -2.358         -13.134           83.461
   77 (vir)           72.893          -1.440          -4.017         -15.755           83.190
   78 (vir)           75.066          -0.814          -3.426         -15.054           85.881
   79 (vir)           76.341          -0.425          -3.419         -15.206           87.702
   80 (vir)           78.580           0.111          -2.663         -14.126           90.154
   81 (vir)           79.684          -0.703          -2.944         -14.636           90.673
   82 (vir)           81.200          -1.441          -3.592         -15.049           91.217
   83 (vir)           81.625          -0.556          -3.867         -15.379           92.582
   84 (vir)           81.907           0.556          -2.976         -14.207           93.693
   85 (vir)           82.483          -0.708          -3.132         -14.617           93.260
   86 (vir)           83.135          -1.067          -2.573         -13.629           93.123
   87 (vir)           83.476          -0.587          -6.426         -19.004           95.467
   88 (vir)           85.515          -0.639          -4.199         -16.313           96.990
   89 (vir)           86.417          -0.481          -3.445         -14.972           97.463
   90 (vir)           88.244          -1.045          -6.122         -18.851           99.928
   91 (vir)           88.874           0.088          -2.884         -14.347          100.425
   92 (vir)           90.648          -0.596          -3.679         -15.313          101.687
   93 (vir)           91.109          -1.400          -2.153         -13.395          100.950
   94 (vir)           91.830          -0.786          -2.891         -14.597          102.750
   95 (vir)           95.073          -1.129          -3.736         -16.072          106.280
   96 (vir)           96.671          -1.095          -3.491         -16.000          108.084
   97 (vir)           97.114          -0.485          -3.978         -16.432          109.083
   98 (vir)          100.011          -1.713          -5.203         -18.606          111.702
   99 (vir)          101.162          -2.384          -4.207         -17.181          111.753
  100 (vir)          102.581          -0.813          -3.275         -15.618          114.111
  101 (vir)          104.094          -1.618          -6.489         -20.313          116.300
  102 (vir)          105.217          -1.508          -5.930         -19.835          117.615
  103 (vir)          105.493          -1.685          -3.577         -16.077          116.308
  104 (vir)          106.249          -1.307          -4.457         -17.610          118.094
  105 (vir)          106.411           0.245          -3.776         -16.491          119.372
  106 (vir)          110.897          -1.252          -4.121         -17.597          123.121
  107 (vir)          113.422          -1.466          -4.394         -18.194          125.757
  108 (vir)          113.499          -0.012          -2.351         -14.681          125.817
  109 (vir)          115.733          -1.277          -4.333         -18.010          128.134
  110 (vir)          119.218          -1.088          -5.512         -20.167          132.785
  111 (vir)          119.626          -1.355          -5.246         -19.726          132.751
  112 (vir)          124.460          -1.575          -6.090         -20.775          137.570
  113 (vir)          125.580          -0.837          -4.023         -17.778          138.498
  114 (vir)          127.489          -0.098          -4.690         -18.792          141.493
  115 (vir)          127.641          -0.964          -4.405         -18.503          140.775
  116 (vir)          129.891          -1.350          -4.756         -18.580          142.365
  117 (vir)          132.523          -1.073          -4.701         -18.699          145.448
  118 (vir)          132.829          -0.962          -3.576         -16.426          144.717
  119 (vir)          139.726          -0.833          -5.442         -21.569          155.020
  120 (vir)          142.593          -0.413          -5.419         -21.565          158.325
  121 (vir)          144.513          -0.755          -5.672         -22.060          160.146
  122 (vir)          146.615          -0.776          -5.515         -21.584          161.908
  123 (vir)          175.194          -0.704          -7.585         -24.103          191.008
  124 (vir)          188.249          -0.348          -6.695         -24.717          205.923
  125 (vir)          200.188          -0.878          -9.665         -27.744          217.389
  126 (vir)          224.624           0.145          -9.830         -28.982          243.922
  127 (vir)          224.738          -0.318         -10.589         -29.882          243.713
  128 (vir)          226.971          -0.625         -12.078         -31.915          246.183
  129 (vir)          228.614          -0.756          -9.841         -29.147          247.164
  130 (vir)          229.687          -1.328          -8.313         -27.319          247.365
  131 (vir)          235.875          -1.530          -2.375         -18.913          250.884
  132 (vir)          235.898          -0.933          -2.361         -18.893          251.496
  133 (vir)          236.128          -0.349          -2.369         -18.890          252.299
  134 (vir)          236.141          -0.089          -2.357         -18.871          252.566
  135 (vir)          236.535           0.064          -2.436         -19.072          253.234
  136 (vir)          236.607           0.151          -2.560         -19.239          253.437
  137 (vir)          237.471          -0.241          -2.486         -19.197          253.941
  138 (vir)          238.443          -0.120          -2.480         -19.193          255.036
  139 (vir)          239.915          -0.205          -2.619         -19.541          256.632
  140 (vir)          243.143          -0.014          -2.550         -19.503          260.082
  141 (vir)          244.297           0.105          -3.210         -20.448          261.640
  142 (vir)          247.475          -0.048          -2.539         -19.595          264.483
  143 (vir)          253.018           0.093          -3.535         -21.216          270.791
  144 (vir)          255.276          -0.214          -3.792         -21.613          272.884
  145 (vir)          255.983          -0.220          -2.893         -20.489          273.358
  146 (vir)          255.983          -0.396          -4.933         -23.167          273.821
  147 (vir)          265.836          -0.535          -6.626         -25.743          284.418
  148 (vir)          269.724          -0.675          -6.460         -25.638          288.227
  149 (vir)          292.029          -0.983          -3.490         -23.148          310.704
  150 (vir)          292.266          -4.332          -3.512         -23.177          307.600
  151 (vir)          292.738          -0.086          -3.499         -23.168          312.321
  152 (vir)          292.973          -0.687          -3.496         -23.157          311.948
  153 (vir)          298.504           0.055          -3.449         -23.154          318.263
  154 (vir)          299.297          -0.495          -3.463         -23.208          318.547
  155 (vir)          300.701          -0.231          -3.354         -22.961          320.077
  156 (vir)          302.098          -0.773          -3.429         -23.139          321.034
  157 (vir)          313.911          -0.839          -4.270         -24.054          332.857
  158 (vir)          314.026           0.013          -4.409         -24.414          334.045
  159 (vir)          315.201          -0.440          -3.084         -22.546          334.222
  160 (vir)          315.214           0.221          -3.447         -23.230          335.218
  161 (vir)          316.239          -0.352          -3.090         -22.584          335.380
  162 (vir)          317.662          -0.910          -3.616         -23.784          336.920
  163 (vir)          319.675          -1.464          -4.424         -25.697          339.484
  164 (vir)          321.702          -1.401          -4.357         -25.569          341.513
  165 (vir)          323.116          -1.170          -3.958         -24.663          342.650
  166 (vir)          323.365          -1.300          -4.162         -25.107          343.010
  167 (vir)          327.593          -1.286          -4.239         -25.551          347.619
  168 (vir)          329.123          -1.329          -4.204         -25.508          349.097
  169 (vir)          330.361          -1.285          -4.355         -25.754          350.475
  170 (vir)          332.010          -1.200          -4.436         -25.782          352.156
  171 (vir)          345.662          -1.049          -5.075         -26.756          366.295
  172 (vir)          348.146          -1.148          -5.272         -27.038          368.765
  173 (vir)          372.025           0.239          -9.321         -31.456          394.400
  174 (vir)          373.350          -0.094          -9.436         -31.626          395.445
  175 (vir)          656.905          -0.662         -19.038         -50.746          687.951
  176 (vir)          769.457          -1.883         -31.630         -75.809          811.753
  177 (vir)          778.243          -1.842         -31.418         -75.476          820.459
  178 (vir)          792.841          -1.816         -30.793         -74.835          835.068
  179 (vir)         1291.451          -0.628         -18.133         -62.349         1335.039
  180 (vir)         1292.836          -0.604         -18.119         -62.334         1336.447
  181 (vir)         2268.656          -2.082         -32.838         -93.106         2326.842
  182 (vir)         6858.068          -1.086         -20.665        -126.402         6962.719
  183 (vir)         6859.752          -1.077         -20.660        -126.397         6964.412
  184 (vir)        12232.934          -2.180         -52.178        -208.606        12387.183
