 
  kpoint:     0.0000    0.0000    0.0000
 
    n          ϵ_nk^DFT (eV)     Σ^c_nk (eV)     Σ^x_nk (eV)     v_n^xc (eV)   ϵ_nk^G0W0 (eV)
 
    1 (occ)         -509.901           2.829        -132.580         -83.740         -555.913
    2 (occ)         -509.787           2.829        -132.582         -83.740         -555.799
    3 (occ)         -382.681           3.235        -114.615         -72.597         -421.464
    4 (occ)         -382.243           3.216        -114.626         -72.598         -421.055
    5 (occ)         -272.991           4.142         -96.860         -61.527         -304.183
    6 (occ)         -272.127           4.086         -96.868         -61.529         -303.381
    7 (occ)         -271.154           3.990         -96.885         -61.542         -302.507
    8 (occ)         -269.955           4.042         -96.885         -61.545         -301.254
    9 (occ)         -269.350           4.287         -96.863         -61.540         -300.386
   10 (occ)          -26.997           8.122         -31.772         -20.309          -30.338
   11 (occ)          -26.110           8.262         -33.043         -21.459          -29.432
   12 (occ)          -24.543           7.403         -30.577         -20.053          -27.664
   13 (occ)          -23.197           6.856         -29.661         -19.637          -26.364
   14 (occ)          -20.406           6.013         -26.508         -17.432          -23.469
   15 (occ)          -17.846           4.677         -25.171         -17.234          -21.106
   16 (occ)          -16.934           4.147         -24.116         -16.775          -20.128
   17 (occ)          -16.540           3.952         -25.410         -18.276          -19.722
   18 (occ)          -14.241           3.123         -23.610         -17.316          -17.412
   19 (occ)          -14.023           2.828         -23.396         -17.261          -17.330
   20 (occ)          -12.920           2.253         -22.414         -16.694          -16.387
   21 (occ)          -11.962           3.289         -20.889         -15.172          -14.390
   22 (occ)          -11.586           2.930         -23.840         -17.699          -14.797
   23 (occ)          -10.749           3.408         -26.086         -19.459          -13.969
   24 (occ)          -10.549           2.138         -19.937         -14.711          -13.638
   25 (occ)          -10.404           3.071         -24.571         -18.248          -13.656
   26 (occ)           -9.995           1.897         -22.167         -17.109          -13.156
   27 (occ)           -9.805           2.353         -21.083         -16.056          -12.479
   28 (occ)           -9.495           1.687         -21.109         -15.929          -12.987
   29 (occ)           -8.887           1.936         -20.615         -15.991          -11.574
   30 (occ)           -7.036           1.799         -22.965         -18.506           -9.696
   31 (occ)           -6.963           3.162         -25.601         -19.537           -9.865
   32 (occ)           -6.208           2.993         -25.689         -19.807           -9.096
   33 (occ)           -6.037           0.382         -19.237         -16.199           -8.693
   34 (vir)           -2.253          -2.685          -9.995         -14.976            0.043
   35 (vir)           -0.985          -3.207         -10.706         -16.309            1.411
   36 (vir)           -0.604          -1.533          -2.590          -5.962            1.236
   37 (vir)            0.177          -1.339          -2.191          -5.349            1.995
   38 (vir)            0.358          -1.489          -2.549          -5.893            2.213
   39 (vir)            1.015          -1.559          -2.641          -6.088            2.903
   40 (vir)            1.310          -3.138          -6.078         -11.249            3.344
   41 (vir)            1.537          -1.345          -1.809          -4.928            3.311
   42 (vir)            1.920          -1.588          -2.414          -5.973            3.890
   43 (vir)            2.017          -2.227          -2.825          -6.843            3.808
   44 (vir)            2.253          -2.014          -2.936          -6.880            4.183
   45 (vir)            2.404          -1.586          -2.461          -5.980            4.337
   46 (vir)            2.686          -1.822          -3.072          -6.952            4.744
   47 (vir)            2.964          -1.768          -2.885          -6.647            4.958
   48 (vir)            3.028          -1.326          -1.577          -4.629            4.754
   49 (vir)            3.825          -2.611          -5.043          -9.883            6.053
   50 (vir)            3.924          -1.642          -2.392          -5.935            5.825
   51 (vir)            4.197          -2.106          -3.677          -7.858            6.272
   52 (vir)            4.370          -1.621          -1.753          -5.189            6.185
   53 (vir)            4.447          -1.951          -3.483          -7.482            6.496
   54 (vir)            4.707          -1.366          -1.305          -4.456            6.492
   55 (vir)            4.800          -3.012          -5.742         -11.170            7.215
   56 (vir)            5.177          -3.525          -7.234         -13.216            7.634
   57 (vir)            5.700          -2.640          -4.706          -9.670            8.025
   58 (vir)            5.967          -1.661          -1.492          -4.996            7.810
   59 (vir)            5.976          -2.104          -3.105          -7.240            8.007
   60 (vir)            6.350          -3.013          -4.331          -9.322            8.329
   61 (vir)            6.503          -2.306          -3.880          -8.359            8.677
   62 (vir)            6.760          -1.614          -1.987          -5.467            8.627
   63 (vir)            7.098          -2.033          -2.119          -6.166            9.110
   64 (vir)            7.202          -2.695          -4.323          -9.122            9.307
   65 (vir)            7.487          -2.171          -2.807          -7.035            9.545
   66 (vir)            7.803          -2.505          -3.642          -8.276            9.932
   67 (vir)            8.027          -2.751          -4.040          -8.999           10.234
   68 (vir)            8.062          -2.210          -2.799          -7.183           10.235
   69 (vir)            8.173          -2.501          -2.886          -7.638           10.424
   70 (vir)            8.291          -2.186          -2.783          -6.983           10.305
   71 (vir)            8.800          -1.937          -1.943          -6.011           10.930
   72 (vir)            8.997          -2.703          -3.614          -8.584           11.263
   73 (vir)            9.302          -2.046          -2.642          -6.850           11.465
   74 (vir)            9.549          -2.230          -2.547          -6.955           11.727
   75 (vir)           10.125          -2.290          -2.987          -7.530           12.377
   76 (vir)           10.261          -2.752          -3.493          -8.554           12.569
   77 (vir)           10.591          -2.484          -2.971          -7.759           12.894
   78 (vir)           10.785          -1.961          -1.971          -6.105           12.958
   79 (vir)           10.851          -2.091          -2.227          -6.391           12.924
   80 (vir)           11.175          -1.907          -1.664          -5.668           13.271
   81 (vir)           11.365          -2.594          -2.910          -7.621           13.482
   82 (vir)           11.508          -2.284          -2.609          -6.990           13.605
   83 (vir)           11.872          -2.717          -2.922          -8.239           14.471
   84 (vir)           12.078          -3.646          -4.406         -10.411           14.436
   85 (vir)           12.593          -2.917          -2.901          -8.027           14.803
   86 (vir)           12.835          -3.473          -3.895          -9.695           15.162
   87 (vir)           13.350          -2.628          -2.625          -7.482           15.580
   88 (vir)           13.487          -2.113          -2.000          -6.308           15.681
   89 (vir)           13.918          -2.972          -2.444          -7.784           16.285
   90 (vir)           14.142          -2.788          -2.489          -7.827           16.692
   91 (vir)           14.229          -3.288          -3.861          -9.544           16.624
   92 (vir)           14.464          -3.040          -3.034          -8.446           16.835
   93 (vir)           14.692          -3.052          -3.673          -9.092           17.058
   94 (vir)           15.199          -3.722          -3.896         -10.028           17.609
   95 (vir)           15.794          -3.085          -2.130          -7.445           18.024
   96 (vir)           15.833          -3.700          -4.189         -10.306           18.250
   97 (vir)           16.065          -3.074          -2.486          -8.078           18.582
   98 (vir)           16.597          -2.991          -1.825          -7.228           19.009
   99 (vir)           16.622          -3.839          -3.878         -10.121           19.027
  100 (vir)           16.721          -2.855          -2.638          -7.799           19.026
  101 (vir)           17.298          -2.726          -2.312          -7.342           19.601
  102 (vir)           17.987          -3.223          -2.544          -8.184           20.403
  103 (vir)           18.103          -3.349          -2.002          -7.532           20.284
  104 (vir)           18.491          -3.320          -1.998          -7.684           20.857
  105 (vir)           18.978          -3.980          -3.630         -10.059           21.428
  106 (vir)           19.017          -3.690          -2.123          -7.995           21.199
  107 (vir)           19.390          -3.483          -3.126          -8.933           21.715
  108 (vir)           19.732          -3.024          -2.386          -8.420           22.743
  109 (vir)           19.763          -3.680          -2.814          -8.847           22.116
  110 (vir)           20.128          -3.299          -2.035          -7.730           22.524
  111 (vir)           20.623          -3.478          -1.912          -7.591           22.825
  112 (vir)           20.761          -3.103          -2.134          -7.523           23.047
  113 (vir)           20.948          -4.147          -2.455          -8.978           23.324
  114 (vir)           21.053          -3.341          -2.087          -7.691           23.317
  115 (vir)           21.296          -3.250          -2.013          -7.620           23.653
  116 (vir)           21.788          -3.373          -2.750          -8.620           24.286
  117 (vir)           22.325          -3.607          -2.652          -8.425           24.490
  118 (vir)           22.569          -3.417          -2.348          -7.987           24.791
  119 (vir)           22.916          -3.907          -2.296          -8.572           25.285
  120 (vir)           23.001          -3.654          -2.554          -8.546           25.340
  121 (vir)           23.232          -3.841          -2.035          -8.146           25.502
  122 (vir)           23.274          -3.811          -2.629          -8.803           25.637
  123 (vir)           23.844          -3.090          -2.371          -8.188           26.571
  124 (vir)           24.316          -3.599          -1.741          -7.665           26.640
  125 (vir)           24.536          -3.772          -2.509          -8.576           26.831
  126 (vir)           24.601          -3.398          -2.147          -7.929           26.985
  127 (vir)           24.882          -3.492          -2.389          -8.380           27.381
  128 (vir)           25.144          -3.391          -2.105          -7.901           27.549
  129 (vir)           25.561          -3.469          -2.047          -8.154           28.200
  130 (vir)           25.577          -3.619          -2.441          -8.490           28.007
  131 (vir)           26.271          -3.221          -2.274          -8.509           29.285
  132 (vir)           26.438          -3.391          -2.214          -7.954           28.787
  133 (vir)           26.930          -3.651          -2.809          -9.545           30.015
  134 (vir)           27.239          -2.606          -2.387          -8.296           30.542
  135 (vir)           27.422          -3.549          -2.016          -8.037           29.895
  136 (vir)           28.036          -4.072          -3.322         -10.680           31.322
  137 (vir)           28.220          -3.265          -1.963          -7.876           30.869
  138 (vir)           28.401          -3.250          -2.085          -8.034           31.100
  139 (vir)           28.502          -0.906          -1.809          -7.824           33.611
  140 (vir)           28.787          -3.542          -1.930          -8.058           31.374
  141 (vir)           29.003          -4.038          -2.941          -9.902           31.926
  142 (vir)           29.096          -3.599          -1.566          -7.184           31.115
  143 (vir)           29.828          -3.611          -2.304          -8.612           32.525
  144 (vir)           29.993          -3.710          -2.639          -9.390           33.034
  145 (vir)           30.319          -3.432          -1.869          -7.973           32.990
  146 (vir)           30.886          -3.678          -2.553          -9.620           34.275
  147 (vir)           31.814          -3.128          -1.828          -7.723           34.581
  148 (vir)           32.185          -3.483          -2.173          -8.675           35.205
  149 (vir)           32.703          -3.588          -2.212          -9.081           35.985
  150 (vir)           33.004          -3.964          -2.221          -8.893           35.712
  151 (vir)           33.418          -2.995          -1.803          -7.834           36.454
  152 (vir)           34.117          -3.561          -2.200          -8.668           37.024
  153 (vir)           34.388          -3.377          -2.198          -8.728           37.541
  154 (vir)           35.102          -4.333          -2.495          -9.688           37.962
  155 (vir)           35.371          -3.701          -2.850         -10.338           39.158
  156 (vir)           36.030          -3.333          -2.073          -8.460           39.085
  157 (vir)           36.057          -3.252          -2.116          -8.870           39.559
  158 (vir)           36.096          -3.997          -2.983         -10.524           39.640
  159 (vir)           36.625          -3.540          -3.472         -11.026           40.639
  160 (vir)           36.695          -3.694          -2.286          -9.222           39.938
  161 (vir)           37.503          -3.697          -2.544          -9.759           41.021
  162 (vir)           37.704          -3.702          -3.288         -10.872           41.587
  163 (vir)           37.970          -3.846          -3.491         -11.175           41.809
  164 (vir)           38.318          -4.219          -3.288         -11.147           41.959
  165 (vir)           38.478          -3.514          -2.099          -9.159           42.023
  166 (vir)           38.806          -3.299          -2.687          -9.932           42.752
  167 (vir)           38.975          -4.182          -2.839         -10.544           42.498
  168 (vir)           39.732          -3.617          -2.737         -10.531           43.909
  169 (vir)           39.876          -2.228          -2.954         -10.211           44.905
  170 (vir)           39.919          -3.988          -3.287         -11.009           43.653
  171 (vir)           40.161          -4.937          -3.469         -12.061           43.816
  172 (vir)           41.263          -3.189          -2.453          -9.789           45.410
  173 (vir)           41.367          -3.279          -3.445         -12.050           46.693
  174 (vir)           41.654          -3.360          -2.879         -10.605           46.020
  175 (vir)           42.906          -3.654          -3.005         -11.074           47.320
  176 (vir)           43.306          -2.832          -2.951         -11.125           48.648
  177 (vir)           44.032          -3.278          -2.705         -10.806           48.854
  178 (vir)           44.393          -3.242          -2.643         -10.277           48.785
  179 (vir)           44.776          -2.588          -3.119         -11.823           50.892
  180 (vir)           45.818          -2.757          -2.475         -11.079           51.665
  181 (vir)           46.175          -3.248          -2.684         -11.061           51.304
  182 (vir)           46.546          -2.528          -2.313         -10.125           51.831
  183 (vir)           46.640          -2.991          -2.116         -10.084           51.616
  184 (vir)           47.357          -3.048          -2.796         -11.380           52.893
  185 (vir)           47.523          -3.124          -2.283         -10.678           52.795
  186 (vir)           47.915          -2.749          -2.501         -10.621           53.287
  187 (vir)           47.938          -3.018          -2.411         -10.789           53.298
  188 (vir)           48.620          -3.018          -2.612         -10.967           53.956
  189 (vir)           48.632          -3.063          -2.184         -10.554           53.939
  190 (vir)           48.987          -3.063          -2.514         -11.050           54.460
  191 (vir)           49.579          -2.979          -2.761         -11.335           55.175
  192 (vir)           49.669          -2.265          -2.249         -10.713           55.868
  193 (vir)           49.830          -3.742          -2.437         -10.749           54.399
  194 (vir)           50.118          -2.708          -2.376         -11.124           56.158
  195 (vir)           50.623          -2.825          -2.727         -11.279           56.350
  196 (vir)           51.062          -2.813          -2.644         -11.115           56.720
  197 (vir)           51.299          -2.977          -2.804         -11.275           56.793
  198 (vir)           51.531          -2.398          -2.253         -10.770           57.650
  199 (vir)           51.597          -2.881          -2.725         -11.172           57.163
  200 (vir)           52.187          -2.677          -2.207         -10.969           58.271
  201 (vir)           52.480          -2.896          -2.602         -10.982           57.964
  202 (vir)           52.733          -2.054          -2.530         -11.288           59.438
  203 (vir)           53.054          -3.152          -2.381         -11.375           58.895
  204 (vir)           53.326          -2.532          -2.845         -11.531           59.480
  205 (vir)           53.427          -2.428          -2.239         -11.112           59.871
  206 (vir)           53.570          -2.577          -2.270         -10.709           59.432
  207 (vir)           54.228          -2.155          -2.372         -10.940           60.642
  208 (vir)           54.326          -2.380          -1.937         -10.261           60.271
  209 (vir)           54.855          -2.252          -2.211         -11.041           61.434
  210 (vir)           54.981          -2.314          -2.162         -10.656           61.162
  211 (vir)           55.069          -2.821          -2.369         -11.369           61.249
  212 (vir)           55.198          -2.181          -2.660         -11.511           61.868
  213 (vir)           56.252          -2.057          -2.271         -10.687           62.610
  214 (vir)           56.338          -2.110          -2.651         -11.473           63.051
  215 (vir)           56.529          -2.445          -1.943         -10.346           62.487
  216 (vir)           56.963          -2.230          -2.712         -11.609           63.629
  217 (vir)           57.367          -2.120          -1.502          -9.725           63.470
  218 (vir)           57.454          -2.445          -2.453         -11.326           63.882
  219 (vir)           58.350          -3.246          -2.448         -11.218           63.873
  220 (vir)           58.753          -2.307          -2.033         -10.905           65.317
  221 (vir)           58.911          -2.519          -2.389         -11.090           65.093
  222 (vir)           59.294          -1.792          -1.717         -10.310           66.095
  223 (vir)           59.332          -1.638          -2.328         -11.274           66.639
  224 (vir)           59.680          -1.828          -1.636          -9.980           66.195
  225 (vir)           59.916          -2.347          -2.508         -11.437           66.498
  226 (vir)           60.639          -1.877          -1.814         -10.426           67.374
  227 (vir)           60.957          -2.197          -2.237         -11.080           67.603
  228 (vir)           61.397          -2.364          -2.227         -11.194           68.000
  229 (vir)           61.399          -2.254          -2.170         -11.170           68.145
  230 (vir)           62.166          -2.624          -2.432         -11.154           68.264
  231 (vir)           62.451          -1.766          -1.850         -10.559           69.395
  232 (vir)           62.558          -1.670          -2.386         -11.511           70.012
  233 (vir)           63.047          -1.724          -2.916         -12.546           70.953
  234 (vir)           63.496          -1.568          -1.959         -10.888           70.857
  235 (vir)           63.530          -2.258          -2.685         -11.682           70.269
  236 (vir)           64.111          -1.763          -2.052         -11.051           71.348
  237 (vir)           64.510          -1.627          -2.656         -12.124           72.350
  238 (vir)           64.831          -1.516          -2.567         -11.899           72.647
  239 (vir)           65.099          -1.962          -2.324         -11.339           72.152
  240 (vir)           65.150          -1.296          -1.776         -10.660           72.738
  241 (vir)           65.773          -0.671          -1.465          -9.713           73.350
  242 (vir)           66.612          -1.761          -2.099         -11.092           73.844
  243 (vir)           67.117          -1.750          -2.196         -11.044           74.216
  244 (vir)           67.190          -1.096          -2.079         -11.016           75.031
  245 (vir)           67.296          -1.427          -2.273         -11.940           75.535
  246 (vir)           67.943          -1.435          -2.407         -11.658           75.759
  247 (vir)           68.146          -0.565          -1.572         -10.051           76.060
  248 (vir)           68.281          -1.154          -2.366         -11.551           76.312
  249 (vir)           68.515          -1.193          -1.839         -10.742           76.223
  250 (vir)           69.075          -1.127          -2.183         -11.425           77.190
  251 (vir)           70.087          -1.820          -2.526         -12.544           78.285
  252 (vir)           70.154          -1.142          -2.084         -11.020           77.948
  253 (vir)           70.361          -1.528          -2.397         -11.740           78.176
  254 (vir)           70.880          -1.458          -2.399         -11.891           78.914
  255 (vir)           71.272          -1.459          -2.518         -12.328           79.623
  256 (vir)           71.485          -1.032          -2.308         -11.521           79.666
  257 (vir)           71.675          -1.388          -2.455         -12.316           80.148
  258 (vir)           71.823          -1.584          -2.287         -11.558           79.510
  259 (vir)           71.875          -0.390          -1.989         -11.064           80.560
  260 (vir)           72.454          -1.174          -2.139         -11.357           80.498
  261 (vir)           72.778           0.870          -1.992         -11.071           82.728
  262 (vir)           73.168          -1.128          -2.084         -11.764           81.720
  263 (vir)           74.205          -0.958          -2.338         -11.911           82.820
  264 (vir)           74.266          -0.802          -1.699         -10.729           82.495
  265 (vir)           74.615          -1.328          -2.344         -11.893           82.836
  266 (vir)           75.018          -1.438          -2.184         -11.597           82.993
  267 (vir)           75.249          -1.424          -2.486         -12.228           83.567
  268 (vir)           75.563          -1.078          -2.335         -11.740           83.891
  269 (vir)           76.180          -1.133          -2.286         -11.757           84.518
  270 (vir)           76.911          -1.229          -2.471         -12.091           85.302
  271 (vir)           77.030          -1.087          -2.033         -11.564           85.475
  272 (vir)           77.303          -0.737          -1.795         -11.100           85.871
  273 (vir)           77.616          -1.612          -2.173         -11.207           85.039
  274 (vir)           78.244          -0.605          -2.033         -11.482           87.087
  275 (vir)           78.664          -1.225          -2.358         -12.554           87.635
  276 (vir)           78.847          -0.579          -2.163         -12.247           88.352
  277 (vir)           79.659          -1.058          -2.467         -12.482           88.617
  278 (vir)           80.088          -1.340          -2.472         -12.163           88.440
  279 (vir)           80.449          -1.208          -2.742         -13.644           90.143
  280 (vir)           81.077          -1.214          -2.729         -12.918           90.052
  281 (vir)           81.130          -1.313          -2.548         -13.246           90.515
  282 (vir)           81.399          -0.818          -2.223         -11.892           90.250
  283 (vir)           82.386          -1.092          -2.563         -13.060           91.790
  284 (vir)           82.395          -0.824          -2.444         -12.566           91.693
  285 (vir)           82.674          -1.225          -2.521         -12.753           91.681
  286 (vir)           82.944          -0.949          -1.936         -11.421           91.480
  287 (vir)           84.052          -1.007          -2.318         -12.801           93.528
  288 (vir)           84.419          -0.967          -2.358         -12.158           93.252
  289 (vir)           85.017          -0.762          -2.450         -12.570           94.376
  290 (vir)           85.557          -1.003          -2.273         -12.691           94.972
  291 (vir)           85.862          -1.113          -2.665         -13.360           95.443
  292 (vir)           86.282          -1.116          -2.518         -13.540           96.188
  293 (vir)           87.224          -0.892          -2.102         -12.135           96.365
  294 (vir)           87.360          -0.680          -2.246         -12.339           96.773
  295 (vir)           87.607          -0.622          -2.205         -12.739           97.519
  296 (vir)           88.584          -0.562          -2.524         -13.065           98.563
  297 (vir)           88.921          -1.518          -2.669         -13.823           98.558
  298 (vir)           89.256          -0.831          -2.555         -13.154           99.023
  299 (vir)           89.620          -0.929          -2.420         -13.021           99.292
  300 (vir)           90.284          -1.045          -2.349         -12.989           99.879
  301 (vir)           90.368          -1.021          -2.624         -13.224           99.946
  302 (vir)           90.844          -1.259          -2.682         -13.470          100.372
  303 (vir)           91.076          -0.843          -2.323         -13.235          101.145
  304 (vir)           91.168          -0.880          -2.644         -13.407          101.050
  305 (vir)           91.304          -1.163          -2.654         -13.596          101.083
  306 (vir)           92.095          -0.973          -2.408         -12.800          101.513
  307 (vir)           92.966          -0.831          -2.884         -13.976          103.228
  308 (vir)           94.001          -1.105          -2.679         -13.949          104.167
  309 (vir)           94.424          -1.068          -2.870         -14.511          104.997
  310 (vir)           94.431          -1.103          -3.003         -14.450          104.774
  311 (vir)           94.633          -0.943          -3.252         -14.557          104.995
  312 (vir)           95.138          -1.089          -2.804         -14.503          105.749
  313 (vir)           95.662          -0.878          -2.578         -13.429          105.635
  314 (vir)           95.810          -0.927          -2.933         -14.284          106.233
  315 (vir)           96.587          -0.533          -2.414         -13.579          107.219
  316 (vir)           96.798          -0.963          -2.408         -13.276          106.704
  317 (vir)           97.170          -1.013          -2.609         -13.682          107.230
  318 (vir)           98.343          -1.104          -3.323         -14.773          108.690
  319 (vir)           98.967          -1.058          -3.152         -14.753          109.509
  320 (vir)          100.541          -0.864          -2.621         -14.321          111.377
  321 (vir)          100.899          -0.795          -2.307         -13.013          110.810
  322 (vir)          101.644          -0.683          -2.988         -14.675          112.648
  323 (vir)          101.913          -0.823          -2.866         -14.706          112.929
  324 (vir)          102.197          -1.920          -4.391         -17.178          113.064
  325 (vir)          102.867          -0.465          -1.663         -11.921          112.659
  326 (vir)          103.304          -1.046          -2.716         -14.661          114.203
  327 (vir)          103.395          -1.039          -3.071         -14.921          114.205
  328 (vir)          103.649          -0.949          -3.019         -14.638          114.319
  329 (vir)          104.912          -0.148          -1.937         -12.444          115.271
  330 (vir)          106.026          -1.240          -3.340         -15.566          117.011
  331 (vir)          106.324          -1.988          -4.157         -16.978          117.158
  332 (vir)          106.670          -1.600          -3.561         -16.006          117.514
  333 (vir)          107.328          -1.047          -3.367         -15.698          118.612
  334 (vir)          107.391          -1.975          -4.071         -16.886          118.231
  335 (vir)          107.866          -0.753          -2.850         -14.956          119.220
  336 (vir)          107.986          -1.511          -3.756         -16.110          118.829
  337 (vir)          108.860          -0.958          -3.436         -15.896          120.362
  338 (vir)          109.240          -1.510          -3.806         -16.786          120.711
  339 (vir)          110.245          -0.952          -2.974         -15.426          121.745
  340 (vir)          110.507          -1.364          -3.559         -16.402          121.985
  341 (vir)          111.262          -1.268          -3.197         -15.526          122.323
  342 (vir)          112.422          -0.562          -2.264         -13.985          123.581
  343 (vir)          112.485          -0.663          -3.280         -15.793          124.335
  344 (vir)          112.774          -0.849          -2.875         -14.958          124.008
  345 (vir)          114.452          -0.851          -2.448         -14.419          125.571
  346 (vir)          114.824          -1.285          -3.962         -17.150          126.728
  347 (vir)          115.081          -1.141          -3.359         -16.088          126.668
  348 (vir)          115.316          -1.173          -2.636         -14.755          126.263
  349 (vir)          116.209          -0.965          -3.938         -17.346          128.652
  350 (vir)          116.283          -1.888          -3.442         -16.140          127.093
  351 (vir)          117.205          -1.105          -4.516         -18.617          130.201
  352 (vir)          117.613          -0.945          -3.522         -16.493          129.639
  353 (vir)          118.317          -0.528          -2.809         -15.391          130.371
  354 (vir)          118.954          -1.023          -3.477         -16.441          130.895
  355 (vir)          121.088          -0.637          -2.901         -15.516          133.066
  356 (vir)          121.772          -1.219          -3.410         -16.327          133.470
  357 (vir)          122.308          -1.122          -3.245         -16.038          133.980
  358 (vir)          122.785          -1.411          -3.925         -17.364          134.813
  359 (vir)          123.116          -1.001          -2.577         -14.906          134.445
  360 (vir)          124.373          -1.175          -4.139         -17.853          136.912
  361 (vir)          125.925          -1.122          -3.201         -16.257          137.859
  362 (vir)          126.363          -1.659          -3.757         -16.482          137.430
  363 (vir)          127.805          -0.789          -3.125         -16.022          139.913
  364 (vir)          128.172          -1.003          -3.092         -16.014          140.092
  365 (vir)          129.313          -0.671          -3.664         -16.945          141.922
  366 (vir)          130.523          -0.635          -3.058         -16.245          143.074
  367 (vir)          131.129          -0.603          -2.839         -15.690          143.377
  368 (vir)          131.257          -0.708          -3.181         -16.862          144.230
  369 (vir)          132.619          -1.010          -3.588         -17.168          145.190
  370 (vir)          133.218          -0.453          -3.026         -16.140          145.878
  371 (vir)          133.949           0.038          -1.965         -14.521          146.543
  372 (vir)          134.623          -0.658          -2.735         -15.760          146.991
  373 (vir)          135.208          -0.716          -3.974         -18.430          148.947
  374 (vir)          136.053          -0.844          -4.424         -19.267          150.051
  375 (vir)          136.130          -0.219          -3.040         -16.530          149.401
  376 (vir)          137.240          -0.260          -2.659         -15.752          150.072
  377 (vir)          137.626          -0.341          -2.365         -15.437          150.357
  378 (vir)          138.206          -0.499          -2.957         -16.383          151.133
  379 (vir)          140.143          -0.316          -2.387         -15.387          152.827
  380 (vir)          140.678          -0.199          -3.000         -16.593          154.072
  381 (vir)          140.711          -0.559          -3.209         -17.004          153.947
  382 (vir)          141.729           0.054          -3.169         -17.037          155.652
  383 (vir)          142.005          -0.140          -1.933         -14.683          154.616
  384 (vir)          143.064          -0.288          -3.201         -17.202          156.777
  385 (vir)          143.132          -0.133          -1.966         -14.774          155.807
  386 (vir)          143.141          -0.166          -2.565         -15.874          156.284
  387 (vir)          143.730          -0.078          -1.717         -14.181          156.117
  388 (vir)          144.685          -0.278          -2.803         -16.369          157.973
  389 (vir)          144.711          -0.142          -1.937         -14.623          157.255
  390 (vir)          145.104           0.043          -1.698         -14.316          157.765
  391 (vir)          145.502          -0.134          -2.510         -15.853          158.711
  392 (vir)          146.702          -0.274          -2.273         -15.479          159.633
  393 (vir)          147.573          -0.048          -1.854         -14.532          160.203
  394 (vir)          147.971          -0.038          -2.336         -15.479          161.076
  395 (vir)          149.017          -0.041          -2.533         -15.826          162.269
  396 (vir)          149.269          -0.334          -2.348         -15.832          162.418
  397 (vir)          149.697          -0.017          -2.034         -14.940          162.587
  398 (vir)          149.897          -0.029          -1.838         -14.678          162.708
  399 (vir)          150.139          -0.043          -2.422         -15.819          163.494
  400 (vir)          150.423          -0.236          -1.740         -14.170          162.617
  401 (vir)          151.421          -0.434          -3.250         -17.296          165.033
  402 (vir)          152.096           0.042          -1.998         -14.904          165.044
  403 (vir)          152.601          -0.329          -1.677         -14.350          164.945
  404 (vir)          153.143          -0.078          -2.425         -15.780          166.421
  405 (vir)          153.389          -0.111          -1.464         -13.437          165.252
  406 (vir)          154.238           0.002          -2.218         -15.338          167.360
  407 (vir)          154.407          -0.028          -1.692         -14.416          167.103
  408 (vir)          155.218          -0.093          -1.875         -14.962          168.212
  409 (vir)          155.536          -0.070          -2.019         -15.088          168.536
  410 (vir)          156.630           0.168          -1.378         -13.274          168.694
  411 (vir)          156.641          -0.110          -2.108         -15.173          169.596
  412 (vir)          156.784           0.003          -2.159         -15.456          170.084
  413 (vir)          156.954          -0.132          -1.884         -15.084          170.022
  414 (vir)          158.012          -0.207          -2.126         -15.324          171.003
  415 (vir)          158.470           0.113          -1.982         -14.708          171.310
  416 (vir)          158.781          -0.083          -1.754         -14.673          171.617
  417 (vir)          159.017          -0.031          -2.229         -15.213          171.970
  418 (vir)          159.185           0.329          -0.905         -11.853          170.462
  419 (vir)          159.204          -0.097          -1.625         -14.237          171.719
  420 (vir)          159.457           0.219          -1.474         -13.236          171.439
  421 (vir)          160.933          -0.317          -1.685         -14.637          173.568
  422 (vir)          161.020           0.006          -2.355         -15.673          174.345
  423 (vir)          161.162          -0.106          -1.638         -14.466          173.884
  424 (vir)          162.238          -0.042          -2.253         -15.690          175.633
  425 (vir)          162.419           0.054          -1.626         -14.311          175.159
  426 (vir)          162.824          -0.252          -2.564         -16.277          176.284
  427 (vir)          163.846          -0.032          -2.166         -15.642          177.290
  428 (vir)          164.055          -0.332          -1.673         -14.589          176.639
  429 (vir)          164.362          -0.149          -1.721         -14.781          177.274
  430 (vir)          164.498          -0.152          -2.156         -15.609          177.799
  431 (vir)          164.896          -0.230          -2.386         -15.955          178.235
  432 (vir)          165.224          -0.324          -2.627         -16.477          178.750
  433 (vir)          165.295          -0.138          -1.730         -14.779          178.206
  434 (vir)          165.711          -0.292          -2.621         -16.565          179.363
  435 (vir)          166.934          -0.270          -1.860         -14.997          179.801
  436 (vir)          166.983          -0.135          -1.671         -14.654          179.832
  437 (vir)          167.114          -0.089          -2.059         -15.172          180.138
  438 (vir)          167.687          -0.042          -1.638         -14.556          180.563
  439 (vir)          167.960          -0.210          -1.980         -15.140          180.910
  440 (vir)          168.481          -0.169          -1.570         -14.336          181.079
  441 (vir)          168.728          -0.005          -1.814         -14.413          181.322
  442 (vir)          169.320          -0.286          -2.025         -15.763          182.772
  443 (vir)          169.633           0.017          -1.890         -14.831          182.592
  444 (vir)          170.315          -0.169          -1.478         -14.144          182.813
  445 (vir)          170.352          -0.252          -1.907         -15.208          183.401
  446 (vir)          171.068          -0.091          -1.902         -15.369          184.445
  447 (vir)          171.197          -0.208          -1.701         -14.912          184.199
  448 (vir)          171.392          -0.084          -2.280         -15.805          184.832
  449 (vir)          172.218          -0.227          -1.897         -15.394          185.489
  450 (vir)          172.787          -0.214          -2.128         -15.644          186.088
  451 (vir)          173.807          -0.067          -1.680         -14.754          186.814
  452 (vir)          174.249          -0.037          -1.680         -14.495          187.027
  453 (vir)          174.688          -0.145          -1.870         -15.116          187.789
  454 (vir)          175.243           0.073          -2.037         -15.537          188.816
  455 (vir)          175.944          -0.024          -2.075         -15.808          189.653
  456 (vir)          176.577          -0.258          -1.796         -15.500          190.023
  457 (vir)          176.670          -0.143          -2.131         -15.735          190.132
  458 (vir)          176.944          -0.333          -1.802         -15.523          190.331
  459 (vir)          177.718           0.002          -2.060         -15.685          191.344
  460 (vir)          177.774          -0.237          -1.931         -15.934          191.540
  461 (vir)          179.343          -0.227          -2.549         -16.798          193.365
  462 (vir)          179.533           0.342          -2.538         -16.372          193.709
  463 (vir)          179.785          -0.191          -1.721         -15.391          193.265
  464 (vir)          181.221          -0.263          -2.338         -16.445          195.065
  465 (vir)          181.271          -0.362          -1.880         -15.777          194.806
  466 (vir)          181.850          -0.355          -2.105         -15.955          195.345
  467 (vir)          182.043          -0.184          -1.750         -15.443          195.553
  468 (vir)          183.064          -0.022          -2.098         -15.868          196.811
  469 (vir)          183.566          -0.089          -1.542         -14.699          196.635
  470 (vir)          183.875          -0.329          -2.691         -16.994          197.849
  471 (vir)          184.770           0.007          -2.315         -16.346          198.808
  472 (vir)          185.970          -0.247          -1.759         -15.576          199.539
  473 (vir)          186.162          -0.499          -2.543         -16.699          199.819
  474 (vir)          186.679          -0.150          -1.641         -14.913          199.801
  475 (vir)          187.663          -0.364          -2.313         -16.944          201.930
  476 (vir)          188.256          -0.166          -1.611         -14.973          201.452
  477 (vir)          188.282          -0.493          -2.887         -17.173          202.075
  478 (vir)          189.414          -0.042          -2.376         -16.620          203.617
  479 (vir)          189.690          -0.252          -2.725         -17.157          203.870
  480 (vir)          189.715          -0.063          -1.575         -14.605          202.682
  481 (vir)          190.591          -0.373          -2.764         -17.617          205.070
  482 (vir)          191.908          -0.175          -2.758         -17.154          206.129
  483 (vir)          191.916           0.010          -1.313         -14.021          204.635
  484 (vir)          192.141           0.094          -2.621         -16.995          206.610
  485 (vir)          192.676          -0.167          -1.756         -15.458          206.211
  486 (vir)          192.842          -0.090          -2.048         -15.958          206.660
  487 (vir)          193.594           0.087          -2.402         -16.033          207.311
  488 (vir)          194.428          -0.107          -2.374         -16.325          208.271
  489 (vir)          195.268          -0.259          -1.715         -15.117          208.411
  490 (vir)          195.333           0.103          -1.354         -14.297          208.379
  491 (vir)          197.075           0.167          -1.392         -14.125          209.976
  492 (vir)          197.256           1.045          -3.122         -17.284          212.463
  493 (vir)          197.476          -0.084          -1.846         -15.740          211.286
  494 (vir)          198.992          -0.154          -1.353         -14.486          211.971
  495 (vir)          199.099           0.841          -1.835         -14.986          213.091
  496 (vir)          199.362           0.203          -1.893         -15.419          213.091
  497 (vir)          200.121          -0.133          -1.695         -15.488          213.781
  498 (vir)          201.000           0.024          -2.155         -15.766          214.635
  499 (vir)          201.092          -0.171          -1.746         -15.595          214.770
  500 (vir)          201.552           0.154          -1.636         -14.757          214.827
  501 (vir)          202.284          -0.484          -1.092         -13.445          214.153
  502 (vir)          202.318           0.058          -2.133         -15.904          216.147
  503 (vir)          203.120          -0.454          -1.834         -15.149          215.980
  504 (vir)          204.049          -0.014          -1.882         -15.600          217.753
  505 (vir)          204.426          -0.471          -1.949         -15.633          217.640
  506 (vir)          205.097           0.005          -1.907         -15.576          218.770
  507 (vir)          205.337          -0.100          -1.106         -13.591          217.723
  508 (vir)          205.522           0.653          -1.190         -13.285          218.270
  509 (vir)          205.715          -0.026          -1.282         -14.240          218.646
  510 (vir)          206.342          -0.024          -1.772         -15.081          219.627
  511 (vir)          207.403           0.036          -1.914         -16.059          221.584
  512 (vir)          207.805          -0.098          -2.355         -16.802          222.155
  513 (vir)          207.837           0.761          -0.957         -13.214          220.855
  514 (vir)          209.020           0.212          -1.644         -14.406          221.995
  515 (vir)          209.110           0.216          -1.129         -13.673          221.869
  516 (vir)          210.072           0.051          -1.245         -14.159          223.037
  517 (vir)          210.172           0.502          -1.615         -14.968          224.026
  518 (vir)          210.638           0.132          -1.647         -15.046          224.169
  519 (vir)          211.210           0.454          -1.019         -13.348          223.993
  520 (vir)          212.092           0.042          -1.879         -15.663          225.919
  521 (vir)          212.793           0.049          -1.545         -15.307          226.604
  522 (vir)          213.133          -1.003          -2.074         -15.698          225.754
  523 (vir)          213.491          -0.101          -2.307         -16.931          228.014
  524 (vir)          213.911           0.447          -0.914         -12.802          226.247
  525 (vir)          214.135          -0.370          -1.844         -15.748          227.667
  526 (vir)          215.274           0.255          -1.772         -15.263          229.020
  527 (vir)          215.327           0.011          -1.564         -15.392          229.167
  528 (vir)          216.175          -0.088          -1.811         -15.265          229.542
  529 (vir)          217.421           0.107          -1.820         -15.479          231.187
  530 (vir)          217.604          -0.162          -1.586         -15.507          231.362
  531 (vir)          217.929          -0.018          -1.630         -15.308          231.588
  532 (vir)          217.963          -0.419          -1.807         -16.389          232.126
  533 (vir)          218.138          -0.137          -1.990         -16.442          232.453
  534 (vir)          219.167           0.213          -1.313         -14.108          232.175
  535 (vir)          219.521          -0.146          -1.630         -15.883          233.628
  536 (vir)          220.687           0.467          -1.524         -14.793          234.424
  537 (vir)          220.904           0.054          -1.702         -15.382          234.637
  538 (vir)          221.337          -0.169          -1.622         -15.786          235.332
  539 (vir)          222.305           0.122          -1.477         -14.966          235.915
  540 (vir)          222.935           0.052          -2.019         -16.455          237.423
  541 (vir)          223.469          -0.297          -1.594         -15.727          237.305
  542 (vir)          223.635          -0.209          -1.910         -16.068          237.583
  543 (vir)          224.580           0.370          -1.188         -14.291          238.053
  544 (vir)          224.989          -0.261          -1.491         -14.940          238.177
  545 (vir)          225.129           0.635          -0.982         -13.642          238.425
  546 (vir)          225.256           0.458          -1.223         -14.412          238.904
  547 (vir)          225.566           0.059          -1.478         -15.189          239.336
  548 (vir)          226.386           0.409          -1.541         -15.158          240.413
  549 (vir)          226.690           0.042          -1.499         -15.294          240.527
  550 (vir)          226.958           0.707          -1.093         -13.800          240.373
  551 (vir)          227.221           0.511          -1.897         -15.529          241.363
  552 (vir)          228.846           0.300          -1.672         -15.224          242.698
  553 (vir)          229.421           0.020          -1.478         -15.481          243.445
  554 (vir)          229.568           0.450          -1.580         -15.190          243.628
  555 (vir)          230.742           0.324          -2.153         -16.366          245.279
  556 (vir)          231.197           0.192          -1.749         -15.680          245.321
  557 (vir)          231.217           0.381          -1.291         -15.097          245.404
  558 (vir)          232.203          -0.144          -2.141         -16.920          246.838
  559 (vir)          232.505           0.130          -1.235         -14.625          246.025
  560 (vir)          232.599          -0.645          -2.069         -17.000          246.883
  561 (vir)          233.965          -0.462          -2.159         -17.293          248.636
  562 (vir)          234.262          -0.302          -1.995         -16.600          248.564
  563 (vir)          236.145           0.217          -1.999         -16.425          250.787
  564 (vir)          236.147           0.108          -1.665         -16.410          251.000
  565 (vir)          237.383           0.246          -1.721         -15.748          251.655
  566 (vir)          237.878          -0.357          -2.159         -18.034          253.396
  567 (vir)          238.189          -0.134          -2.346         -18.807          254.515
  568 (vir)          238.542          -0.130          -2.229         -18.368          254.552
  569 (vir)          238.802          -0.105          -2.378         -18.845          255.164
  570 (vir)          238.932           0.008          -2.286         -18.557          255.211
  571 (vir)          239.256           0.386          -1.230         -14.592          253.005
  572 (vir)          239.930           0.095          -1.706         -16.206          254.525
  573 (vir)          240.420           0.466          -1.064         -14.136          253.958
  574 (vir)          241.196          -0.067          -1.682         -16.594          256.040
  575 (vir)          241.551           0.512          -1.219         -14.406          255.250
  576 (vir)          242.353          -0.286          -1.911         -17.319          257.475
  577 (vir)          242.666           0.056          -1.995         -17.049          257.777
  578 (vir)          242.828           0.184          -1.464         -15.463          257.011
  579 (vir)          243.650          -0.630          -1.753         -16.775          258.042
  580 (vir)          244.128           0.212          -1.642         -16.247          258.945
  581 (vir)          244.478          -0.988          -2.148         -18.189          259.531
  582 (vir)          244.977          -0.644          -1.732         -16.755          259.356
  583 (vir)          245.795          -0.145          -2.401         -18.838          262.087
  584 (vir)          245.848          -0.121          -2.163         -18.159          261.724
  585 (vir)          246.121          -0.905          -2.347         -18.978          261.847
  586 (vir)          247.750          -0.571          -2.310         -18.934          263.803
  587 (vir)          247.837          -0.707          -2.052         -18.128          263.206
  588 (vir)          248.772          -0.304          -2.275         -17.772          263.965
  589 (vir)          249.862          -0.773          -2.352         -17.869          264.607
  590 (vir)          251.605          -0.195          -2.112         -17.471          266.769
  591 (vir)          253.628          -0.544          -3.645         -20.983          270.422
  592 (vir)          254.687          -0.696          -2.400         -19.180          270.770
  593 (vir)          254.696          -0.785          -4.102         -21.817          271.626
  594 (vir)          255.827          -0.064          -3.260         -19.925          272.427
  595 (vir)          256.945          -0.212          -2.866         -19.430          273.298
  596 (vir)          258.952          -0.435          -2.533         -18.652          274.636
  597 (vir)          260.099          -0.120          -1.932         -17.451          275.499
  598 (vir)          260.761          -0.598          -2.321         -18.469          276.311
  599 (vir)          261.082          -0.627          -2.321         -18.814          276.947
  600 (vir)          261.364           0.289          -2.513         -18.209          277.349
  601 (vir)          261.526          -0.454          -2.401         -18.637          277.307
  602 (vir)          262.798          -0.191          -2.463         -18.532          278.677
  603 (vir)          263.668          -0.811          -2.361         -19.035          279.531
  604 (vir)          264.376          -0.079          -1.911         -17.279          279.664
  605 (vir)          264.408           0.643          -0.962         -14.330          278.418
  606 (vir)          266.008          -0.077          -1.390         -15.944          280.485
  607 (vir)          266.119           0.591          -1.144         -14.919          280.485
  608 (vir)          266.437          -0.453          -2.607         -19.344          282.721
  609 (vir)          267.708          -0.339          -2.369         -18.598          283.596
  610 (vir)          268.585          -0.279          -2.294         -19.259          285.272
  611 (vir)          269.108           0.449          -1.352         -15.799          284.004
  612 (vir)          269.484          -0.424          -3.079         -19.994          285.975
  613 (vir)          270.284           0.484          -1.776         -17.030          286.021
  614 (vir)          272.483          -0.442          -2.321         -19.442          289.162
  615 (vir)          272.596          -0.457          -2.528         -19.141          288.752
  616 (vir)          273.913          -0.384          -2.824         -19.977          290.683
  617 (vir)          275.091          -0.566          -2.299         -19.040          291.267
  618 (vir)          275.582          -0.130          -1.654         -16.985          290.782
  619 (vir)          276.190          -0.262          -1.902         -17.619          291.646
  620 (vir)          277.974          -0.725          -2.666         -20.320          294.902
  621 (vir)          278.479          -0.765          -2.677         -20.440          295.476
  622 (vir)          278.590          -0.030          -1.757         -17.132          293.935
  623 (vir)          279.324          -0.764          -2.585         -20.226          296.200
  624 (vir)          279.566          -0.164          -2.501         -18.749          295.650
  625 (vir)          281.940           0.154          -1.116         -15.520          296.498
  626 (vir)          283.476          -0.123          -2.593         -19.347          300.107
  627 (vir)          287.403          -0.041          -3.412         -20.779          304.729
  628 (vir)          288.084          -0.052          -2.924         -19.813          304.921
  629 (vir)          289.399          -0.078          -3.958         -21.548          306.911
  630 (vir)          291.774          -0.627          -2.775         -20.633          309.005
  631 (vir)          292.477          -0.601          -3.172         -20.863          309.567
  632 (vir)          294.837           0.254          -3.932         -21.706          312.865
  633 (vir)          295.824          -2.046          -3.516         -23.181          313.443
  634 (vir)          296.490          -2.134          -3.487         -23.113          313.982
  635 (vir)          296.840          -2.071          -3.352         -22.254          313.671
  636 (vir)          297.439          -1.793          -3.380         -21.842          314.108
  637 (vir)          298.055          -3.389          -3.442         -22.782          314.006
  638 (vir)          304.856          -0.436          -3.134         -21.251          322.537
  639 (vir)          307.254          -1.455          -3.243         -22.716          325.272
  640 (vir)          307.813          -1.469          -3.233         -22.698          325.809
  641 (vir)          310.514          -0.495          -1.731         -17.747          326.034
  642 (vir)          310.619          -0.269          -3.304         -21.596          328.642
  643 (vir)          311.599          -0.442          -1.713         -17.699          327.142
  644 (vir)          312.210          -1.366          -3.180         -22.414          330.077
  645 (vir)          313.613          -1.330          -3.065         -22.087          331.304
  646 (vir)          315.548          -0.824          -3.150         -21.376          332.950
  647 (vir)          316.506          -0.890          -3.271         -22.044          334.389
  648 (vir)          317.640          -1.183          -2.447         -20.246          334.256
  649 (vir)          318.193          -1.353          -2.956         -22.103          335.987
  650 (vir)          318.795          -0.941          -3.506         -22.372          336.720
  651 (vir)          319.232          -0.667          -3.247         -21.529          336.848
  652 (vir)          319.740          -0.812          -2.066         -18.859          335.722
  653 (vir)          320.074          -0.839          -3.621         -22.551          338.164
  654 (vir)          321.517          -1.022          -3.728         -23.050          339.816
  655 (vir)          322.347          -0.805          -3.202         -21.686          340.026
  656 (vir)          325.459          -0.421          -2.217         -19.422          342.243
  657 (vir)          325.844          -1.848          -4.401         -25.662          345.258
  658 (vir)          326.579          -1.891          -4.359         -25.564          345.893
  659 (vir)          327.381          -1.134          -3.081         -22.276          345.442
  660 (vir)          328.834          -0.868          -2.431         -20.139          345.674
  661 (vir)          329.743          -1.043          -2.759         -21.112          347.053
  662 (vir)          331.041          -1.496          -3.644         -23.547          349.448
  663 (vir)          332.453          -1.709          -3.936         -24.579          351.386
  664 (vir)          341.513           0.462          -2.270         -18.494          358.200
  665 (vir)          352.384          -1.208          -3.692         -24.584          372.069
  666 (vir)          352.783          -1.198          -3.704         -24.606          372.486
  667 (vir)          358.073           0.710          -2.819         -19.586          375.550
  668 (vir)          360.962          -1.083          -3.788         -24.770          380.861
  669 (vir)          365.765          -0.986          -3.567         -24.280          385.492
  670 (vir)          379.597          -0.913          -9.502         -31.775          400.958
  671 (vir)          381.732          -0.870          -9.602         -31.904          403.165
  672 (vir)          387.126          -0.931          -4.742         -26.603          408.055
  673 (vir)          387.648          -0.951          -4.670         -26.552          408.579
  674 (vir)          400.881          -0.185          -3.363         -21.500          418.833
  675 (vir)          402.517          -0.153          -3.260         -21.326          420.429
  676 (vir)          758.497          -0.418         -12.954         -46.221          791.346
  677 (vir)          763.680          -0.436         -12.824         -46.086          796.506
  678 (vir)          767.947          -0.487         -12.791         -46.067          800.736
  679 (vir)          779.744          -0.548         -12.612         -45.876          812.461
  680 (vir)          785.870          -0.534         -12.486         -45.672          818.522
  681 (vir)         1025.878          -1.202         -15.239         -54.042         1063.479
  682 (vir)         1026.914          -1.209         -15.217         -54.026         1064.515
  683 (vir)         1301.765          -1.309         -18.018         -62.278         1344.716
  684 (vir)         1303.323          -1.308         -18.002         -62.261         1346.273
  685 (vir)         3989.782          -1.809         -14.766         -94.550         4067.756
  686 (vir)         3993.072          -1.810         -14.741         -94.524         4071.045
  687 (vir)         3997.809          -1.806         -14.729         -94.515         4075.788
  688 (vir)         4010.430          -1.801         -14.680         -94.476         4088.423
  689 (vir)         4016.959          -1.798         -14.649         -94.433         4094.946
  690 (vir)         5351.027          -1.847         -17.556        -110.384         5442.008
  691 (vir)         5352.140          -1.847         -17.545        -110.374         5443.121
  692 (vir)         6869.413          -1.869         -20.611        -126.349         6973.282
  693 (vir)         6871.120          -1.869         -20.607        -126.346         6974.990
