 
  kpoint:     0.0000    0.0000    0.0000
 
    n          ϵ_nk^DFT (eV)     Σ^c_nk (eV)     Σ^x_nk (eV)     v_n^xc (eV)   ϵ_nk^G0W0 (eV)
 
    1 (occ)       -11541.316           3.171        -606.937        -374.542       -11770.540
    2 (occ)       -11541.316           3.171        -606.937        -374.542       -11770.540
    3 (occ)        -1447.631           3.827        -222.249        -136.071        -1529.983
    4 (occ)        -1447.631           3.826        -222.249        -136.071        -1529.984
    5 (occ)        -1294.782           4.325        -215.852        -144.098        -1362.211
    6 (occ)        -1294.782           4.325        -215.852        -144.098        -1362.211
    7 (occ)        -1294.782           4.326        -215.852        -144.098        -1362.211
    8 (occ)        -1294.782           4.326        -215.852        -144.098        -1362.211
    9 (occ)        -1294.722           4.327        -215.907        -144.113        -1362.189
   10 (occ)        -1294.722           4.328        -215.907        -144.113        -1362.188
   11 (occ)         -183.433          10.036         -94.637         -59.042         -208.992
   12 (occ)         -183.429          10.010         -94.638         -59.047         -209.010
   13 (occ)         -131.827          -6.731         -86.113         -57.339         -167.332
   14 (occ)         -131.827          -6.731         -86.113         -57.339         -167.332
   15 (occ)         -131.824          -2.799         -86.114         -57.343         -163.395
   16 (occ)         -131.824          -2.799         -86.114         -57.343         -163.395
   17 (occ)         -131.692           2.808         -86.222         -57.346         -157.759
   18 (occ)         -131.659           0.106         -86.262         -57.392         -160.424
   19 (occ)          -41.399           9.032         -67.537         -50.867          -49.036
   20 (occ)          -41.309           8.945         -67.889         -51.233          -49.020
   21 (occ)          -41.309           8.945         -67.889         -51.233          -49.020
   22 (occ)          -41.291           9.053         -67.923         -51.280          -48.882
   23 (occ)          -41.291           9.053         -67.923         -51.280          -48.882
   24 (occ)          -41.274           9.015         -67.781         -51.105          -48.935
   25 (occ)          -41.274           9.015         -67.781         -51.105          -48.935
   26 (occ)          -41.127           9.088         -68.100         -51.434          -48.706
   27 (occ)          -41.127           9.088         -68.100         -51.434          -48.706
   28 (occ)          -41.008           9.034         -68.246         -51.574          -48.645
   29 (occ)          -16.502           5.308         -22.390         -15.741          -17.843
   30 (occ)          -11.972           2.008         -19.401         -15.042          -14.323
   31 (occ)           -6.790           0.094         -16.516         -13.487           -9.724
   32 (occ)           -6.565          -0.505         -14.107         -11.709           -9.468
   33 (occ)           -6.565          -0.505         -14.107         -11.709           -9.468
   34 (vir)           -3.427          -1.377          -7.445         -11.391           -0.858
   35 (vir)           -3.427          -1.377          -7.445         -11.391           -0.858
   36 (vir)            0.036          -1.326          -4.319          -7.795            2.186
   37 (vir)            1.987          -1.419          -2.978          -6.641            4.231
   38 (vir)            2.850          -0.992          -2.034          -5.046            4.870
   39 (vir)            2.850          -0.992          -2.034          -5.046            4.870
   40 (vir)            3.006          -1.234          -2.107          -5.084            4.749
   41 (vir)            3.682          -2.007          -4.595          -8.701            5.783
   42 (vir)            4.307          -1.320          -1.882          -5.070            6.174
   43 (vir)            4.307          -1.320          -1.882          -5.070            6.174
   44 (vir)            4.425          -2.078          -3.712          -8.306            6.941
   45 (vir)            4.425          -2.078          -3.712          -8.306            6.941
   46 (vir)            5.526          -2.198          -4.418          -9.534            8.445
   47 (vir)            5.526          -2.198          -4.418          -9.534            8.445
   48 (vir)            6.713          -1.668          -1.895          -5.294            8.443
   49 (vir)            7.717          -3.579          -2.925          -8.179            9.392
   50 (vir)            7.717          -3.579          -2.925          -8.179            9.392
   51 (vir)           10.900          -2.775          -3.706          -8.843           13.262
   52 (vir)           12.115          -3.643          -2.649          -8.125           13.948
   53 (vir)           12.115          -3.643          -2.649          -8.125           13.948
   54 (vir)           15.161          -2.979          -3.561          -8.995           17.615
   55 (vir)           17.697          -3.617          -3.310          -9.732           20.502
   56 (vir)           17.953          -3.773          -1.843          -8.330           20.667
   57 (vir)           17.953          -3.773          -1.843          -8.330           20.667
   58 (vir)           18.103          -3.560          -1.480          -7.661           20.724
   59 (vir)           18.103          -3.560          -1.480          -7.661           20.724
   60 (vir)           19.691          -3.532          -3.340          -9.833           22.651
   61 (vir)           19.691          -3.532          -3.340          -9.833           22.651
   62 (vir)           21.568          -4.006          -1.258          -7.661           23.964
   63 (vir)           21.568          -4.006          -1.258          -7.661           23.964
   64 (vir)           22.246          -3.548          -4.568         -11.780           25.910
   65 (vir)           22.246          -3.548          -4.568         -11.780           25.910
   66 (vir)           22.874          -3.585          -4.147         -10.916           26.058
   67 (vir)           22.874          -3.585          -4.147         -10.916           26.058
   68 (vir)           24.796          -2.719          -4.243         -10.581           28.414
   69 (vir)           25.748          -2.686          -5.205         -12.354           30.211
   70 (vir)           26.658          -1.385          -2.033          -9.134           32.373
   71 (vir)           26.658          -1.385          -2.033          -9.133           32.373
   72 (vir)           27.054           0.438          -2.280          -9.066           34.278
   73 (vir)           28.018          -2.798          -5.775         -13.801           33.247
   74 (vir)           28.018          -2.798          -5.775         -13.801           33.247
   75 (vir)           29.605          -2.384          -6.187         -14.032           35.066
   76 (vir)           30.268          -1.221          -4.992         -12.772           36.827
   77 (vir)           30.268          -1.221          -4.992         -12.772           36.827
   78 (vir)           30.817          -2.410          -4.109         -11.990           36.288
   79 (vir)           30.817          -2.410          -4.109         -11.990           36.288
   80 (vir)           32.040          -1.987          -5.039         -12.668           37.682
   81 (vir)           32.040          -1.987          -5.039         -12.668           37.682
   82 (vir)           34.871          -1.854          -6.542         -15.087           41.562
   83 (vir)           36.561          -0.117          -2.280          -9.823           43.988
   84 (vir)           36.561          -0.117          -2.280          -9.823           43.988
   85 (vir)           40.137           0.064          -2.779         -10.958           48.380
   86 (vir)           52.788          -0.466          -2.942         -12.641           62.021
   87 (vir)           52.788          -0.466          -2.942         -12.641           62.021
   88 (vir)           53.763           0.266          -2.315         -11.808           63.523
   89 (vir)           53.763           0.266          -2.315         -11.808           63.523
   90 (vir)           54.427          -0.884          -3.248         -13.152           63.447
   91 (vir)           55.721          -0.872          -5.125         -14.195           63.919
   92 (vir)           56.301           0.588          -1.689         -11.167           66.367
   93 (vir)           56.301           0.588          -1.689         -11.167           66.367
   94 (vir)           58.201          -3.122          -2.856         -12.594           64.817
   95 (vir)           58.201          -3.122          -2.856         -12.594           64.817
   96 (vir)           59.316           0.346          -2.862         -12.611           69.411
   97 (vir)           59.316           0.346          -2.862         -12.611           69.411
   98 (vir)           59.573           0.487          -1.396         -10.672           69.335
   99 (vir)           59.573           0.487          -1.396         -10.672           69.335
  100 (vir)           61.097          -0.922          -2.543         -12.566           70.198
  101 (vir)           61.097          -0.922          -2.543         -12.566           70.198
  102 (vir)           61.121           0.243          -1.361         -10.689           70.692
  103 (vir)           61.121           0.243          -1.361         -10.689           70.692
  104 (vir)           61.571          -2.297          -3.043         -13.043           69.275
  105 (vir)           61.571          -2.296          -3.043         -13.043           69.275
  106 (vir)           65.827           0.373          -1.464         -11.147           75.882
  107 (vir)           65.827           0.373          -1.464         -11.147           75.882
  108 (vir)           66.387          -0.925          -3.325         -13.544           75.680
  109 (vir)           66.387          -0.925          -3.325         -13.544           75.680
  110 (vir)           67.729          -0.878          -3.725         -14.133           77.258
  111 (vir)           73.255           0.009          -2.506         -12.852           83.609
  112 (vir)           73.255           0.009          -2.506         -12.852           83.609
  113 (vir)           76.869           0.584          -1.508         -11.517           87.463
  114 (vir)           76.869           0.584          -1.508         -11.517           87.463
  115 (vir)           77.864          -0.229          -3.782         -14.607           88.459
  116 (vir)           78.990          -0.239          -4.085         -14.796           89.462
  117 (vir)           81.299          -0.486          -4.369         -15.281           91.724
  118 (vir)           81.299          -0.486          -4.369         -15.281           91.724
  119 (vir)           85.773           0.225          -8.501         -21.115           98.611
  120 (vir)           85.773           0.225          -8.501         -21.115           98.611
  121 (vir)           89.045          -1.192          -8.632         -21.559          100.780
  122 (vir)           89.045          -1.192          -8.632         -21.559          100.780
  123 (vir)           89.643          -1.063          -8.708         -21.408          101.280
  124 (vir)           95.347          -2.418         -10.533         -24.581          106.978
  125 (vir)           99.204          -2.227         -12.565         -27.934          112.346
  126 (vir)           99.204          -2.226         -12.565         -27.934          112.346
  127 (vir)          100.186          -2.329         -12.676         -28.159          113.340
  128 (vir)          100.186          -2.329         -12.676         -28.159          113.340
  129 (vir)          101.337          -2.184         -12.342         -27.728          114.539
  130 (vir)          101.337          -2.184         -12.342         -27.728          114.539
  131 (vir)          109.291          -1.864         -12.469         -28.430          123.388
  132 (vir)          115.315          -0.743          -9.702         -24.706          129.576
  133 (vir)          115.315          -0.743          -9.702         -24.706          129.576
  134 (vir)          147.950           7.413          -8.989         -24.656          171.029
  135 (vir)          152.326          -0.370         -13.223         -29.648          168.381
  136 (vir)          162.040          -0.728         -13.683         -30.470          178.099
  137 (vir)          306.899          -1.701         -22.770         -49.437          331.865
  138 (vir)          306.899          -1.701         -22.770         -49.437          331.865
  139 (vir)          309.296          -1.605         -22.688         -49.362          334.366
  140 (vir)          309.296          -1.605         -22.688         -49.362          334.366
  141 (vir)          313.720          -1.966         -22.667         -49.473          338.561
  142 (vir)          323.762          -1.985         -22.323         -49.167          348.621
  143 (vir)          578.819          -0.401         -25.364         -57.858          610.911
  144 (vir)          590.987          -0.462         -25.081         -57.669          623.114
  145 (vir)         1948.525          -1.643         -39.157         -96.204         2003.929
  146 (vir)         1959.533          -1.633         -39.018         -96.117         2015.000
  147 (vir)         6606.974          -1.466         -67.183        -174.168         6712.492
  148 (vir)         6617.174          -1.463         -67.119        -174.130         6722.722
  149 (vir)        38803.957          -1.644        -120.078        -407.114        39089.350
  150 (vir)        38822.485          -1.643        -120.055        -407.135        39107.922
