 
  kpoint:     0.0000    0.0000    0.0000
 
    n          ϵ_nk^DFT (eV)     Σ^c_nk (eV)     Σ^x_nk (eV)     v_n^xc (eV)   ϵ_nk^G0W0 (eV)
 
    1 (occ)       -24530.172           2.707        -879.241        -540.461       -24866.245
    2 (occ)       -24530.172           2.707        -879.241        -540.461       -24866.245
    3 (occ)        -3537.709           4.087        -340.689        -206.825        -3667.487
    4 (occ)        -3537.709           4.087        -340.689        -206.825        -3667.487
    5 (occ)        -3292.211           4.580        -335.311        -219.550        -3403.391
    6 (occ)        -3292.211           4.580        -335.311        -219.550        -3403.391
    7 (occ)        -3292.208           4.579        -335.326        -219.556        -3403.399
    8 (occ)        -3292.208           4.579        -335.326        -219.556        -3403.399
    9 (occ)        -3292.208           4.579        -335.326        -219.556        -3403.399
   10 (occ)        -3292.208           4.579        -335.326        -219.556        -3403.399
   11 (occ)         -645.275           4.444        -157.162         -96.696         -701.296
   12 (occ)         -645.275           4.445        -157.162         -96.696         -701.295
   13 (occ)         -546.311          11.536        -149.066         -97.617         -586.224
   14 (occ)         -546.311          11.536        -149.066         -97.617         -586.224
   15 (occ)         -546.311          11.528        -149.066         -97.617         -586.232
   16 (occ)         -546.311          11.528        -149.066         -97.617         -586.232
   17 (occ)         -546.295          11.690        -149.076         -97.619         -586.062
   18 (occ)         -546.295          11.670        -149.077         -97.621         -586.081
   19 (occ)         -363.413           8.380        -135.254         -98.576         -391.711
   20 (occ)         -363.413           8.380        -135.254         -98.576         -391.711
   21 (occ)         -363.413           8.380        -135.254         -98.576         -391.711
   22 (occ)         -363.413           8.380        -135.254         -98.576         -391.711
   23 (occ)         -363.402           8.375        -135.251         -98.579         -391.699
   24 (occ)         -363.402           8.375        -135.251         -98.579         -391.699
   25 (occ)         -363.402           8.374        -135.251         -98.579         -391.700
   26 (occ)         -363.402           8.374        -135.251         -98.579         -391.700
   27 (occ)         -363.399           8.366        -135.245         -98.579         -391.699
   28 (occ)         -363.399           8.365        -135.245         -98.579         -391.701
   29 (occ)          -87.588           9.269         -62.500         -40.679         -100.141
   30 (occ)          -87.563           9.293         -62.522         -40.709         -100.083
   31 (occ)          -56.673          10.218         -54.651         -37.907          -63.198
   32 (occ)          -56.493          10.158         -54.752         -38.044          -63.043
   33 (occ)          -56.493          10.158         -54.752         -38.044          -63.043
   34 (occ)          -56.473          10.163         -54.779         -38.075          -63.014
   35 (occ)          -56.473          10.163         -54.779         -38.075          -63.014
   36 (occ)          -56.467          10.056         -54.826         -38.170          -63.068
   37 (occ)           -8.760           4.185         -34.093         -27.115          -11.552
   38 (occ)           -8.283           4.340         -34.252         -27.222          -10.973
   39 (occ)           -8.283           4.340         -34.252         -27.222          -10.973
   40 (occ)           -7.759           4.239         -34.922         -27.921          -10.521
   41 (occ)           -7.759           4.239         -34.922         -27.921          -10.521
   42 (occ)           -7.561           4.192         -35.506         -28.505          -10.370
   43 (occ)           -7.561           4.192         -35.506         -28.505          -10.370
   44 (occ)           -7.278           3.884         -35.826         -28.999          -10.221
   45 (occ)           -7.278           3.884         -35.826         -28.999          -10.221
   46 (occ)           -7.090           3.673         -35.314         -28.670          -10.061
   47 (occ)           -4.767          -0.921         -10.789          -9.434           -7.044
   48 (vir)           -2.755          -1.607          -3.783          -7.234           -0.911
   49 (vir)           -1.146          -1.009          -2.164          -4.766            0.448
   50 (vir)           -1.146          -1.009          -2.164          -4.766            0.448
   51 (vir)           -0.611          -0.967          -2.167          -4.844            1.099
   52 (vir)            0.324          -1.026          -0.977          -2.808            1.128
   53 (vir)            0.324          -1.026          -0.977          -2.808            1.128
   54 (vir)            0.549          -0.318          -0.474          -1.294            1.051
   55 (vir)            1.013          -0.704          -0.877          -2.623            2.054
   56 (vir)            1.155          -0.453          -0.875          -2.202            2.029
   57 (vir)            1.155          -0.453          -0.875          -2.202            2.029
   58 (vir)            1.356          -0.508          -0.998          -2.440            2.290
   59 (vir)            2.040          -0.712          -1.281          -3.267            3.315
   60 (vir)            2.040          -0.712          -1.281          -3.267            3.315
   61 (vir)            2.448          -0.482          -0.457          -1.705            3.214
   62 (vir)            2.586          -0.787          -1.123          -3.359            4.035
   63 (vir)            2.586          -0.787          -1.123          -3.359            4.036
   64 (vir)            3.326          -0.930          -1.721          -3.992            4.668
   65 (vir)            3.737          -0.676          -1.087          -3.316            5.290
   66 (vir)            3.737          -0.676          -1.087          -3.316            5.290
   67 (vir)            4.041          -0.753          -0.667          -2.743            5.364
   68 (vir)            4.041          -0.753          -0.667          -2.743            5.364
   69 (vir)            5.116          -0.764          -1.565          -3.813            6.601
   70 (vir)            5.808          -0.630          -0.370          -2.399            7.206
   71 (vir)            5.808          -0.630          -0.370          -2.399            7.206
   72 (vir)            6.538          -0.760          -0.972          -3.073            7.877
   73 (vir)            7.161          -1.521          -2.392          -5.985            9.233
   74 (vir)            7.161          -1.521          -2.392          -5.985            9.233
   75 (vir)            7.557          -1.123          -1.815          -5.148            9.767
   76 (vir)            8.241          -1.465          -2.545          -6.395           10.625
   77 (vir)            8.241          -1.465          -2.545          -6.395           10.625
   78 (vir)            8.705          -1.485          -2.780          -6.903           11.343
   79 (vir)            9.847          -1.539          -3.973          -8.192           12.526
   80 (vir)           11.050          -0.844          -3.272          -7.219           14.154
   81 (vir)           11.050          -0.844          -3.271          -7.219           14.154
   82 (vir)           11.810          -1.018          -4.120          -8.434           15.106
   83 (vir)           11.810          -1.018          -4.120          -8.434           15.106
   84 (vir)           12.911          -0.740          -3.012          -7.067           16.226
   85 (vir)           12.911          -0.740          -3.012          -7.067           16.226
   86 (vir)           14.271          -1.137          -2.292          -6.480           17.323
   87 (vir)           14.424          -1.004          -3.698          -8.051           17.773
   88 (vir)           15.133          -0.866          -2.587          -6.839           18.518
   89 (vir)           15.133          -0.866          -2.587          -6.839           18.518
   90 (vir)           18.182          -1.580          -3.408          -8.673           21.867
   91 (vir)           27.768          -1.851          -5.950         -13.380           33.348
   92 (vir)           27.768          -1.851          -5.950         -13.380           33.348
   93 (vir)           27.848          -2.192          -6.580         -14.114           33.190
   94 (vir)           29.556          -1.751          -6.109         -13.789           35.485
   95 (vir)           29.556          -1.751          -6.109         -13.789           35.485
   96 (vir)           30.942          -1.816          -6.309         -14.146           36.964
   97 (vir)           30.942          -1.816          -6.309         -14.146           36.964
   98 (vir)           31.376          -1.859          -6.380         -14.279           37.416
   99 (vir)           31.376          -1.859          -6.380         -14.279           37.416
  100 (vir)           32.984          -2.041          -6.707         -14.850           39.086
  101 (vir)           32.984          -2.041          -6.707         -14.850           39.086
  102 (vir)           35.925          -2.314          -6.984         -15.179           41.805
  103 (vir)           35.970          -2.463          -6.896         -15.378           41.989
  104 (vir)           35.970          -2.463          -6.896         -15.378           41.989
  105 (vir)           36.973          -2.473          -6.594         -15.320           43.225
  106 (vir)           36.973          -2.473          -6.594         -15.320           43.225
  107 (vir)           38.042          -2.313          -6.806         -14.877           43.800
  108 (vir)           38.042          -2.313          -6.806         -14.877           43.800
  109 (vir)           38.137          -2.437          -6.999         -15.128           43.830
  110 (vir)           38.137          -2.437          -6.999         -15.128           43.830
  111 (vir)           38.192          -2.625          -7.393         -15.769           43.943
  112 (vir)           39.147          -2.488          -6.980         -15.134           44.813
  113 (vir)           39.147          -2.488          -6.980         -15.134           44.813
  114 (vir)           39.630          -2.316          -6.826         -15.441           45.930
  115 (vir)           39.630          -2.316          -6.826         -15.441           45.930
  116 (vir)           41.561          -2.889          -7.583         -16.419           47.508
  117 (vir)           41.561          -2.889          -7.583         -16.419           47.508
  118 (vir)           41.693          -2.338          -6.354         -14.901           47.902
  119 (vir)           42.493          -2.366          -6.711         -15.630           49.047
  120 (vir)           50.686          -3.656          -9.462         -19.983           57.552
  121 (vir)           66.951          -2.594         -12.175         -24.712           76.894
  122 (vir)           75.630          -3.275         -11.887         -24.948           85.416
  123 (vir)           78.658          -5.277         -12.888         -27.804           88.296
  124 (vir)           78.658          -5.277         -12.888         -27.804           88.296
  125 (vir)           78.989          -5.113         -12.791         -27.653           88.738
  126 (vir)           78.989          -5.113         -12.791         -27.653           88.738
  127 (vir)           80.068          -5.140         -12.560         -27.411           89.780
  128 (vir)           80.068          -5.140         -12.560         -27.411           89.780
  129 (vir)           80.443          -5.187         -12.482         -27.333           90.108
  130 (vir)           80.443          -5.187         -12.482         -27.333           90.108
  131 (vir)           81.926          -5.242         -12.184         -27.054           91.554
  132 (vir)           81.926          -5.242         -12.184         -27.054           91.554
  133 (vir)           83.450          -5.403         -12.047         -27.004           93.004
  134 (vir)           86.868          -5.211         -11.257         -26.113           96.513
  135 (vir)           86.868          -5.211         -11.257         -26.113           96.513
  136 (vir)           95.344          -4.532         -10.393         -25.001          105.421
  137 (vir)          121.377          -4.191         -12.247         -28.623          133.562
  138 (vir)          121.377          -4.191         -12.247         -28.623          133.562
  139 (vir)          121.625          -4.133         -12.159         -28.454          133.787
  140 (vir)          121.625          -4.133         -12.159         -28.454          133.787
  141 (vir)          122.695          -4.172         -12.084         -28.370          134.808
  142 (vir)          122.695          -4.172         -12.084         -28.370          134.808
  143 (vir)          124.835          -4.138         -11.895         -28.184          136.986
  144 (vir)          124.835          -4.138         -11.895         -28.184          136.986
  145 (vir)          125.604          -4.394         -12.169         -28.749          137.789
  146 (vir)          126.587          -3.774         -11.502         -27.715          139.026
  147 (vir)          146.879          -2.949          -9.532         -27.123          161.521
  148 (vir)          147.509          -3.059          -7.545         -24.986          161.891
  149 (vir)          147.509          -3.059          -7.545         -24.986          161.891
  150 (vir)          147.525          -3.103          -7.540         -24.985          161.868
  151 (vir)          147.525          -3.103          -7.540         -24.985          161.868
  152 (vir)          147.551          -3.079          -7.550         -24.992          161.915
  153 (vir)          147.551          -3.079          -7.550         -24.992          161.915
  154 (vir)          147.552          -3.085          -7.549         -24.992          161.910
  155 (vir)          147.552          -3.085          -7.549         -24.992          161.910
  156 (vir)          147.593          -3.047          -7.616         -25.055          161.985
  157 (vir)          147.593          -3.047          -7.616         -25.055          161.985
  158 (vir)          147.597          -3.112          -7.556         -25.000          161.929
  159 (vir)          147.597          -3.112          -7.556         -25.000          161.929
  160 (vir)          147.597          -3.111          -7.556         -25.000          161.929
  161 (vir)          147.597          -3.111          -7.556         -25.000          161.929
  162 (vir)          147.859          -3.205          -7.557         -25.016          162.112
  163 (vir)          147.859          -3.205          -7.557         -25.016          162.112
  164 (vir)          148.409          -3.115          -8.911         -26.481          162.863
  165 (vir)          149.858          -3.442         -17.232         -35.680          164.864
  166 (vir)          149.858          -3.442         -17.232         -35.680          164.864
  167 (vir)          151.125          -3.508         -17.220         -35.697          166.093
  168 (vir)          151.125          -3.508         -17.220         -35.697          166.093
  169 (vir)          151.695          -3.148         -15.297         -33.631          166.883
  170 (vir)          162.654          -3.615         -15.335         -33.956          177.660
  171 (vir)          235.475          -2.549         -13.084         -36.407          256.249
  172 (vir)          235.475          -2.549         -13.084         -36.407          256.249
  173 (vir)          235.699          -2.538         -13.081         -36.390          256.471
  174 (vir)          235.699          -2.538         -13.081         -36.390          256.471
  175 (vir)          236.474          -2.743         -13.031         -36.317          257.018
  176 (vir)          236.474          -2.743         -13.031         -36.317          257.018
  177 (vir)          236.737          -2.790         -13.015         -36.295          257.227
  178 (vir)          236.737          -2.790         -13.015         -36.295          257.227
  179 (vir)          237.833          -2.774         -12.955         -36.216          258.321
  180 (vir)          237.834          -2.774         -12.955         -36.216          258.321
  181 (vir)          239.319          -2.837         -12.874         -36.118          259.727
  182 (vir)          241.581          -2.907         -12.755         -35.934          261.854
  183 (vir)          241.581          -2.907         -12.755         -35.934          261.854
  184 (vir)          246.794          -2.957         -12.568         -35.621          266.889
  185 (vir)          359.685          -1.327         -24.274         -50.055          384.140
  186 (vir)          369.671          -1.390         -23.935         -49.886          394.232
  187 (vir)          385.598          -1.946         -27.170         -57.753          414.235
  188 (vir)          385.599          -1.946         -27.170         -57.752          414.235
  189 (vir)          385.655          -1.918         -27.176         -57.763          414.325
  190 (vir)          385.655          -1.918         -27.176         -57.763          414.325
  191 (vir)          386.379          -1.965         -27.139         -57.720          414.995
  192 (vir)          386.380          -1.965         -27.139         -57.719          414.995
  193 (vir)          388.025          -1.945         -27.092         -57.673          416.661
  194 (vir)          388.025          -1.945         -27.092         -57.673          416.661
  195 (vir)          389.317          -2.021         -26.995         -57.574          417.875
  196 (vir)          390.272          -1.971         -26.959         -57.474          418.817
  197 (vir)         1321.440          -1.599         -39.026         -87.706         1368.520
  198 (vir)         1330.437          -1.588         -38.872         -87.596         1377.573
  199 (vir)         4241.082          -1.715         -59.869        -145.525         4325.024
  200 (vir)         4249.381          -1.709         -59.791        -145.478         4333.359
  201 (vir)        13935.016          -1.257         -99.740        -256.747        14090.767
  202 (vir)        13942.853          -1.255         -99.705        -256.729        14098.622
  203 (vir)        81444.496          -1.517        -174.493        -590.885        81859.371
  204 (vir)        81459.189          -1.517        -174.481        -590.897        81874.089
